10.000	0.076
20.000	0.075
30.000	0.076
40.000	0.072
50.000	0.065
60.000	0.071
70.000	0.073
80.000	0.075
90.000	0.069
100.000	0.073
110.000	0.068
120.000	0.066
130.000	0.071
140.000	0.072
150.000	0.075
160.000	0.073
170.000	0.075
180.000	0.073
190.000	0.072
200.000	0.074
210.000	0.079
220.000	0.076
230.000	0.076
240.000	0.074
250.000	0.072
260.000	0.079
270.000	0.077
280.000	0.076
290.000	0.071
300.000	0.064
310.000	0.073
320.000	0.074
330.000	0.072
340.000	0.074
350.000	0.074
360.000	0.073
370.000	0.076
380.000	0.078
390.000	0.076
400.000	0.075
410.000	0.076
420.000	0.075
430.000	0.077
440.000	0.078
450.000	0.079
460.000	0.076
470.000	0.077
480.000	0.074
490.000	0.074
500.000	0.074
510.000	0.082
520.000	0.077
530.000	0.075
540.000	0.075
550.000	0.078
560.000	0.069
570.000	0.075
580.000	0.072
590.000	0.077
600.000	0.077
610.000	0.079
620.000	0.072
630.000	0.073
640.000	0.075
650.000	0.075
660.000	0.072
670.000	0.073
680.000	0.070
690.000	0.074
700.000	0.076
710.000	0.072
720.000	0.076
730.000	0.077
740.000	0.077
750.000	0.072
760.000	0.073
770.000	0.072
780.000	0.069
790.000	0.076
800.000	0.079
810.000	0.080
820.000	0.076
830.000	0.075
840.000	0.074
850.000	0.071
860.000	0.076
870.000	0.071
880.000	0.076
890.000	0.078
900.000	0.077
910.000	0.072
920.000	0.072
930.000	0.076
940.000	0.075
950.000	0.075
960.000	0.080
970.000	0.078
980.000	0.079
990.000	0.077
1000.000	0.071
1010.000	0.069
1020.000	0.072
1030.000	0.069
1040.000	0.072
1050.000	0.069
1060.000	0.077
1070.000	0.075
1080.000	0.076
1090.000	0.073
1100.000	0.075
1110.000	0.075
1120.000	0.077
1130.000	0.076
1140.000	0.079
1150.000	0.074
1160.000	0.071
1170.000	0.070
1180.000	0.071
1190.000	0.069
1200.000	0.074
1210.000	0.080
1220.000	0.083
1230.000	0.079
1240.000	0.079
1250.000	0.081
1260.000	0.077
1270.000	0.082
1280.000	0.084
1290.000	0.082
1300.000	0.087
1310.000	0.079
1320.000	0.076
1330.000	0.076
1340.000	0.075
1350.000	0.073
1360.000	0.074
1370.000	0.069
1380.000	0.075
1390.000	0.077
1400.000	0.073
1410.000	0.078
1420.000	0.077
1430.000	0.081
1440.000	0.078
1450.000	0.075
1460.000	0.073
1470.000	0.071
1480.000	0.070
1490.000	0.070
1500.000	0.073
1510.000	0.079
1520.000	0.076
1530.000	0.078
1540.000	0.075
1550.000	0.076
1560.000	0.078
1570.000	0.072
1580.000	0.072
1590.000	0.082
1600.000	0.078
1610.000	0.075
1620.000	0.077
1630.000	0.074
1640.000	0.071
1650.000	0.068
1660.000	0.072
1670.000	0.072
1680.000	0.072
1690.000	0.073
1700.000	0.076
1710.000	0.071
1720.000	0.079
1730.000	0.081
1740.000	0.083
1750.000	0.076
1760.000	0.077
1770.000	0.072
1780.000	0.079
1790.000	0.081
1800.000	0.077
1810.000	0.079
1820.000	0.069
1830.000	0.070
1840.000	0.068
1850.000	0.070
1860.000	0.071
1870.000	0.075
1880.000	0.080
1890.000	0.079
1900.000	0.079
1910.000	0.077
1920.000	0.071
1930.000	0.073
1940.000	0.071
1950.000	0.072
1960.000	0.068
1970.000	0.067
1980.000	0.070
1990.000	0.068
2000.000	0.076
2010.000	0.076
2020.000	0.077
2030.000	0.077
2040.000	0.074
2050.000	0.069
2060.000	0.068
2070.000	0.070
2080.000	0.074
2090.000	0.078
2100.000	0.076
2110.000	0.075
2120.000	0.074
2130.000	0.077
2140.000	0.077
2150.000	0.076
2160.000	0.076
2170.000	0.073
2180.000	0.073
2190.000	0.078
2200.000	0.073
2210.000	0.070
2220.000	0.073
2230.000	0.072
2240.000	0.074
2250.000	0.076
2260.000	0.071
2270.000	0.069
2280.000	0.069
2290.000	0.071
2300.000	0.077
2310.000	0.073
2320.000	0.077
2330.000	0.078
2340.000	0.073
2350.000	0.067
2360.000	0.070
2370.000	0.071
2380.000	0.074
2390.000	0.070
2400.000	0.071
2410.000	0.072
2420.000	0.073
2430.000	0.076
2440.000	0.072
2450.000	0.071
2460.000	0.073
2470.000	0.077
2480.000	0.075
2490.000	0.075
2500.000	0.075
2510.000	0.074
2520.000	0.078
2530.000	0.084
2540.000	0.085
2550.000	0.077
2560.000	0.075
2570.000	0.069
2580.000	0.068
2590.000	0.071
2600.000	0.068
2610.000	0.073
2620.000	0.080
2630.000	0.080
2640.000	0.070
2650.000	0.068
2660.000	0.073
2670.000	0.074
2680.000	0.068
2690.000	0.072
2700.000	0.073
2710.000	0.073
2720.000	0.072
2730.000	0.074
2740.000	0.071
2750.000	0.073
2760.000	0.074
2770.000	0.070
2780.000	0.076
2790.000	0.072
2800.000	0.076
2810.000	0.077
2820.000	0.078
2830.000	0.080
2840.000	0.078
2850.000	0.071
2860.000	0.067
2870.000	0.070
2880.000	0.076
2890.000	0.077
2900.000	0.078
2910.000	0.077
2920.000	0.074
2930.000	0.077
2940.000	0.073
2950.000	0.068
2960.000	0.068
2970.000	0.070
2980.000	0.073
2990.000	0.073
3000.000	0.076
3010.000	0.081
3020.000	0.079
3030.000	0.085
3040.000	0.081
3050.000	0.080
3060.000	0.073
3070.000	0.076
3080.000	0.073
3090.000	0.074
3100.000	0.070
3110.000	0.067
3120.000	0.074
3130.000	0.076
3140.000	0.077
3150.000	0.074
3160.000	0.073
3170.000	0.078
3180.000	0.076
3190.000	0.074
3200.000	0.074
3210.000	0.073
3220.000	0.074
3230.000	0.076
3240.000	0.078
3250.000	0.074
3260.000	0.075
3270.000	0.075
3280.000	0.072
3290.000	0.075
3300.000	0.079
3310.000	0.077
3320.000	0.075
3330.000	0.078
3340.000	0.071
3350.000	0.073
3360.000	0.076
3370.000	0.074
3380.000	0.077
3390.000	0.075
3400.000	0.068
3410.000	0.071
3420.000	0.073
3430.000	0.072
3440.000	0.069
3450.000	0.073
3460.000	0.075
3470.000	0.070
3480.000	0.073
3490.000	0.069
3500.000	0.071
3510.000	0.074
3520.000	0.072
3530.000	0.073
3540.000	0.077
3550.000	0.073
3560.000	0.082
3570.000	0.082
3580.000	0.083
3590.000	0.076
3600.000	0.077
3610.000	0.079
3620.000	0.079
3630.000	0.076
3640.000	0.079
3650.000	0.078
3660.000	0.073
3670.000	0.079
3680.000	0.072
3690.000	0.070
3700.000	0.076
3710.000	0.074
3720.000	0.076
3730.000	0.072
3740.000	0.072
3750.000	0.072
3760.000	0.073
3770.000	0.077
3780.000	0.077
3790.000	0.073
3800.000	0.076
3810.000	0.074
3820.000	0.073
3830.000	0.071
3840.000	0.070
3850.000	0.074
3860.000	0.071
3870.000	0.069
3880.000	0.077
3890.000	0.077
3900.000	0.072
3910.000	0.074
3920.000	0.079
3930.000	0.075
3940.000	0.075
3950.000	0.072
3960.000	0.075
3970.000	0.072
3980.000	0.076
3990.000	0.079
4000.000	0.076
4010.000	0.078
4020.000	0.084
4030.000	0.079
4040.000	0.077
4050.000	0.072
4060.000	0.077
4070.000	0.075
4080.000	0.078
4090.000	0.076
4100.000	0.077
4110.000	0.075
4120.000	0.077
4130.000	0.075
4140.000	0.074
4150.000	0.073
4160.000	0.073
4170.000	0.076
4180.000	0.074
4190.000	0.071
4200.000	0.074
4210.000	0.070
4220.000	0.072
4230.000	0.073
4240.000	0.072
4250.000	0.078
4260.000	0.083
4270.000	0.082
4280.000	0.079
4290.000	0.076
4300.000	0.077
4310.000	0.075
4320.000	0.077
4330.000	0.074
4340.000	0.075
4350.000	0.072
4360.000	0.075
4370.000	0.078
4380.000	0.078
4390.000	0.079
4400.000	0.081
4410.000	0.076
4420.000	0.076
4430.000	0.080
4440.000	0.077
4450.000	0.076
4460.000	0.075
4470.000	0.075
4480.000	0.072
4490.000	0.079
4500.000	0.083
4510.000	0.076
4520.000	0.074
4530.000	0.079
4540.000	0.075
4550.000	0.076
4560.000	0.079
4570.000	0.076
4580.000	0.078
4590.000	0.079
4600.000	0.076
4610.000	0.077
4620.000	0.080
4630.000	0.078
4640.000	0.076
4650.000	0.075
4660.000	0.080
4670.000	0.080
4680.000	0.076
4690.000	0.078
4700.000	0.086
4710.000	0.083
4720.000	0.084
4730.000	0.085
4740.000	0.082
4750.000	0.082
4760.000	0.078
4770.000	0.083
4780.000	0.082
4790.000	0.078
4800.000	0.078
4810.000	0.073
4820.000	0.076
4830.000	0.075
4840.000	0.082
4850.000	0.081
4860.000	0.082
4870.000	0.082
4880.000	0.087
4890.000	0.084
4900.000	0.086
4910.000	0.078
4920.000	0.083
4930.000	0.079
4940.000	0.079
4950.000	0.081
4960.000	0.078
4970.000	0.082
4980.000	0.083
4990.000	0.085
5000.000	0.083
5010.000	0.080
5020.000	0.079
5030.000	0.073
5040.000	0.075
5050.000	0.076
5060.000	0.070
5070.000	0.078
5080.000	0.082
5090.000	0.083
5100.000	0.076
5110.000	0.076
5120.000	0.082
5130.000	0.079
5140.000	0.078
5150.000	0.075
5160.000	0.076
5170.000	0.082
5180.000	0.081
5190.000	0.083
5200.000	0.080
5210.000	0.081
5220.000	0.082
5230.000	0.079
5240.000	0.073
5250.000	0.078
5260.000	0.076
5270.000	0.081
5280.000	0.078
5290.000	0.077
5300.000	0.081
5310.000	0.080
5320.000	0.078
5330.000	0.081
5340.000	0.082
5350.000	0.087
5360.000	0.076
5370.000	0.076
5380.000	0.074
5390.000	0.075
5400.000	0.077
5410.000	0.080
5420.000	0.083
5430.000	0.080
5440.000	0.079
5450.000	0.081
5460.000	0.080
5470.000	0.079
5480.000	0.073
5490.000	0.072
5500.000	0.077
5510.000	0.079
5520.000	0.081
5530.000	0.081
5540.000	0.086
5550.000	0.083
5560.000	0.080
5570.000	0.081
5580.000	0.083
5590.000	0.077
5600.000	0.075
5610.000	0.075
5620.000	0.079
5630.000	0.081
5640.000	0.074
5650.000	0.086
5660.000	0.087
5670.000	0.082
5680.000	0.082
5690.000	0.079
5700.000	0.080
5710.000	0.084
5720.000	0.082
5730.000	0.081
5740.000	0.081
5750.000	0.078
5760.000	0.085
5770.000	0.087
5780.000	0.088
5790.000	0.087
5800.000	0.083
5810.000	0.081
5820.000	0.085
5830.000	0.083
5840.000	0.082
5850.000	0.091
5860.000	0.089
5870.000	0.079
5880.000	0.084
5890.000	0.079
5900.000	0.077
5910.000	0.084
5920.000	0.085
5930.000	0.079
5940.000	0.081
5950.000	0.080
5960.000	0.077
5970.000	0.078
5980.000	0.082
5990.000	0.079
6000.000	0.079
6010.000	0.085
6020.000	0.079
6030.000	0.085
6040.000	0.086
6050.000	0.084
6060.000	0.080
6070.000	0.080
6080.000	0.082
6090.000	0.079
6100.000	0.076
6110.000	0.083
6120.000	0.083
6130.000	0.082
6140.000	0.084
6150.000	0.080
6160.000	0.083
6170.000	0.085
6180.000	0.081
6190.000	0.081
6200.000	0.079
6210.000	0.084
6220.000	0.083
6230.000	0.083
6240.000	0.085
6250.000	0.081
6260.000	0.084
6270.000	0.082
6280.000	0.087
6290.000	0.087
6300.000	0.083
6310.000	0.085
6320.000	0.086
6330.000	0.082
6340.000	0.082
6350.000	0.086
6360.000	0.085
6370.000	0.085
6380.000	0.082
6390.000	0.081
6400.000	0.087
6410.000	0.090
6420.000	0.089
6430.000	0.087
6440.000	0.083
6450.000	0.080
6460.000	0.078
6470.000	0.082
6480.000	0.086
6490.000	0.082
6500.000	0.087
6510.000	0.086
6520.000	0.086
6530.000	0.089
6540.000	0.081
6550.000	0.082
6560.000	0.081
6570.000	0.089
6580.000	0.087
6590.000	0.085
6600.000	0.076
6610.000	0.083
6620.000	0.083
6630.000	0.082
6640.000	0.085
6650.000	0.087
6660.000	0.090
6670.000	0.089
6680.000	0.089
6690.000	0.089
6700.000	0.089
6710.000	0.083
6720.000	0.082
6730.000	0.078
6740.000	0.080
6750.000	0.084
6760.000	0.087
6770.000	0.087
6780.000	0.087
6790.000	0.082
6800.000	0.079
6810.000	0.084
6820.000	0.090
6830.000	0.085
6840.000	0.086
6850.000	0.085
6860.000	0.082
6870.000	0.081
6880.000	0.083
6890.000	0.087
6900.000	0.084
6910.000	0.091
6920.000	0.088
6930.000	0.087
6940.000	0.090
6950.000	0.087
6960.000	0.086
6970.000	0.087
6980.000	0.092
6990.000	0.088
7000.000	0.084
7010.000	0.080
7020.000	0.087
7030.000	0.081
7040.000	0.089
7050.000	0.091
7060.000	0.091
7070.000	0.097
7080.000	0.091
7090.000	0.084
7100.000	0.091
7110.000	0.086
7120.000	0.091
7130.000	0.087
7140.000	0.088
7150.000	0.085
7160.000	0.087
7170.000	0.086
7180.000	0.086
7190.000	0.087
7200.000	0.092
7210.000	0.092
7220.000	0.091
7230.000	0.089
7240.000	0.090
7250.000	0.088
7260.000	0.088
7270.000	0.086
7280.000	0.088
7290.000	0.088
7300.000	0.089
7310.000	0.098
7320.000	0.090
7330.000	0.091
7340.000	0.092
7350.000	0.096
7360.000	0.094
7370.000	0.094
7380.000	0.090
7390.000	0.089
7400.000	0.092
7410.000	0.090
7420.000	0.088
7430.000	0.086
7440.000	0.085
7450.000	0.089
7460.000	0.095
7470.000	0.094
7480.000	0.088
7490.000	0.091
7500.000	0.091
7510.000	0.092
7520.000	0.100
7530.000	0.095
7540.000	0.094
7550.000	0.090
7560.000	0.091
7570.000	0.091
7580.000	0.087
7590.000	0.087
7600.000	0.086
7610.000	0.097
7620.000	0.101
7630.000	0.098
7640.000	0.096
7650.000	0.094
7660.000	0.091
7670.000	0.085
7680.000	0.091
7690.000	0.091
7700.000	0.090
7710.000	0.086
7720.000	0.088
7730.000	0.089
7740.000	0.095
7750.000	0.090
7760.000	0.094
7770.000	0.090
7780.000	0.098
7790.000	0.086
7800.000	0.085
7810.000	0.089
7820.000	0.095
7830.000	0.095
7840.000	0.094
7850.000	0.096
7860.000	0.096
7870.000	0.094
7880.000	0.091
7890.000	0.087
7900.000	0.085
7910.000	0.089
7920.000	0.088
7930.000	0.090
7940.000	0.085
7950.000	0.086
7960.000	0.087
7970.000	0.081
7980.000	0.084
7990.000	0.095
8000.000	0.095
8010.000	0.092
8020.000	0.092
8030.000	0.093
8040.000	0.095
8050.000	0.093
8060.000	0.088
8070.000	0.093
8080.000	0.094
8090.000	0.090
8100.000	0.093
8110.000	0.098
8120.000	0.097
8130.000	0.097
8140.000	0.095
8150.000	0.086
8160.000	0.088
8170.000	0.092
8180.000	0.095
8190.000	0.094
8200.000	0.088
8210.000	0.090
8220.000	0.095
8230.000	0.098
8240.000	0.100
8250.000	0.098
8260.000	0.096
8270.000	0.093
8280.000	0.095
8290.000	0.093
8300.000	0.088
8310.000	0.091
8320.000	0.097
8330.000	0.106
8340.000	0.102
8350.000	0.091
8360.000	0.095
8370.000	0.094
8380.000	0.096
8390.000	0.098
8400.000	0.092
8410.000	0.092
8420.000	0.094
8430.000	0.098
8440.000	0.099
8450.000	0.099
8460.000	0.099
8470.000	0.094
8480.000	0.094
8490.000	0.100
8500.000	0.096
8510.000	0.104
8520.000	0.092
8530.000	0.098
8540.000	0.102
8550.000	0.098
8560.000	0.097
8570.000	0.090
8580.000	0.091
8590.000	0.112
8600.000	0.110
8610.000	0.100
8620.000	0.102
8630.000	0.095
8640.000	0.097
8650.000	0.098
8660.000	0.096
8670.000	0.097
8680.000	0.097
8690.000	0.092
8700.000	0.095
8710.000	0.100
8720.000	0.101
8730.000	0.100
8740.000	0.097
8750.000	0.088
8760.000	0.093
8770.000	0.095
8780.000	0.101
8790.000	0.099
8800.000	0.098
8810.000	0.094
8820.000	0.093
8830.000	0.092
8840.000	0.092
8850.000	0.094
8860.000	0.101
8870.000	0.097
8880.000	0.089
8890.000	0.093
8900.000	0.100
8910.000	0.101
8920.000	0.103
8930.000	0.102
8940.000	0.104
8950.000	0.104
8960.000	0.091
8970.000	0.089
8980.000	0.089
8990.000	0.096
9000.000	0.101
9010.000	0.096
9020.000	0.092
9030.000	0.095
9040.000	0.099
9050.000	0.101
9060.000	0.095
9070.000	0.100
9080.000	0.100
9090.000	0.098
9100.000	0.101
9110.000	0.104
9120.000	0.105
9130.000	0.100
9140.000	0.102
9150.000	0.100
9160.000	0.100
9170.000	0.105
9180.000	0.100
9190.000	0.098
9200.000	0.099
9210.000	0.098
9220.000	0.100
9230.000	0.105
9240.000	0.101
9250.000	0.107
9260.000	0.102
9270.000	0.102
9280.000	0.096
9290.000	0.103
9300.000	0.104
9310.000	0.096
9320.000	0.101
9330.000	0.101
9340.000	0.102
9350.000	0.096
9360.000	0.096
9370.000	0.102
9380.000	0.111
9390.000	0.100
9400.000	0.100
9410.000	0.101
9420.000	0.098
9430.000	0.096
9440.000	0.107
9450.000	0.101
9460.000	0.102
9470.000	0.106
9480.000	0.101
9490.000	0.092
9500.000	0.097
9510.000	0.102
9520.000	0.106
9530.000	0.106
9540.000	0.103
9550.000	0.106
9560.000	0.106
9570.000	0.104
9580.000	0.107
9590.000	0.108
9600.000	0.104
9610.000	0.101
9620.000	0.107
9630.000	0.113
9640.000	0.100
9650.000	0.096
9660.000	0.100
9670.000	0.102
9680.000	0.105
9690.000	0.101
9700.000	0.102
9710.000	0.105
9720.000	0.110
9730.000	0.110
9740.000	0.110
9750.000	0.105
9760.000	0.101
9770.000	0.098
9780.000	0.104
9790.000	0.101
9800.000	0.095
9810.000	0.102
9820.000	0.101
9830.000	0.106
9840.000	0.116
9850.000	0.106
9860.000	0.111
9870.000	0.111
9880.000	0.111
9890.000	0.110
9900.000	0.102
9910.000	0.108
9920.000	0.101
9930.000	0.102
9940.000	0.104
9950.000	0.104
9960.000	0.103
9970.000	0.106
9980.000	0.104
9990.000	0.103
10000.000	0.098
10010.000	0.096
10020.000	0.101
10030.000	0.103
10040.000	0.104
10050.000	0.102
10060.000	0.102
10070.000	0.099
10080.000	0.098
10090.000	0.105
10100.000	0.106
10110.000	0.101
10120.000	0.107
10130.000	0.102
10140.000	0.109
10150.000	0.107
10160.000	0.105
10170.000	0.102
10180.000	0.107
10190.000	0.112
10200.000	0.109
10210.000	0.116
10220.000	0.116
10230.000	0.111
10240.000	0.109
10250.000	0.110
10260.000	0.107
10270.000	0.107
10280.000	0.102
10290.000	0.105
10300.000	0.101
10310.000	0.107
10320.000	0.107
10330.000	0.110
10340.000	0.106
10350.000	0.104
10360.000	0.106
10370.000	0.102
10380.000	0.103
10390.000	0.105
10400.000	0.111
10410.000	0.105
10420.000	0.114
10430.000	0.103
10440.000	0.111
10450.000	0.118
10460.000	0.114
10470.000	0.106
10480.000	0.109
10490.000	0.105
10500.000	0.104
10510.000	0.104
10520.000	0.107
10530.000	0.109
10540.000	0.115
10550.000	0.115
10560.000	0.115
10570.000	0.115
10580.000	0.110
10590.000	0.113
10600.000	0.112
10610.000	0.115
10620.000	0.114
10630.000	0.119
10640.000	0.114
10650.000	0.116
10660.000	0.109
10670.000	0.109
10680.000	0.113
10690.000	0.116
10700.000	0.118
10710.000	0.115
10720.000	0.112
10730.000	0.108
10740.000	0.112
10750.000	0.110
10760.000	0.109
10770.000	0.111
10780.000	0.112
10790.000	0.109
10800.000	0.113
10810.000	0.117
10820.000	0.111
10830.000	0.117
10840.000	0.118
10850.000	0.118
10860.000	0.123
10870.000	0.124
10880.000	0.119
10890.000	0.113
10900.000	0.107
10910.000	0.113
10920.000	0.114
10930.000	0.105
10940.000	0.108
10950.000	0.111
10960.000	0.109
10970.000	0.114
10980.000	0.112
10990.000	0.114
11000.000	0.114
11010.000	0.118
11020.000	0.109
11030.000	0.109
11040.000	0.111
11050.000	0.116
11060.000	0.111
11070.000	0.118
11080.000	0.113
11090.000	0.111
11100.000	0.116
11110.000	0.116
11120.000	0.117
11130.000	0.116
11140.000	0.126
11150.000	0.121
11160.000	0.123
11170.000	0.115
11180.000	0.110
11190.000	0.114
11200.000	0.113
11210.000	0.112
11220.000	0.108
11230.000	0.113
11240.000	0.114
11250.000	0.118
11260.000	0.116
11270.000	0.114
11280.000	0.109
11290.000	0.102
11300.000	0.113
11310.000	0.114
11320.000	0.127
11330.000	0.118
11340.000	0.122
11350.000	0.127
11360.000	0.129
11370.000	0.121
11380.000	0.125
11390.000	0.116
11400.000	0.111
11410.000	0.116
11420.000	0.115
11430.000	0.122
11440.000	0.118
11450.000	0.118
11460.000	0.116
11470.000	0.113
11480.000	0.113
11490.000	0.119
11500.000	0.121
11510.000	0.121
11520.000	0.118
11530.000	0.119
11540.000	0.129
11550.000	0.132
11560.000	0.120
11570.000	0.126
11580.000	0.123
11590.000	0.122
11600.000	0.121
11610.000	0.123
11620.000	0.123
11630.000	0.124
11640.000	0.122
11650.000	0.118
11660.000	0.121
11670.000	0.122
11680.000	0.122
11690.000	0.120
11700.000	0.119
11710.000	0.120
11720.000	0.127
11730.000	0.130
11740.000	0.130
11750.000	0.128
11760.000	0.126
11770.000	0.124
11780.000	0.126
11790.000	0.126
11800.000	0.129
11810.000	0.122
11820.000	0.122
11830.000	0.120
11840.000	0.120
11850.000	0.126
11860.000	0.124
11870.000	0.124
11880.000	0.120
11890.000	0.124
11900.000	0.122
11910.000	0.123
11920.000	0.127
11930.000	0.128
11940.000	0.135
11950.000	0.136
11960.000	0.133
11970.000	0.132
11980.000	0.132
11990.000	0.130
12000.000	0.123
12010.000	0.120
12020.000	0.121
12030.000	0.127
12040.000	0.126
12050.000	0.122
12060.000	0.125
12070.000	0.129
12080.000	0.129
12090.000	0.124
12100.000	0.122
12110.000	0.126
12120.000	0.126
12130.000	0.124
12140.000	0.124
12150.000	0.125
12160.000	0.128
12170.000	0.131
12180.000	0.136
12190.000	0.129
12200.000	0.127
12210.000	0.129
12220.000	0.122
12230.000	0.126
12240.000	0.127
12250.000	0.125
12260.000	0.134
12270.000	0.127
12280.000	0.133
12290.000	0.126
12300.000	0.128
12310.000	0.125
12320.000	0.130
12330.000	0.130
12340.000	0.126
12350.000	0.122
12360.000	0.121
12370.000	0.120
12380.000	0.116
12390.000	0.130
12400.000	0.132
12410.000	0.135
12420.000	0.129
12430.000	0.126
12440.000	0.130
12450.000	0.129
12460.000	0.127
12470.000	0.128
12480.000	0.129
12490.000	0.127
12500.000	0.130
12510.000	0.125
12520.000	0.122
12530.000	0.128
12540.000	0.138
12550.000	0.129
12560.000	0.130
12570.000	0.132
12580.000	0.135
12590.000	0.126
12600.000	0.120
12610.000	0.117
12620.000	0.126
12630.000	0.134
12640.000	0.140
12650.000	0.134
12660.000	0.127
12670.000	0.130
12680.000	0.127
12690.000	0.129
12700.000	0.121
12710.000	0.127
12720.000	0.121
12730.000	0.140
12740.000	0.132
12750.000	0.125
12760.000	0.134
12770.000	0.130
12780.000	0.135
12790.000	0.127
12800.000	0.131
12810.000	0.130
12820.000	0.125
12830.000	0.129
12840.000	0.132
12850.000	0.137
12860.000	0.135
12870.000	0.128
12880.000	0.133
12890.000	0.137
12900.000	0.132
12910.000	0.132
12920.000	0.132
12930.000	0.144
12940.000	0.132
12950.000	0.137
12960.000	0.133
12970.000	0.137
12980.000	0.132
12990.000	0.133
13000.000	0.131
13010.000	0.140
13020.000	0.139
13030.000	0.135
13040.000	0.138
13050.000	0.134
13060.000	0.135
13070.000	0.134
13080.000	0.138
13090.000	0.134
13100.000	0.136
13110.000	0.134
13120.000	0.130
13130.000	0.133
13140.000	0.127
13150.000	0.130
13160.000	0.131
13170.000	0.135
13180.000	0.137
13190.000	0.136
13200.000	0.134
13210.000	0.136
13220.000	0.139
13230.000	0.145
13240.000	0.145
13250.000	0.138
13260.000	0.142
13270.000	0.138
13280.000	0.138
13290.000	0.124
13300.000	0.127
13310.000	0.129
13320.000	0.130
13330.000	0.133
13340.000	0.137
13350.000	0.135
13360.000	0.142
13370.000	0.146
13380.000	0.147
13390.000	0.142
13400.000	0.141
13410.000	0.139
13420.000	0.138
13430.000	0.135
13440.000	0.141
13450.000	0.131
13460.000	0.136
13470.000	0.137
13480.000	0.134
13490.000	0.138
13500.000	0.130
13510.000	0.132
13520.000	0.138
13530.000	0.131
13540.000	0.136
13550.000	0.141
13560.000	0.142
13570.000	0.133
13580.000	0.140
13590.000	0.136
13600.000	0.139
13610.000	0.136
13620.000	0.140
13630.000	0.142
13640.000	0.137
13650.000	0.133
13660.000	0.130
13670.000	0.133
13680.000	0.139
13690.000	0.134
13700.000	0.141
13710.000	0.126
13720.000	0.133
13730.000	0.129
13740.000	0.132
13750.000	0.140
13760.000	0.140
13770.000	0.136
13780.000	0.147
13790.000	0.147
13800.000	0.141
13810.000	0.135
13820.000	0.136
13830.000	0.128
13840.000	0.131
13850.000	0.137
13860.000	0.135
13870.000	0.128
13880.000	0.142
13890.000	0.138
13900.000	0.135
13910.000	0.132
13920.000	0.147
13930.000	0.133
13940.000	0.126
13950.000	0.128
13960.000	0.135
13970.000	0.146
13980.000	0.145
13990.000	0.147
14000.000	0.146
14010.000	0.147
14020.000	0.149
14030.000	0.148
14040.000	0.157
14050.000	0.143
14060.000	0.140
14070.000	0.143
14080.000	0.144
14090.000	0.143
14100.000	0.142
14110.000	0.135
14120.000	0.139
14130.000	0.141
14140.000	0.146
14150.000	0.149
14160.000	0.138
14170.000	0.139
14180.000	0.136
14190.000	0.139
14200.000	0.135
14210.000	0.139
14220.000	0.140
14230.000	0.137
14240.000	0.140
14250.000	0.143
14260.000	0.132
14270.000	0.139
14280.000	0.139
14290.000	0.132
14300.000	0.134
14310.000	0.137
14320.000	0.134
14330.000	0.144
14340.000	0.146
14350.000	0.144
14360.000	0.147
14370.000	0.140
14380.000	0.145
14390.000	0.144
14400.000	0.148
14410.000	0.146
14420.000	0.141
14430.000	0.141
14440.000	0.145
14450.000	0.143
14460.000	0.139
14470.000	0.148
14480.000	0.142
14490.000	0.144
14500.000	0.151
14510.000	0.151
14520.000	0.152
14530.000	0.148
14540.000	0.139
14550.000	0.148
14560.000	0.153
14570.000	0.147
14580.000	0.147
14590.000	0.138
14600.000	0.137
14610.000	0.142
14620.000	0.148
14630.000	0.137
14640.000	0.136
14650.000	0.149
14660.000	0.151
14670.000	0.147
14680.000	0.144
14690.000	0.141
14700.000	0.135
14710.000	0.141
14720.000	0.138
14730.000	0.138
14740.000	0.149
14750.000	0.150
14760.000	0.150
14770.000	0.150
14780.000	0.139
14790.000	0.140
14800.000	0.143
14810.000	0.146
14820.000	0.138
14830.000	0.133
14840.000	0.135
14850.000	0.137
14860.000	0.130
14870.000	0.134
14880.000	0.145
14890.000	0.143
14900.000	0.142
14910.000	0.146
14920.000	0.145
14930.000	0.153
14940.000	0.152
14950.000	0.151
14960.000	0.145
14970.000	0.148
14980.000	0.140
14990.000	0.142
15000.000	0.151
15010.000	0.146
15020.000	0.151
15030.000	0.148
15040.000	0.147
15050.000	0.143
15060.000	0.148
15070.000	0.148
15080.000	0.147
15090.000	0.146
15100.000	0.151
15110.000	0.147
15120.000	0.143
15130.000	0.147
15140.000	0.157
15150.000	0.145
15160.000	0.144
15170.000	0.144
15180.000	0.139
15190.000	0.151
15200.000	0.141
15210.000	0.146
15220.000	0.150
15230.000	0.149
15240.000	0.151
15250.000	0.154
15260.000	0.141
15270.000	0.148
15280.000	0.152
15290.000	0.146
15300.000	0.154
15310.000	0.157
15320.000	0.150
15330.000	0.151
15340.000	0.150
15350.000	0.147
15360.000	0.151
15370.000	0.153
15380.000	0.149
15390.000	0.150
15400.000	0.153
15410.000	0.141
15420.000	0.141
15430.000	0.141
15440.000	0.142
15450.000	0.134
15460.000	0.147
15470.000	0.147
15480.000	0.150
15490.000	0.155
15500.000	0.152
15510.000	0.153
15520.000	0.154
15530.000	0.154
15540.000	0.149
15550.000	0.149
15560.000	0.151
15570.000	0.150
15580.000	0.153
15590.000	0.151
15600.000	0.154
15610.000	0.150
15620.000	0.143
15630.000	0.140
15640.000	0.142
15650.000	0.148
15660.000	0.146
15670.000	0.154
15680.000	0.162
15690.000	0.154
15700.000	0.151
15710.000	0.151
15720.000	0.151
15730.000	0.146
15740.000	0.144
15750.000	0.153
15760.000	0.148
15770.000	0.158
15780.000	0.156
15790.000	0.153
15800.000	0.150
15810.000	0.148
15820.000	0.152
15830.000	0.158
15840.000	0.156
15850.000	0.152
15860.000	0.155
15870.000	0.153
15880.000	0.153
15890.000	0.140
15900.000	0.144
15910.000	0.148
15920.000	0.151
15930.000	0.155
15940.000	0.160
15950.000	0.159
15960.000	0.154
15970.000	0.159
15980.000	0.153
15990.000	0.159
16000.000	0.153
16010.000	0.149
16020.000	0.152
16030.000	0.151
16040.000	0.161
16050.000	0.149
16060.000	0.157
16070.000	0.158
16080.000	0.155
16090.000	0.154
16100.000	0.150
16110.000	0.152
16120.000	0.155
16130.000	0.155
16140.000	0.148
16150.000	0.147
16160.000	0.143
16170.000	0.152
16180.000	0.145
16190.000	0.151
16200.000	0.153
16210.000	0.158
16220.000	0.160
16230.000	0.163
16240.000	0.151
16250.000	0.147
16260.000	0.155
16270.000	0.157
16280.000	0.148
16290.000	0.157
16300.000	0.153
16310.000	0.157
16320.000	0.162
16330.000	0.158
16340.000	0.151
16350.000	0.156
16360.000	0.153
16370.000	0.149
16380.000	0.148
16390.000	0.153
16400.000	0.150
16410.000	0.148
16420.000	0.152
16430.000	0.146
16440.000	0.154
16450.000	0.163
16460.000	0.162
16470.000	0.153
16480.000	0.150
16490.000	0.153
16500.000	0.158
16510.000	0.152
16520.000	0.164
16530.000	0.156
16540.000	0.144
16550.000	0.151
16560.000	0.149
16570.000	0.151
16580.000	0.154
16590.000	0.146
16600.000	0.152
16610.000	0.150
16620.000	0.162
16630.000	0.157
16640.000	0.162
16650.000	0.154
16660.000	0.149
16670.000	0.149
16680.000	0.149
16690.000	0.155
16700.000	0.157
16710.000	0.154
16720.000	0.154
16730.000	0.155
16740.000	0.160
16750.000	0.157
16760.000	0.155
16770.000	0.155
16780.000	0.171
16790.000	0.158
16800.000	0.158
16810.000	0.161
16820.000	0.151
16830.000	0.153
16840.000	0.158
16850.000	0.155
16860.000	0.163
16870.000	0.159
16880.000	0.157
16890.000	0.156
16900.000	0.154
16910.000	0.157
16920.000	0.156
16930.000	0.155
16940.000	0.153
16950.000	0.154
16960.000	0.156
16970.000	0.152
16980.000	0.154
16990.000	0.161
17000.000	0.158
17010.000	0.155
17020.000	0.153
17030.000	0.158
17040.000	0.161
17050.000	0.169
17060.000	0.157
17070.000	0.157
17080.000	0.154
17090.000	0.161
17100.000	0.151
17110.000	0.148
17120.000	0.154
17130.000	0.155
17140.000	0.168
17150.000	0.168
17160.000	0.161
17170.000	0.166
17180.000	0.159
17190.000	0.151
17200.000	0.150
17210.000	0.155
17220.000	0.148
17230.000	0.154
17240.000	0.148
17250.000	0.156
17260.000	0.165
17270.000	0.154
17280.000	0.149
17290.000	0.154
17300.000	0.160
17310.000	0.159
17320.000	0.167
17330.000	0.155
17340.000	0.159
17350.000	0.157
17360.000	0.157
17370.000	0.154
17380.000	0.159
17390.000	0.152
17400.000	0.152
17410.000	0.154
17420.000	0.161
17430.000	0.152
17440.000	0.161
17450.000	0.159
17460.000	0.161
17470.000	0.156
17480.000	0.148
17490.000	0.155
17500.000	0.164
17510.000	0.157
17520.000	0.164
17530.000	0.165
17540.000	0.154
17550.000	0.155
17560.000	0.150
17570.000	0.159
17580.000	0.160
17590.000	0.164
17600.000	0.161
17610.000	0.166
17620.000	0.167
17630.000	0.164
17640.000	0.161
17650.000	0.162
17660.000	0.157
17670.000	0.154
17680.000	0.159
17690.000	0.165
17700.000	0.153
17710.000	0.163
17720.000	0.150
17730.000	0.155
17740.000	0.162
17750.000	0.163
17760.000	0.160
17770.000	0.159
17780.000	0.157
17790.000	0.151
17800.000	0.151
17810.000	0.157
17820.000	0.160
17830.000	0.159
17840.000	0.150
17850.000	0.152
17860.000	0.148
17870.000	0.160
17880.000	0.148
17890.000	0.158
17900.000	0.163
17910.000	0.163
17920.000	0.166
17930.000	0.161
17940.000	0.155
17950.000	0.161
17960.000	0.159
17970.000	0.161
17980.000	0.164
17990.000	0.164
18000.000	0.166
18010.000	0.160
18020.000	0.165
18030.000	0.162
18040.000	0.169
18050.000	0.157
18060.000	0.148
18070.000	0.149
18080.000	0.149
18090.000	0.154
18100.000	0.160
18110.000	0.164
18120.000	0.159
18130.000	0.154
18140.000	0.153
18150.000	0.144
18160.000	0.153
18170.000	0.150
18180.000	0.148
18190.000	0.158
18200.000	0.151
18210.000	0.154
18220.000	0.162
18230.000	0.155
18240.000	0.149
18250.000	0.149
18260.000	0.153
18270.000	0.162
18280.000	0.155
18290.000	0.156
18300.000	0.154
18310.000	0.163
18320.000	0.160
18330.000	0.158
18340.000	0.162
18350.000	0.164
18360.000	0.151
18370.000	0.163
18380.000	0.153
18390.000	0.153
18400.000	0.159
18410.000	0.154
18420.000	0.156
18430.000	0.147
18440.000	0.152
18450.000	0.159
18460.000	0.156
18470.000	0.154
18480.000	0.164
18490.000	0.160
18500.000	0.156
18510.000	0.159
18520.000	0.163
18530.000	0.157
18540.000	0.160
18550.000	0.164
18560.000	0.162
18570.000	0.160
18580.000	0.154
18590.000	0.155
18600.000	0.158
18610.000	0.158
18620.000	0.154
18630.000	0.151
18640.000	0.153
18650.000	0.146
18660.000	0.160
18670.000	0.164
18680.000	0.159
18690.000	0.166
18700.000	0.160
18710.000	0.154
18720.000	0.160
18730.000	0.150
18740.000	0.151
18750.000	0.153
18760.000	0.147
18770.000	0.150
18780.000	0.145
18790.000	0.143
18800.000	0.150
18810.000	0.154
18820.000	0.154
18830.000	0.154
18840.000	0.156
18850.000	0.158
18860.000	0.152
18870.000	0.157
18880.000	0.167
18890.000	0.166
18900.000	0.158
18910.000	0.161
18920.000	0.158
18930.000	0.149
18940.000	0.161
18950.000	0.160
18960.000	0.160
18970.000	0.164
18980.000	0.159
18990.000	0.155
19000.000	0.156
19010.000	0.153
19020.000	0.157
19030.000	0.161
19040.000	0.153
19050.000	0.156
19060.000	0.149
19070.000	0.161
19080.000	0.162
19090.000	0.148
19100.000	0.153
19110.000	0.146
19120.000	0.144
19130.000	0.152
19140.000	0.146
19150.000	0.150
19160.000	0.159
19170.000	0.167
19180.000	0.164
19190.000	0.163
19200.000	0.160
19210.000	0.150
19220.000	0.153
19230.000	0.166
19240.000	0.166
19250.000	0.159
19260.000	0.157
19270.000	0.159
19280.000	0.158
19290.000	0.163
19300.000	0.161
19310.000	0.163
19320.000	0.163
19330.000	0.158
19340.000	0.160
19350.000	0.162
19360.000	0.154
19370.000	0.152
19380.000	0.152
19390.000	0.163
19400.000	0.159
19410.000	0.165
19420.000	0.158
19430.000	0.157
19440.000	0.157
19450.000	0.157
19460.000	0.156
19470.000	0.159
19480.000	0.157
19490.000	0.161
19500.000	0.148
19510.000	0.155
19520.000	0.161
19530.000	0.151
19540.000	0.151
19550.000	0.155
19560.000	0.153
19570.000	0.159
19580.000	0.152
19590.000	0.151
19600.000	0.151
19610.000	0.159
19620.000	0.158
19630.000	0.151
19640.000	0.154
19650.000	0.164
19660.000	0.169
19670.000	0.158
19680.000	0.158
19690.000	0.151
19700.000	0.155
19710.000	0.160
19720.000	0.157
19730.000	0.160
19740.000	0.160
19750.000	0.152
19760.000	0.155
19770.000	0.153
19780.000	0.158
19790.000	0.160
19800.000	0.159
19810.000	0.160
19820.000	0.161
19830.000	0.157
19840.000	0.153
19850.000	0.155
19860.000	0.153
19870.000	0.157
19880.000	0.165
19890.000	0.162
19900.000	0.166
19910.000	0.165
19920.000	0.168
19930.000	0.165
19940.000	0.161
19950.000	0.167
19960.000	0.161
19970.000	0.153
19980.000	0.159
19990.000	0.157
20000.000	0.157
20010.000	0.157
20020.000	0.153
20030.000	0.152
20040.000	0.148
20050.000	0.152
20060.000	0.152
20070.000	0.155
20080.000	0.154
20090.000	0.157
20100.000	0.155
20110.000	0.160
20120.000	0.164
20130.000	0.159
20140.000	0.159
20150.000	0.162
20160.000	0.166
20170.000	0.155
20180.000	0.161
20190.000	0.148
20200.000	0.144
20210.000	0.151
20220.000	0.146
20230.000	0.149
20240.000	0.154
20250.000	0.155
20260.000	0.151
20270.000	0.156
20280.000	0.159
20290.000	0.147
20300.000	0.142
20310.000	0.144
20320.000	0.155
20330.000	0.152
20340.000	0.151
20350.000	0.154
20360.000	0.153
20370.000	0.153
20380.000	0.157
20390.000	0.164
20400.000	0.160
20410.000	0.156
20420.000	0.157
20430.000	0.159
20440.000	0.148
20450.000	0.152
20460.000	0.153
20470.000	0.155
20480.000	0.154
20490.000	0.159
20500.000	0.156
20510.000	0.155
20520.000	0.158
20530.000	0.155
20540.000	0.152
20550.000	0.153
20560.000	0.150
20570.000	0.152
20580.000	0.150
20590.000	0.143
20600.000	0.144
20610.000	0.144
20620.000	0.148
20630.000	0.157
20640.000	0.161
20650.000	0.154
20660.000	0.172
20670.000	0.159
20680.000	0.151
20690.000	0.159
20700.000	0.154
20710.000	0.152
20720.000	0.146
20730.000	0.157
20740.000	0.156
20750.000	0.159
20760.000	0.169
20770.000	0.161
20780.000	0.154
20790.000	0.165
20800.000	0.167
20810.000	0.157
20820.000	0.167
20830.000	0.154
20840.000	0.155
20850.000	0.157
20860.000	0.147
20870.000	0.146
20880.000	0.155
20890.000	0.145
20900.000	0.152
20910.000	0.156
20920.000	0.154
20930.000	0.156
20940.000	0.158
20950.000	0.155
20960.000	0.156
20970.000	0.154
20980.000	0.148
20990.000	0.142
21000.000	0.148
21010.000	0.153
21020.000	0.154
21030.000	0.156
21040.000	0.160
21050.000	0.162
21060.000	0.143
21070.000	0.144
21080.000	0.152
21090.000	0.152
21100.000	0.144
21110.000	0.149
21120.000	0.157
21130.000	0.146
21140.000	0.151
21150.000	0.148
21160.000	0.154
21170.000	0.155
21180.000	0.150
21190.000	0.158
21200.000	0.151
21210.000	0.154
21220.000	0.157
21230.000	0.143
21240.000	0.149
21250.000	0.147
21260.000	0.152
21270.000	0.163
21280.000	0.153
21290.000	0.159
21300.000	0.157
21310.000	0.148
21320.000	0.155
21330.000	0.147
21340.000	0.146
21350.000	0.149
21360.000	0.154
21370.000	0.154
21380.000	0.160
21390.000	0.159
21400.000	0.158
21410.000	0.152
21420.000	0.149
21430.000	0.147
21440.000	0.152
21450.000	0.153
21460.000	0.152
21470.000	0.146
21480.000	0.153
21490.000	0.151
21500.000	0.151
21510.000	0.149
21520.000	0.147
21530.000	0.148
21540.000	0.147
21550.000	0.156
21560.000	0.159
21570.000	0.160
21580.000	0.153
21590.000	0.150
21600.000	0.152
21610.000	0.144
21620.000	0.158
21630.000	0.152
21640.000	0.160
21650.000	0.146
21660.000	0.150
21670.000	0.151
21680.000	0.151
21690.000	0.146
21700.000	0.140
21710.000	0.146
21720.000	0.143
21730.000	0.153
21740.000	0.140
21750.000	0.151
21760.000	0.153
21770.000	0.154
21780.000	0.159
21790.000	0.153
21800.000	0.156
21810.000	0.171
21820.000	0.166
21830.000	0.149
21840.000	0.148
21850.000	0.142
21860.000	0.148
21870.000	0.147
21880.000	0.145
21890.000	0.150
21900.000	0.145
21910.000	0.147
21920.000	0.154
21930.000	0.147
21940.000	0.153
21950.000	0.151
21960.000	0.150
21970.000	0.151
21980.000	0.149
21990.000	0.147
22000.000	0.154
22010.000	0.155
22020.000	0.145
22030.000	0.148
22040.000	0.154
22050.000	0.149
22060.000	0.141
22070.000	0.135
22080.000	0.143
22090.000	0.152
22100.000	0.153
22110.000	0.144
22120.000	0.148
22130.000	0.140
22140.000	0.143
22150.000	0.146
22160.000	0.150
22170.000	0.145
22180.000	0.150
22190.000	0.152
22200.000	0.148
22210.000	0.154
22220.000	0.152
22230.000	0.158
22240.000	0.153
22250.000	0.147
22260.000	0.148
22270.000	0.151
22280.000	0.150
22290.000	0.151
22300.000	0.148
22310.000	0.141
22320.000	0.145
22330.000	0.145
22340.000	0.148
22350.000	0.146
22360.000	0.149
22370.000	0.148
22380.000	0.151
22390.000	0.152
22400.000	0.148
22410.000	0.149
22420.000	0.157
22430.000	0.149
22440.000	0.145
22450.000	0.153
22460.000	0.149
22470.000	0.149
22480.000	0.141
22490.000	0.148
22500.000	0.147
22510.000	0.151
22520.000	0.159
22530.000	0.157
22540.000	0.148
22550.000	0.151
22560.000	0.139
22570.000	0.151
22580.000	0.150
22590.000	0.141
22600.000	0.135
22610.000	0.135
22620.000	0.149
22630.000	0.140
22640.000	0.146
22650.000	0.140
22660.000	0.141
22670.000	0.150
22680.000	0.153
22690.000	0.148
22700.000	0.145
22710.000	0.147
22720.000	0.145
22730.000	0.144
22740.000	0.148
22750.000	0.140
22760.000	0.156
22770.000	0.148
22780.000	0.154
22790.000	0.153
22800.000	0.154
22810.000	0.145
22820.000	0.148
22830.000	0.140
22840.000	0.150
22850.000	0.156
22860.000	0.142
22870.000	0.148
22880.000	0.151
22890.000	0.152
22900.000	0.141
22910.000	0.143
22920.000	0.158
22930.000	0.154
22940.000	0.147
22950.000	0.144
22960.000	0.135
22970.000	0.143
22980.000	0.153
22990.000	0.152
23000.000	0.152
23010.000	0.146
23020.000	0.149
23030.000	0.138
23040.000	0.137
23050.000	0.140
23060.000	0.134
23070.000	0.140
23080.000	0.143
23090.000	0.142
23100.000	0.146
23110.000	0.152
23120.000	0.156
23130.000	0.146
23140.000	0.137
23150.000	0.139
23160.000	0.140
23170.000	0.141
23180.000	0.142
23190.000	0.146
23200.000	0.139
23210.000	0.139
23220.000	0.139
23230.000	0.144
23240.000	0.142
23250.000	0.145
23260.000	0.148
23270.000	0.148
23280.000	0.147
23290.000	0.145
23300.000	0.137
23310.000	0.142
23320.000	0.146
23330.000	0.142
23340.000	0.142
23350.000	0.146
23360.000	0.146
23370.000	0.153
23380.000	0.154
23390.000	0.144
23400.000	0.144
23410.000	0.142
23420.000	0.136
23430.000	0.144
23440.000	0.150
23450.000	0.142
23460.000	0.147
23470.000	0.154
23480.000	0.151
23490.000	0.144
23500.000	0.141
23510.000	0.140
23520.000	0.152
23530.000	0.146
23540.000	0.141
23550.000	0.140
23560.000	0.146
23570.000	0.142
23580.000	0.145
23590.000	0.142
23600.000	0.148
23610.000	0.150
23620.000	0.140
23630.000	0.134
23640.000	0.134
23650.000	0.142
23660.000	0.148
23670.000	0.147
23680.000	0.143
23690.000	0.139
23700.000	0.147
23710.000	0.138
23720.000	0.142
23730.000	0.147
23740.000	0.146
23750.000	0.142
23760.000	0.152
23770.000	0.147
23780.000	0.147
23790.000	0.141
23800.000	0.141
23810.000	0.143
23820.000	0.150
23830.000	0.147
23840.000	0.147
23850.000	0.149
23860.000	0.149
23870.000	0.141
23880.000	0.141
23890.000	0.135
23900.000	0.151
23910.000	0.139
23920.000	0.148
23930.000	0.148
23940.000	0.150
23950.000	0.143
23960.000	0.146
23970.000	0.148
23980.000	0.149
23990.000	0.143
24000.000	0.151
24010.000	0.142
24020.000	0.132
24030.000	0.141
24040.000	0.146
24050.000	0.147
24060.000	0.154
24070.000	0.144
24080.000	0.148
24090.000	0.143
24100.000	0.139
24110.000	0.136
24120.000	0.140
24130.000	0.144
24140.000	0.151
24150.000	0.142
24160.000	0.146
24170.000	0.148
24180.000	0.142
24190.000	0.136
24200.000	0.139
24210.000	0.148
24220.000	0.149
24230.000	0.140
24240.000	0.139
24250.000	0.144
24260.000	0.145
24270.000	0.148
24280.000	0.141
24290.000	0.133
24300.000	0.133
24310.000	0.138
24320.000	0.132
24330.000	0.134
24340.000	0.153
24350.000	0.144
24360.000	0.155
24370.000	0.147
24380.000	0.137
24390.000	0.136
24400.000	0.138
24410.000	0.141
24420.000	0.144
24430.000	0.142
24440.000	0.150
24450.000	0.143
24460.000	0.138
24470.000	0.145
24480.000	0.146
24490.000	0.141
24500.000	0.147
24510.000	0.144
24520.000	0.146
24530.000	0.140
24540.000	0.132
24550.000	0.133
24560.000	0.125
24570.000	0.133
24580.000	0.126
24590.000	0.128
24600.000	0.137
24610.000	0.139
24620.000	0.138
24630.000	0.139
24640.000	0.138
24650.000	0.142
24660.000	0.139
24670.000	0.145
24680.000	0.136
24690.000	0.135
24700.000	0.133
24710.000	0.138
24720.000	0.138
24730.000	0.139
24740.000	0.133
24750.000	0.128
24760.000	0.128
24770.000	0.130
24780.000	0.131
24790.000	0.133
24800.000	0.137
24810.000	0.136
24820.000	0.130
24830.000	0.136
24840.000	0.139
24850.000	0.138
24860.000	0.143
24870.000	0.144
24880.000	0.142
24890.000	0.141
24900.000	0.139
24910.000	0.143
24920.000	0.137
24930.000	0.135
24940.000	0.134
24950.000	0.144
24960.000	0.134
24970.000	0.128
24980.000	0.132
24990.000	0.143
25000.000	0.140
25010.000	0.136
25020.000	0.135
25030.000	0.132
25040.000	0.136
25050.000	0.141
25060.000	0.135
25070.000	0.126
25080.000	0.125
25090.000	0.129
25100.000	0.138
25110.000	0.141
25120.000	0.137
25130.000	0.136
25140.000	0.138
25150.000	0.128
25160.000	0.130
25170.000	0.141
25180.000	0.143
25190.000	0.140
25200.000	0.134
25210.000	0.138
25220.000	0.145
25230.000	0.138
25240.000	0.143
25250.000	0.141
25260.000	0.140
25270.000	0.143
25280.000	0.148
25290.000	0.141
25300.000	0.138
25310.000	0.138
25320.000	0.134
25330.000	0.134
25340.000	0.135
25350.000	0.134
25360.000	0.131
25370.000	0.129
25380.000	0.140
25390.000	0.135
25400.000	0.129
25410.000	0.134
25420.000	0.134
25430.000	0.136
25440.000	0.137
25450.000	0.135
25460.000	0.138
25470.000	0.132
25480.000	0.133
25490.000	0.136
25500.000	0.137
25510.000	0.135
25520.000	0.134
25530.000	0.131
25540.000	0.135
25550.000	0.129
25560.000	0.129
25570.000	0.129
25580.000	0.121
25590.000	0.124
25600.000	0.137
25610.000	0.128
25620.000	0.129
25630.000	0.129
25640.000	0.133
25650.000	0.130
25660.000	0.127
25670.000	0.128
25680.000	0.128
25690.000	0.134
25700.000	0.136
25710.000	0.133
25720.000	0.133
25730.000	0.129
25740.000	0.133
25750.000	0.131
25760.000	0.125
25770.000	0.122
25780.000	0.121
25790.000	0.112
25800.000	0.116
25810.000	0.116
25820.000	0.132
25830.000	0.138
25840.000	0.125
25850.000	0.128
25860.000	0.125
25870.000	0.121
25880.000	0.129
25890.000	0.136
25900.000	0.128
25910.000	0.126
25920.000	0.132
25930.000	0.130
25940.000	0.133
25950.000	0.132
25960.000	0.130
25970.000	0.119
25980.000	0.130
25990.000	0.129
26000.000	0.122
26010.000	0.131
26020.000	0.129
26030.000	0.130
26040.000	0.134
26050.000	0.132
26060.000	0.125
26070.000	0.125
26080.000	0.126
26090.000	0.125
26100.000	0.128
26110.000	0.127
26120.000	0.135
26130.000	0.126
26140.000	0.126
26150.000	0.131
26160.000	0.131
26170.000	0.124
26180.000	0.129
26190.000	0.136
26200.000	0.134
26210.000	0.139
26220.000	0.135
26230.000	0.141
26240.000	0.132
26250.000	0.125
26260.000	0.130
26270.000	0.125
26280.000	0.132
26290.000	0.127
26300.000	0.128
26310.000	0.122
26320.000	0.127
26330.000	0.126
26340.000	0.135
26350.000	0.124
26360.000	0.129
26370.000	0.123
26380.000	0.125
26390.000	0.122
26400.000	0.123
26410.000	0.124
26420.000	0.120
26430.000	0.127
26440.000	0.134
26450.000	0.131
26460.000	0.124
26470.000	0.128
26480.000	0.126
26490.000	0.123
26500.000	0.124
26510.000	0.126
26520.000	0.126
26530.000	0.118
26540.000	0.125
26550.000	0.122
26560.000	0.121
26570.000	0.132
26580.000	0.129
26590.000	0.122
26600.000	0.126
26610.000	0.117
26620.000	0.126
26630.000	0.134
26640.000	0.123
26650.000	0.126
26660.000	0.124
26670.000	0.125
26680.000	0.124
26690.000	0.126
26700.000	0.124
26710.000	0.131
26720.000	0.132
26730.000	0.125
26740.000	0.124
26750.000	0.114
26760.000	0.122
26770.000	0.123
26780.000	0.123
26790.000	0.120
26800.000	0.122
26810.000	0.128
26820.000	0.139
26830.000	0.130
26840.000	0.132
26850.000	0.136
26860.000	0.134
26870.000	0.132
26880.000	0.135
26890.000	0.131
26900.000	0.121
26910.000	0.118
26920.000	0.117
26930.000	0.122
26940.000	0.121
26950.000	0.121
26960.000	0.114
26970.000	0.131
26980.000	0.124
26990.000	0.124
27000.000	0.119
27010.000	0.121
27020.000	0.122
27030.000	0.122
27040.000	0.130
27050.000	0.132
27060.000	0.126
27070.000	0.124
27080.000	0.122
27090.000	0.124
27100.000	0.121
27110.000	0.118
27120.000	0.118
27130.000	0.125
27140.000	0.122
27150.000	0.120
27160.000	0.127
27170.000	0.132
27180.000	0.122
27190.000	0.128
27200.000	0.124
27210.000	0.121
27220.000	0.119
27230.000	0.121
27240.000	0.126
27250.000	0.128
27260.000	0.128
27270.000	0.131
27280.000	0.121
27290.000	0.129
27300.000	0.122
27310.000	0.125
27320.000	0.117
27330.000	0.117
27340.000	0.117
27350.000	0.120
27360.000	0.112
27370.000	0.107
27380.000	0.111
27390.000	0.118
27400.000	0.119
27410.000	0.116
27420.000	0.111
27430.000	0.116
27440.000	0.114
27450.000	0.114
27460.000	0.109
27470.000	0.113
27480.000	0.111
27490.000	0.118
27500.000	0.120
27510.000	0.119
27520.000	0.116
27530.000	0.119
27540.000	0.125
27550.000	0.120
27560.000	0.114
27570.000	0.113
27580.000	0.107
27590.000	0.114
27600.000	0.120
27610.000	0.125
27620.000	0.123
27630.000	0.124
27640.000	0.121
27650.000	0.122
27660.000	0.121
27670.000	0.115
27680.000	0.117
27690.000	0.119
27700.000	0.123
27710.000	0.113
27720.000	0.118
27730.000	0.121
27740.000	0.119
27750.000	0.123
27760.000	0.121
27770.000	0.114
27780.000	0.115
27790.000	0.114
27800.000	0.116
27810.000	0.117
27820.000	0.123
27830.000	0.115
27840.000	0.117
27850.000	0.118
27860.000	0.115
27870.000	0.118
27880.000	0.120
27890.000	0.126
27900.000	0.125
27910.000	0.130
27920.000	0.123
27930.000	0.124
27940.000	0.116
27950.000	0.112
27960.000	0.110
27970.000	0.105
27980.000	0.119
27990.000	0.115
28000.000	0.115
28010.000	0.117
28020.000	0.126
28030.000	0.121
28040.000	0.115
28050.000	0.110
28060.000	0.109
28070.000	0.110
28080.000	0.110
28090.000	0.116
28100.000	0.109
28110.000	0.109
28120.000	0.114
28130.000	0.118
28140.000	0.110
28150.000	0.117
28160.000	0.121
28170.000	0.112
28180.000	0.109
28190.000	0.117
28200.000	0.118
28210.000	0.112
28220.000	0.107
28230.000	0.107
28240.000	0.108
28250.000	0.107
28260.000	0.113
28270.000	0.123
28280.000	0.122
28290.000	0.117
28300.000	0.113
28310.000	0.115
28320.000	0.114
28330.000	0.117
28340.000	0.118
28350.000	0.113
28360.000	0.113
28370.000	0.110
28380.000	0.109
28390.000	0.108
28400.000	0.112
28410.000	0.112
28420.000	0.114
28430.000	0.114
28440.000	0.111
28450.000	0.114
28460.000	0.110
28470.000	0.120
28480.000	0.116
28490.000	0.114
28500.000	0.110
28510.000	0.108
28520.000	0.108
28530.000	0.117
28540.000	0.115
28550.000	0.111
28560.000	0.110
28570.000	0.110
28580.000	0.111
28590.000	0.109
28600.000	0.104
28610.000	0.106
28620.000	0.111
28630.000	0.109
28640.000	0.116
28650.000	0.123
28660.000	0.119
28670.000	0.116
28680.000	0.111
28690.000	0.107
28700.000	0.104
28710.000	0.110
28720.000	0.112
28730.000	0.118
28740.000	0.119
28750.000	0.110
28760.000	0.111
28770.000	0.116
28780.000	0.110
28790.000	0.109
28800.000	0.108
28810.000	0.107
28820.000	0.102
28830.000	0.111
28840.000	0.111
28850.000	0.112
28860.000	0.109
28870.000	0.116
28880.000	0.108
28890.000	0.106
28900.000	0.110
28910.000	0.103
28920.000	0.105
28930.000	0.109
28940.000	0.107
28950.000	0.107
28960.000	0.105
28970.000	0.107
28980.000	0.096
28990.000	0.105
29000.000	0.104
29010.000	0.115
29020.000	0.108
29030.000	0.106
29040.000	0.104
29050.000	0.106
29060.000	0.104
29070.000	0.100
29080.000	0.105
29090.000	0.110
29100.000	0.108
29110.000	0.101
29120.000	0.113
29130.000	0.114
29140.000	0.113
29150.000	0.116
29160.000	0.116
29170.000	0.109
29180.000	0.108
29190.000	0.101
29200.000	0.103
29210.000	0.106
29220.000	0.109
29230.000	0.106
29240.000	0.107
29250.000	0.107
29260.000	0.102
29270.000	0.106
29280.000	0.103
29290.000	0.102
29300.000	0.102
29310.000	0.108
29320.000	0.105
29330.000	0.102
29340.000	0.100
29350.000	0.104
29360.000	0.100
29370.000	0.099
29380.000	0.102
29390.000	0.104
29400.000	0.108
29410.000	0.098
29420.000	0.111
29430.000	0.110
29440.000	0.099
29450.000	0.101
29460.000	0.109
29470.000	0.107
29480.000	0.104
29490.000	0.105
29500.000	0.104
29510.000	0.102
29520.000	0.104
29530.000	0.108
29540.000	0.102
29550.000	0.099
29560.000	0.102
29570.000	0.106
29580.000	0.103
29590.000	0.097
29600.000	0.103
29610.000	0.100
29620.000	0.105
29630.000	0.100
29640.000	0.099
29650.000	0.100
29660.000	0.100
29670.000	0.101
29680.000	0.104
29690.000	0.107
29700.000	0.105
29710.000	0.098
29720.000	0.098
29730.000	0.100
29740.000	0.104
29750.000	0.099
29760.000	0.101
29770.000	0.102
29780.000	0.107
29790.000	0.104
29800.000	0.104
29810.000	0.104
29820.000	0.097
29830.000	0.105
29840.000	0.104
29850.000	0.100
29860.000	0.100
29870.000	0.105
29880.000	0.101
29890.000	0.115
29900.000	0.108
29910.000	0.105
29920.000	0.110
29930.000	0.102
29940.000	0.102
29950.000	0.100
29960.000	0.097
29970.000	0.093
29980.000	0.098
29990.000	0.097
30000.000	0.092
30010.000	0.097
30020.000	0.104
30030.000	0.098
30040.000	0.103
30050.000	0.103
30060.000	0.100
30070.000	0.103
30080.000	0.097
30090.000	0.094
30100.000	0.095
30110.000	0.097
30120.000	0.110
30130.000	0.110
30140.000	0.103
30150.000	0.098
30160.000	0.100
30170.000	0.099
30180.000	0.100
30190.000	0.099
30200.000	0.101
30210.000	0.096
30220.000	0.097
30230.000	0.096
30240.000	0.096
30250.000	0.089
30260.000	0.096
30270.000	0.102
30280.000	0.098
30290.000	0.103
30300.000	0.106
30310.000	0.101
30320.000	0.101
30330.000	0.102
30340.000	0.097
30350.000	0.107
30360.000	0.104
30370.000	0.100
30380.000	0.106
30390.000	0.101
30400.000	0.103
30410.000	0.096
30420.000	0.094
30430.000	0.097
30440.000	0.105
30450.000	0.098
30460.000	0.103
30470.000	0.104
30480.000	0.103
30490.000	0.100
30500.000	0.097
30510.000	0.103
30520.000	0.097
30530.000	0.098
30540.000	0.091
30550.000	0.092
30560.000	0.094
30570.000	0.089
30580.000	0.093
30590.000	0.088
30600.000	0.086
30610.000	0.098
30620.000	0.096
30630.000	0.093
30640.000	0.095
30650.000	0.101
30660.000	0.096
30670.000	0.097
30680.000	0.093
30690.000	0.097
30700.000	0.101
30710.000	0.098
30720.000	0.100
30730.000	0.094
30740.000	0.097
30750.000	0.097
30760.000	0.097
30770.000	0.098
30780.000	0.091
30790.000	0.092
30800.000	0.091
30810.000	0.093
30820.000	0.093
30830.000	0.092
30840.000	0.092
30850.000	0.091
30860.000	0.091
30870.000	0.099
30880.000	0.099
30890.000	0.098
30900.000	0.098
30910.000	0.097
30920.000	0.098
30930.000	0.095
30940.000	0.092
30950.000	0.087
30960.000	0.093
30970.000	0.093
30980.000	0.092
30990.000	0.102
31000.000	0.102
31010.000	0.093
31020.000	0.094
31030.000	0.087
31040.000	0.087
31050.000	0.090
31060.000	0.097
31070.000	0.098
31080.000	0.097
31090.000	0.094
31100.000	0.100
31110.000	0.092
31120.000	0.096
31130.000	0.095
31140.000	0.090
31150.000	0.093
31160.000	0.090
31170.000	0.087
31180.000	0.093
31190.000	0.097
31200.000	0.104
31210.000	0.097
31220.000	0.090
31230.000	0.087
31240.000	0.091
31250.000	0.087
31260.000	0.087
31270.000	0.093
31280.000	0.094
31290.000	0.086
31300.000	0.092
31310.000	0.090
31320.000	0.092
31330.000	0.095
31340.000	0.087
31350.000	0.088
31360.000	0.088
31370.000	0.089
31380.000	0.095
31390.000	0.096
31400.000	0.091
31410.000	0.091
31420.000	0.096
31430.000	0.090
31440.000	0.093
31450.000	0.091
31460.000	0.089
31470.000	0.091
31480.000	0.086
31490.000	0.087
31500.000	0.086
31510.000	0.092
31520.000	0.089
31530.000	0.083
31540.000	0.088
31550.000	0.085
31560.000	0.087
31570.000	0.093
31580.000	0.087
31590.000	0.087
31600.000	0.089
31610.000	0.087
31620.000	0.090
31630.000	0.087
31640.000	0.090
31650.000	0.087
31660.000	0.085
31670.000	0.089
31680.000	0.089
31690.000	0.090
31700.000	0.092
31710.000	0.086
31720.000	0.086
31730.000	0.086
31740.000	0.090
31750.000	0.082
31760.000	0.083
31770.000	0.087
31780.000	0.090
31790.000	0.085
31800.000	0.086
31810.000	0.085
31820.000	0.095
31830.000	0.095
31840.000	0.091
31850.000	0.091
31860.000	0.084
31870.000	0.088
31880.000	0.089
31890.000	0.081
31900.000	0.084
31910.000	0.092
31920.000	0.089
31930.000	0.088
31940.000	0.089
31950.000	0.090
31960.000	0.089
31970.000	0.087
31980.000	0.086
31990.000	0.084
32000.000	0.085
32010.000	0.088
32020.000	0.089
32030.000	0.089
32040.000	0.092
32050.000	0.091
32060.000	0.098
32070.000	0.094
32080.000	0.090
32090.000	0.087
32100.000	0.088
32110.000	0.092
32120.000	0.091
32130.000	0.092
32140.000	0.091
32150.000	0.085
32160.000	0.084
32170.000	0.080
32180.000	0.079
32190.000	0.080
32200.000	0.091
32210.000	0.088
32220.000	0.086
32230.000	0.088
32240.000	0.081
32250.000	0.093
32260.000	0.089
32270.000	0.086
32280.000	0.086
32290.000	0.086
32300.000	0.090
32310.000	0.090
32320.000	0.086
32330.000	0.082
32340.000	0.086
32350.000	0.081
32360.000	0.084
32370.000	0.084
32380.000	0.087
32390.000	0.080
32400.000	0.090
32410.000	0.088
32420.000	0.084
32430.000	0.078
32440.000	0.079
32450.000	0.081
32460.000	0.089
32470.000	0.084
32480.000	0.091
32490.000	0.083
32500.000	0.081
32510.000	0.081
32520.000	0.085
32530.000	0.083
32540.000	0.088
32550.000	0.084
32560.000	0.082
32570.000	0.089
32580.000	0.086
32590.000	0.086
32600.000	0.086
32610.000	0.088
32620.000	0.083
32630.000	0.076
32640.000	0.081
32650.000	0.087
32660.000	0.083
32670.000	0.083
32680.000	0.087
32690.000	0.084
32700.000	0.082
32710.000	0.086
32720.000	0.082
32730.000	0.090
32740.000	0.086
32750.000	0.087
32760.000	0.084
32770.000	0.084
32780.000	0.082
32790.000	0.078
32800.000	0.078
32810.000	0.080
32820.000	0.079
32830.000	0.082
32840.000	0.078
32850.000	0.080
32860.000	0.085
32870.000	0.080
32880.000	0.084
32890.000	0.080
32900.000	0.082
32910.000	0.080
32920.000	0.081
32930.000	0.074
32940.000	0.076
32950.000	0.075
32960.000	0.076
32970.000	0.083
32980.000	0.078
32990.000	0.083
33000.000	0.080
33010.000	0.078
33020.000	0.072
33030.000	0.073
33040.000	0.073
33050.000	0.080
33060.000	0.081
33070.000	0.078
33080.000	0.080
33090.000	0.074
33100.000	0.077
33110.000	0.079
33120.000	0.075
33130.000	0.078
33140.000	0.078
33150.000	0.079
33160.000	0.078
33170.000	0.090
33180.000	0.085
33190.000	0.086
33200.000	0.081
33210.000	0.079
33220.000	0.075
33230.000	0.079
33240.000	0.083
33250.000	0.078
33260.000	0.074
33270.000	0.075
33280.000	0.081
33290.000	0.082
33300.000	0.083
33310.000	0.074
33320.000	0.074
33330.000	0.075
33340.000	0.073
33350.000	0.075
33360.000	0.073
33370.000	0.071
33380.000	0.075
33390.000	0.077
33400.000	0.077
33410.000	0.080
33420.000	0.082
33430.000	0.078
33440.000	0.077
33450.000	0.078
33460.000	0.075
33470.000	0.077
33480.000	0.078
33490.000	0.079
33500.000	0.075
33510.000	0.080
33520.000	0.079
33530.000	0.077
33540.000	0.076
33550.000	0.077
33560.000	0.077
33570.000	0.076
33580.000	0.081
33590.000	0.079
33600.000	0.082
33610.000	0.081
33620.000	0.075
33630.000	0.074
33640.000	0.071
33650.000	0.073
33660.000	0.072
33670.000	0.073
33680.000	0.075
33690.000	0.072
33700.000	0.071
33710.000	0.071
33720.000	0.071
33730.000	0.073
33740.000	0.076
33750.000	0.077
33760.000	0.073
33770.000	0.074
33780.000	0.077
33790.000	0.075
33800.000	0.080
33810.000	0.072
33820.000	0.074
33830.000	0.072
33840.000	0.069
33850.000	0.070
33860.000	0.074
33870.000	0.077
33880.000	0.075
33890.000	0.068
33900.000	0.069
33910.000	0.074
33920.000	0.069
33930.000	0.069
33940.000	0.067
33950.000	0.072
33960.000	0.071
33970.000	0.069
33980.000	0.080
33990.000	0.076
34000.000	0.073
34010.000	0.074
34020.000	0.072
34030.000	0.074
34040.000	0.077
34050.000	0.075
34060.000	0.069
34070.000	0.065
34080.000	0.072
34090.000	0.070
34100.000	0.074
34110.000	0.070
34120.000	0.066
34130.000	0.068
34140.000	0.066
34150.000	0.068
34160.000	0.070
34170.000	0.067
34180.000	0.070
34190.000	0.064
34200.000	0.068
34210.000	0.070
34220.000	0.073
34230.000	0.068
34240.000	0.068
34250.000	0.063
34260.000	0.066
34270.000	0.071
34280.000	0.070
34290.000	0.074
34300.000	0.073
34310.000	0.076
34320.000	0.070
34330.000	0.068
34340.000	0.073
34350.000	0.071
34360.000	0.067
34370.000	0.062
34380.000	0.065
34390.000	0.064
34400.000	0.064
34410.000	0.068
34420.000	0.067
34430.000	0.071
34440.000	0.070
34450.000	0.067
34460.000	0.063
34470.000	0.065
34480.000	0.067
34490.000	0.069
34500.000	0.069
34510.000	0.066
34520.000	0.066
34530.000	0.063
34540.000	0.065
34550.000	0.067
34560.000	0.069
34570.000	0.068
34580.000	0.068
34590.000	0.067
34600.000	0.065
34610.000	0.064
34620.000	0.057
34630.000	0.062
34640.000	0.068
34650.000	0.068
34660.000	0.067
34670.000	0.069
34680.000	0.067
34690.000	0.062
34700.000	0.063
34710.000	0.063
34720.000	0.069
34730.000	0.065
34740.000	0.069
34750.000	0.064
34760.000	0.062
34770.000	0.063
34780.000	0.063
34790.000	0.068
34800.000	0.060
34810.000	0.066
34820.000	0.064
34830.000	0.063
34840.000	0.061
34850.000	0.060
34860.000	0.062
34870.000	0.067
34880.000	0.068
34890.000	0.064
34900.000	0.069
34910.000	0.067
34920.000	0.065
34930.000	0.066
34940.000	0.069
34950.000	0.067
34960.000	0.071
34970.000	0.067
34980.000	0.064
34990.000	0.058
35000.000	0.063
35010.000	0.063
35020.000	0.063
35030.000	0.065
35040.000	0.061
35050.000	0.066
35060.000	0.067
35070.000	0.068
35080.000	0.068
35090.000	0.067
35100.000	0.062
35110.000	0.064
35120.000	0.061
35130.000	0.060
35140.000	0.062
35150.000	0.070
35160.000	0.066
35170.000	0.061
35180.000	0.060
35190.000	0.061
35200.000	0.063
35210.000	0.059
35220.000	0.057
35230.000	0.057
35240.000	0.060
35250.000	0.061
35260.000	0.061
35270.000	0.060
35280.000	0.061
35290.000	0.061
35300.000	0.063
35310.000	0.062
35320.000	0.060
35330.000	0.058
35340.000	0.059
35350.000	0.060
35360.000	0.059
35370.000	0.061
35380.000	0.059
35390.000	0.058
35400.000	0.061
35410.000	0.061
35420.000	0.063
35430.000	0.064
35440.000	0.063
35450.000	0.060
35460.000	0.063
35470.000	0.062
35480.000	0.058
35490.000	0.060
35500.000	0.061
35510.000	0.067
35520.000	0.064
35530.000	0.065
35540.000	0.066
35550.000	0.059
35560.000	0.059
35570.000	0.060
35580.000	0.057
35590.000	0.057
35600.000	0.066
35610.000	0.064
35620.000	0.060
35630.000	0.057
35640.000	0.059
35650.000	0.052
35660.000	0.058
35670.000	0.058
35680.000	0.062
35690.000	0.057
35700.000	0.060
35710.000	0.059
35720.000	0.058
35730.000	0.064
35740.000	0.061
35750.000	0.057
35760.000	0.058
35770.000	0.054
35780.000	0.062
35790.000	0.057
35800.000	0.057
35810.000	0.058
35820.000	0.059
35830.000	0.056
35840.000	0.060
35850.000	0.059
35860.000	0.057
35870.000	0.056
35880.000	0.056
35890.000	0.058
35900.000	0.061
35910.000	0.056
35920.000	0.058
35930.000	0.052
35940.000	0.058
35950.000	0.059
35960.000	0.054
35970.000	0.056
35980.000	0.056
35990.000	0.056
36000.000	0.060
36010.000	0.056
36020.000	0.054
36030.000	0.055
36040.000	0.059
36050.000	0.057
36060.000	0.056
36070.000	0.056
36080.000	0.056
36090.000	0.056
36100.000	0.058
36110.000	0.058
36120.000	0.059
36130.000	0.057
36140.000	0.060
36150.000	0.055
36160.000	0.051
36170.000	0.051
36180.000	0.057
36190.000	0.059
36200.000	0.056
36210.000	0.055
36220.000	0.054
36230.000	0.054
36240.000	0.050
36250.000	0.054
36260.000	0.053
36270.000	0.052
36280.000	0.054
36290.000	0.058
36300.000	0.058
36310.000	0.056
36320.000	0.063
36330.000	0.059
36340.000	0.058
36350.000	0.056
36360.000	0.054
36370.000	0.053
36380.000	0.051
36390.000	0.054
36400.000	0.053
36410.000	0.054
36420.000	0.056
36430.000	0.055
36440.000	0.056
36450.000	0.050
36460.000	0.050
36470.000	0.053
36480.000	0.054
36490.000	0.052
36500.000	0.056
36510.000	0.052
36520.000	0.052
36530.000	0.057
36540.000	0.055
36550.000	0.052
36560.000	0.050
36570.000	0.053
36580.000	0.053
36590.000	0.056
36600.000	0.055
36610.000	0.055
36620.000	0.054
36630.000	0.053
36640.000	0.055
36650.000	0.060
36660.000	0.054
36670.000	0.055
36680.000	0.056
36690.000	0.060
36700.000	0.061
36710.000	0.055
36720.000	0.055
36730.000	0.057
36740.000	0.056
36750.000	0.055
36760.000	0.055
36770.000	0.054
36780.000	0.055
36790.000	0.052
36800.000	0.054
36810.000	0.052
36820.000	0.053
36830.000	0.053
36840.000	0.054
36850.000	0.057
36860.000	0.055
36870.000	0.056
36880.000	0.054
36890.000	0.051
36900.000	0.051
36910.000	0.053
36920.000	0.053
36930.000	0.054
36940.000	0.053
36950.000	0.053
36960.000	0.055
36970.000	0.053
36980.000	0.055
36990.000	0.053
37000.000	0.055
37010.000	0.054
37020.000	0.051
37030.000	0.053
37040.000	0.053
37050.000	0.051
37060.000	0.050
37070.000	0.049
37080.000	0.062
37090.000	0.054
37100.000	0.055
37110.000	0.053
37120.000	0.054
37130.000	0.053
37140.000	0.053
37150.000	0.052
37160.000	0.052
37170.000	0.051
37180.000	0.056
37190.000	0.055
37200.000	0.052
37210.000	0.050
37220.000	0.051
37230.000	0.049
37240.000	0.051
37250.000	0.055
37260.000	0.055
37270.000	0.054
37280.000	0.051
37290.000	0.052
37300.000	0.051
37310.000	0.051
37320.000	0.052
37330.000	0.050
37340.000	0.048
37350.000	0.047
37360.000	0.050
37370.000	0.052
37380.000	0.050
37390.000	0.048
37400.000	0.050
37410.000	0.047
37420.000	0.048
37430.000	0.048
37440.000	0.049
37450.000	0.054
37460.000	0.050
37470.000	0.050
37480.000	0.049
37490.000	0.048
37500.000	0.052
37510.000	0.052
37520.000	0.050
37530.000	0.047
37540.000	0.052
37550.000	0.051
37560.000	0.054
37570.000	0.054
37580.000	0.049
37590.000	0.046
37600.000	0.046
37610.000	0.051
37620.000	0.055
37630.000	0.053
37640.000	0.051
37650.000	0.053
37660.000	0.054
37670.000	0.052
37680.000	0.051
37690.000	0.052
37700.000	0.051
37710.000	0.051
37720.000	0.050
37730.000	0.056
37740.000	0.055
37750.000	0.052
37760.000	0.049
37770.000	0.051
37780.000	0.050
37790.000	0.052
37800.000	0.053
37810.000	0.049
37820.000	0.051
37830.000	0.049
37840.000	0.049
37850.000	0.045
37860.000	0.051
37870.000	0.052
37880.000	0.046
37890.000	0.047
37900.000	0.050
37910.000	0.054
37920.000	0.048
37930.000	0.048
37940.000	0.051
37950.000	0.052
37960.000	0.050
37970.000	0.053
37980.000	0.051
37990.000	0.049
38000.000	0.048
38010.000	0.053
38020.000	0.051
38030.000	0.047
38040.000	0.048
38050.000	0.048
38060.000	0.053
38070.000	0.053
38080.000	0.053
38090.000	0.050
38100.000	0.047
38110.000	0.048
38120.000	0.050
38130.000	0.049
38140.000	0.051
38150.000	0.046
38160.000	0.049
38170.000	0.048
38180.000	0.046
38190.000	0.049
38200.000	0.051
38210.000	0.052
38220.000	0.050
38230.000	0.049
38240.000	0.048
38250.000	0.046
38260.000	0.045
38270.000	0.046
38280.000	0.050
38290.000	0.052
38300.000	0.055
38310.000	0.052
38320.000	0.053
38330.000	0.054
38340.000	0.051
38350.000	0.052
38360.000	0.049
38370.000	0.055
38380.000	0.053
38390.000	0.053
38400.000	0.051
38410.000	0.048
38420.000	0.047
38430.000	0.046
38440.000	0.047
38450.000	0.049
38460.000	0.051
38470.000	0.047
38480.000	0.049
38490.000	0.051
38500.000	0.050
38510.000	0.049
38520.000	0.051
38530.000	0.052
38540.000	0.051
38550.000	0.051
38560.000	0.049
38570.000	0.048
38580.000	0.049
38590.000	0.049
38600.000	0.049
38610.000	0.046
38620.000	0.047
38630.000	0.050
38640.000	0.053
38650.000	0.051
38660.000	0.049
38670.000	0.051
38680.000	0.048
38690.000	0.048
38700.000	0.050
38710.000	0.053
38720.000	0.051
38730.000	0.050
38740.000	0.049
38750.000	0.048
38760.000	0.048
38770.000	0.051
38780.000	0.053
38790.000	0.052
38800.000	0.051
38810.000	0.047
38820.000	0.049
38830.000	0.047
38840.000	0.050
38850.000	0.053
38860.000	0.052
38870.000	0.050
38880.000	0.046
38890.000	0.049
38900.000	0.046
38910.000	0.045
38920.000	0.047
38930.000	0.046
38940.000	0.050
38950.000	0.051
38960.000	0.050
38970.000	0.049
38980.000	0.047
38990.000	0.045
39000.000	0.048
39010.000	0.050
39020.000	0.050
39030.000	0.052
39040.000	0.050
39050.000	0.048
39060.000	0.050
39070.000	0.049
39080.000	0.048
39090.000	0.049
39100.000	0.053
39110.000	0.047
39120.000	0.042
39130.000	0.044
39140.000	0.048
39150.000	0.052
39160.000	0.052
39170.000	0.049
39180.000	0.048
39190.000	0.044
39200.000	0.045
39210.000	0.047
39220.000	0.047
39230.000	0.052
39240.000	0.050
39250.000	0.051
39260.000	0.052
39270.000	0.050
39280.000	0.047
39290.000	0.044
39300.000	0.047
39310.000	0.052
39320.000	0.051
39330.000	0.050
39340.000	0.052
39350.000	0.049
39360.000	0.048
39370.000	0.047
39380.000	0.049
39390.000	0.052
39400.000	0.052
39410.000	0.050
39420.000	0.046
39430.000	0.046
39440.000	0.048
39450.000	0.052
39460.000	0.051
39470.000	0.051
39480.000	0.048
39490.000	0.045
39500.000	0.046
39510.000	0.044
39520.000	0.045
39530.000	0.048
39540.000	0.051
39550.000	0.052
39560.000	0.053
39570.000	0.048
39580.000	0.049
39590.000	0.048
39600.000	0.049
39610.000	0.052
39620.000	0.054
39630.000	0.053
39640.000	0.046
39650.000	0.045
39660.000	0.047
39670.000	0.049
39680.000	0.050
39690.000	0.047
39700.000	0.050
39710.000	0.048
39720.000	0.050
39730.000	0.047
39740.000	0.047
39750.000	0.048
39760.000	0.049
39770.000	0.049
39780.000	0.051
39790.000	0.048
39800.000	0.047
39810.000	0.047
39820.000	0.048
39830.000	0.046
39840.000	0.049
39850.000	0.048
39860.000	0.050
39870.000	0.047
39880.000	0.048
39890.000	0.047
39900.000	0.045
39910.000	0.046
39920.000	0.048
39930.000	0.049
39940.000	0.049
39950.000	0.047
39960.000	0.050
39970.000	0.048
39980.000	0.047
39990.000	0.044
40000.000	0.047
40010.000	0.048
40020.000	0.050
40030.000	0.050
40040.000	0.047
40050.000	0.045
40060.000	0.048
40070.000	0.049
40080.000	0.050
40090.000	0.052
40100.000	0.048
40110.000	0.048
40120.000	0.048
40130.000	0.045
40140.000	0.047
40150.000	0.048
40160.000	0.049
40170.000	0.047
40180.000	0.047
40190.000	0.048
40200.000	0.052
40210.000	0.049
40220.000	0.048
40230.000	0.046
40240.000	0.047
40250.000	0.048
40260.000	0.049
40270.000	0.047
40280.000	0.046
40290.000	0.045
40300.000	0.051
40310.000	0.052
40320.000	0.052
40330.000	0.050
40340.000	0.047
40350.000	0.049
40360.000	0.051
40370.000	0.050
40380.000	0.051
40390.000	0.053
40400.000	0.049
40410.000	0.050
40420.000	0.050
40430.000	0.046
40440.000	0.049
40450.000	0.048
40460.000	0.051
40470.000	0.052
40480.000	0.045
40490.000	0.047
40500.000	0.046
40510.000	0.050
40520.000	0.050
40530.000	0.050
40540.000	0.052
40550.000	0.050
40560.000	0.052
40570.000	0.047
40580.000	0.048
40590.000	0.049
40600.000	0.047
40610.000	0.050
40620.000	0.054
40630.000	0.054
40640.000	0.048
40650.000	0.046
40660.000	0.044
40670.000	0.043
40680.000	0.044
40690.000	0.047
40700.000	0.051
40710.000	0.052
40720.000	0.048
40730.000	0.046
40740.000	0.047
40750.000	0.045
40760.000	0.045
40770.000	0.048
40780.000	0.047
40790.000	0.049
40800.000	0.048
40810.000	0.052
40820.000	0.051
40830.000	0.051
40840.000	0.051
40850.000	0.048
40860.000	0.048
40870.000	0.047
40880.000	0.046
40890.000	0.047
40900.000	0.047
40910.000	0.047
40920.000	0.049
40930.000	0.051
40940.000	0.048
40950.000	0.048
40960.000	0.047
40970.000	0.050
40980.000	0.050
40990.000	0.047
41000.000	0.047
41010.000	0.047
41020.000	0.052
41030.000	0.049
41040.000	0.046
41050.000	0.048
41060.000	0.049
41070.000	0.047
41080.000	0.047
41090.000	0.049
41100.000	0.052
41110.000	0.051
41120.000	0.049
41130.000	0.047
41140.000	0.049
41150.000	0.048
41160.000	0.047
41170.000	0.049
41180.000	0.055
41190.000	0.052
41200.000	0.051
41210.000	0.049
41220.000	0.049
41230.000	0.047
41240.000	0.048
41250.000	0.048
41260.000	0.050
41270.000	0.053
41280.000	0.054
41290.000	0.052
41300.000	0.047
41310.000	0.050
41320.000	0.049
41330.000	0.050
41340.000	0.049
41350.000	0.044
41360.000	0.045
41370.000	0.046
41380.000	0.046
41390.000	0.047
41400.000	0.047
41410.000	0.046
41420.000	0.051
41430.000	0.047
41440.000	0.045
41450.000	0.051
41460.000	0.050
41470.000	0.047
41480.000	0.047
41490.000	0.051
41500.000	0.051
41510.000	0.050
41520.000	0.045
41530.000	0.044
41540.000	0.049
41550.000	0.048
41560.000	0.048
41570.000	0.047
41580.000	0.045
41590.000	0.047
41600.000	0.048
41610.000	0.045
41620.000	0.049
41630.000	0.051
41640.000	0.047
41650.000	0.048
41660.000	0.050
41670.000	0.050
41680.000	0.048
41690.000	0.049
41700.000	0.054
41710.000	0.051
41720.000	0.046
41730.000	0.049
41740.000	0.053
41750.000	0.050
41760.000	0.047
41770.000	0.048
41780.000	0.047
41790.000	0.044
41800.000	0.049
41810.000	0.044
41820.000	0.045
41830.000	0.045
41840.000	0.052
41850.000	0.049
41860.000	0.048
41870.000	0.050
41880.000	0.048
41890.000	0.049
41900.000	0.046
41910.000	0.046
41920.000	0.050
41930.000	0.052
41940.000	0.048
41950.000	0.047
41960.000	0.049
41970.000	0.051
41980.000	0.046
41990.000	0.053
42000.000	0.049
42010.000	0.045
42020.000	0.050
42030.000	0.051
42040.000	0.046
42050.000	0.047
42060.000	0.051
42070.000	0.052
42080.000	0.050
42090.000	0.047
42100.000	0.047
42110.000	0.050
42120.000	0.047
42130.000	0.046
42140.000	0.050
42150.000	0.046
42160.000	0.043
42170.000	0.048
42180.000	0.050
42190.000	0.050
42200.000	0.047
42210.000	0.047
42220.000	0.048
42230.000	0.045
42240.000	0.049
42250.000	0.050
42260.000	0.051
42270.000	0.049
42280.000	0.048
42290.000	0.049
42300.000	0.048
42310.000	0.050
42320.000	0.048
42330.000	0.049
42340.000	0.054
42350.000	0.048
42360.000	0.048
42370.000	0.051
42380.000	0.049
42390.000	0.048
42400.000	0.047
42410.000	0.046
42420.000	0.050
42430.000	0.051
42440.000	0.051
42450.000	0.048
42460.000	0.046
42470.000	0.049
42480.000	0.050
42490.000	0.049
42500.000	0.050
42510.000	0.048
42520.000	0.047
42530.000	0.047
42540.000	0.048
42550.000	0.047
42560.000	0.047
42570.000	0.050
42580.000	0.051
42590.000	0.047
42600.000	0.050
42610.000	0.050
42620.000	0.049
42630.000	0.044
42640.000	0.048
42650.000	0.050
42660.000	0.047
42670.000	0.045
42680.000	0.043
42690.000	0.048
42700.000	0.050
42710.000	0.048
42720.000	0.046
42730.000	0.052
42740.000	0.047
42750.000	0.049
42760.000	0.046
42770.000	0.049
42780.000	0.046
42790.000	0.048
42800.000	0.051
42810.000	0.053
42820.000	0.049
42830.000	0.050
42840.000	0.052
42850.000	0.048
42860.000	0.047
42870.000	0.053
42880.000	0.046
42890.000	0.045
42900.000	0.051
42910.000	0.047
42920.000	0.049
42930.000	0.052
42940.000	0.047
42950.000	0.049
42960.000	0.051
42970.000	0.049
42980.000	0.048
42990.000	0.048
43000.000	0.048
43010.000	0.048
43020.000	0.049
43030.000	0.047
43040.000	0.047
43050.000	0.048
43060.000	0.049
43070.000	0.053
43080.000	0.051
43090.000	0.046
43100.000	0.047
43110.000	0.049
43120.000	0.052
43130.000	0.062
43140.000	0.052
43150.000	0.055
43160.000	0.053
43170.000	0.049
43180.000	0.050
43190.000	0.053
43200.000	0.049
43210.000	0.051
43220.000	0.049
43230.000	0.048
43240.000	0.051
43250.000	0.053
43260.000	0.047
43270.000	0.049
43280.000	0.051
43290.000	0.049
43300.000	0.049
43310.000	0.049
43320.000	0.049
43330.000	0.048
43340.000	0.050
43350.000	0.046
43360.000	0.047
43370.000	0.050
43380.000	0.050
43390.000	0.048
43400.000	0.047
43410.000	0.049
43420.000	0.048
43430.000	0.043
43440.000	0.044
43450.000	0.051
43460.000	0.050
43470.000	0.047
43480.000	0.049
43490.000	0.048
43500.000	0.047
43510.000	0.049
43520.000	0.053
43530.000	0.053
43540.000	0.048
43550.000	0.051
43560.000	0.046
43570.000	0.049
43580.000	0.052
43590.000	0.048
43600.000	0.045
43610.000	0.050
43620.000	0.053
43630.000	0.046
43640.000	0.049
43650.000	0.049
43660.000	0.046
43670.000	0.048
43680.000	0.054
43690.000	0.048
43700.000	0.045
43710.000	0.049
43720.000	0.051
43730.000	0.051
43740.000	0.050
43750.000	0.049
43760.000	0.046
43770.000	0.046
43780.000	0.051
43790.000	0.050
43800.000	0.049
43810.000	0.048
43820.000	0.046
43830.000	0.048
43840.000	0.049
43850.000	0.052
43860.000	0.051
43870.000	0.045
43880.000	0.045
43890.000	0.051
43900.000	0.053
43910.000	0.056
43920.000	0.050
43930.000	0.049
43940.000	0.048
43950.000	0.053
43960.000	0.050
43970.000	0.051
43980.000	0.046
43990.000	0.050
44000.000	0.050
44010.000	0.050
44020.000	0.047
44030.000	0.046
44040.000	0.045
44050.000	0.048
44060.000	0.052
44070.000	0.049
44080.000	0.048
44090.000	0.051
44100.000	0.048
44110.000	0.049
44120.000	0.049
44130.000	0.046
44140.000	0.046
44150.000	0.046
44160.000	0.050
44170.000	0.050
44180.000	0.052
44190.000	0.051
44200.000	0.050
44210.000	0.046
44220.000	0.047
44230.000	0.049
44240.000	0.049
44250.000	0.052
44260.000	0.052
44270.000	0.052
44280.000	0.051
44290.000	0.052
44300.000	0.046
44310.000	0.045
44320.000	0.053
44330.000	0.050
44340.000	0.049
44350.000	0.048
44360.000	0.045
44370.000	0.046
44380.000	0.048
44390.000	0.052
44400.000	0.051
44410.000	0.051
44420.000	0.050
44430.000	0.051
44440.000	0.045
44450.000	0.048
44460.000	0.050
44470.000	0.046
44480.000	0.053
44490.000	0.048
44500.000	0.048
44510.000	0.049
44520.000	0.048
44530.000	0.048
44540.000	0.050
44550.000	0.050
44560.000	0.049
44570.000	0.051
44580.000	0.051
44590.000	0.049
44600.000	0.047
44610.000	0.048
44620.000	0.047
44630.000	0.051
44640.000	0.052
44650.000	0.048
44660.000	0.048
44670.000	0.045
44680.000	0.051
44690.000	0.054
44700.000	0.050
44710.000	0.052
44720.000	0.053
44730.000	0.051
44740.000	0.047
44750.000	0.049
44760.000	0.045
44770.000	0.049
44780.000	0.049
44790.000	0.049
44800.000	0.050
44810.000	0.050
44820.000	0.050
44830.000	0.049
44840.000	0.051
44850.000	0.049
44860.000	0.049
44870.000	0.047
44880.000	0.048
44890.000	0.047
44900.000	0.047
44910.000	0.046
44920.000	0.048
44930.000	0.050
44940.000	0.050
44950.000	0.047
44960.000	0.046
44970.000	0.048
44980.000	0.049
44990.000	0.047
45000.000	0.048
45010.000	0.048
45020.000	0.049
45030.000	0.048
45040.000	0.053
45050.000	0.053
45060.000	0.050
45070.000	0.050
45080.000	0.050
45090.000	0.049
45100.000	0.052
45110.000	0.051
45120.000	0.052
45130.000	0.055
45140.000	0.051
45150.000	0.047
45160.000	0.048
45170.000	0.049
45180.000	0.053
45190.000	0.055
45200.000	0.051
45210.000	0.048
45220.000	0.047
45230.000	0.045
45240.000	0.047
45250.000	0.049
45260.000	0.044
45270.000	0.046
45280.000	0.046
45290.000	0.046
45300.000	0.046
45310.000	0.047
45320.000	0.048
45330.000	0.049
45340.000	0.048
45350.000	0.050
45360.000	0.053
45370.000	0.053
45380.000	0.049
45390.000	0.048
45400.000	0.045
45410.000	0.045
45420.000	0.049
45430.000	0.050
45440.000	0.050
45450.000	0.049
45460.000	0.046
45470.000	0.046
45480.000	0.049
45490.000	0.046
45500.000	0.047
45510.000	0.044
45520.000	0.047
45530.000	0.050
45540.000	0.049
45550.000	0.051
45560.000	0.054
45570.000	0.051
45580.000	0.051
45590.000	0.050
45600.000	0.052
45610.000	0.049
45620.000	0.047
45630.000	0.050
45640.000	0.048
45650.000	0.051
45660.000	0.050
45670.000	0.048
45680.000	0.048
45690.000	0.046
45700.000	0.048
45710.000	0.047
45720.000	0.047
45730.000	0.048
45740.000	0.047
45750.000	0.053
45760.000	0.053
45770.000	0.052
45780.000	0.052
45790.000	0.053
45800.000	0.049
45810.000	0.050
45820.000	0.046
45830.000	0.047
45840.000	0.049
45850.000	0.049
45860.000	0.053
45870.000	0.051
45880.000	0.051
45890.000	0.049
45900.000	0.048
45910.000	0.044
45920.000	0.047
45930.000	0.047
45940.000	0.046
45950.000	0.049
45960.000	0.050
45970.000	0.051
45980.000	0.050
45990.000	0.051
46000.000	0.051
46010.000	0.048
46020.000	0.048
46030.000	0.047
46040.000	0.044
46050.000	0.044
46060.000	0.044
46070.000	0.047
46080.000	0.049
46090.000	0.052
46100.000	0.051
46110.000	0.048
46120.000	0.050
46130.000	0.048
46140.000	0.045
46150.000	0.050
46160.000	0.048
46170.000	0.048
46180.000	0.049
46190.000	0.051
46200.000	0.048
46210.000	0.048
46220.000	0.047
46230.000	0.047
46240.000	0.048
46250.000	0.049
46260.000	0.050
46270.000	0.051
46280.000	0.050
46290.000	0.049
46300.000	0.045
46310.000	0.045
46320.000	0.046
46330.000	0.045
46340.000	0.046
46350.000	0.050
46360.000	0.052
46370.000	0.052
46380.000	0.050
46390.000	0.052
46400.000	0.049
46410.000	0.045
46420.000	0.046
46430.000	0.050
46440.000	0.053
46450.000	0.049
46460.000	0.047
46470.000	0.048
46480.000	0.050
46490.000	0.051
46500.000	0.053
46510.000	0.050
46520.000	0.047
46530.000	0.050
46540.000	0.051
46550.000	0.048
46560.000	0.050
46570.000	0.057
46580.000	0.052
46590.000	0.050
46600.000	0.050
46610.000	0.051
46620.000	0.047
46630.000	0.051
46640.000	0.053
46650.000	0.052
46660.000	0.050
46670.000	0.047
46680.000	0.045
46690.000	0.044
46700.000	0.043
46710.000	0.047
46720.000	0.056
46730.000	0.053
46740.000	0.051
46750.000	0.048
46760.000	0.045
46770.000	0.045
46780.000	0.045
46790.000	0.047
46800.000	0.047
46810.000	0.051
46820.000	0.053
46830.000	0.051
46840.000	0.051
46850.000	0.051
46860.000	0.052
46870.000	0.048
46880.000	0.050
46890.000	0.051
46900.000	0.050
46910.000	0.051
46920.000	0.051
46930.000	0.049
46940.000	0.047
46950.000	0.045
46960.000	0.047
46970.000	0.052
46980.000	0.051
46990.000	0.047
47000.000	0.049
47010.000	0.047
47020.000	0.047
47030.000	0.045
47040.000	0.046
47050.000	0.046
47060.000	0.047
47070.000	0.051
47080.000	0.054
47090.000	0.057
47100.000	0.051
47110.000	0.053
47120.000	0.046
47130.000	0.048
47140.000	0.045
47150.000	0.046
47160.000	0.046
47170.000	0.050
47180.000	0.051
47190.000	0.051
47200.000	0.048
47210.000	0.047
47220.000	0.049
47230.000	0.047
47240.000	0.050
47250.000	0.051
47260.000	0.051
47270.000	0.051
47280.000	0.053
47290.000	0.047
47300.000	0.049
47310.000	0.049
47320.000	0.050
47330.000	0.051
47340.000	0.052
47350.000	0.051
47360.000	0.055
47370.000	0.051
47380.000	0.051
47390.000	0.047
47400.000	0.044
47410.000	0.044
47420.000	0.047
47430.000	0.048
47440.000	0.051
47450.000	0.053
47460.000	0.053
47470.000	0.052
47480.000	0.045
47490.000	0.046
47500.000	0.048
47510.000	0.053
47520.000	0.051
47530.000	0.051
47540.000	0.049
47550.000	0.049
47560.000	0.047
47570.000	0.048
47580.000	0.049
47590.000	0.049
47600.000	0.052
47610.000	0.048
47620.000	0.050
47630.000	0.049
47640.000	0.046
47650.000	0.050
47660.000	0.053
47670.000	0.049
47680.000	0.048
47690.000	0.049
47700.000	0.046
47710.000	0.049
47720.000	0.055
47730.000	0.053
47740.000	0.051
47750.000	0.051
47760.000	0.051
47770.000	0.048
47780.000	0.045
47790.000	0.048
47800.000	0.048
47810.000	0.048
47820.000	0.053
47830.000	0.051
47840.000	0.047
47850.000	0.044
47860.000	0.047
47870.000	0.052
47880.000	0.051
47890.000	0.051
47900.000	0.052
47910.000	0.048
47920.000	0.044
47930.000	0.045
47940.000	0.047
47950.000	0.049
47960.000	0.050
47970.000	0.050
47980.000	0.049
47990.000	0.047
48000.000	0.050
48010.000	0.051
48020.000	0.052
48030.000	0.047
48040.000	0.046
48050.000	0.045
48060.000	0.047
48070.000	0.047
48080.000	0.050
48090.000	0.051
48100.000	0.053
48110.000	0.051
48120.000	0.051
48130.000	0.049
48140.000	0.047
48150.000	0.048
48160.000	0.046
48170.000	0.048
48180.000	0.049
48190.000	0.051
48200.000	0.050
48210.000	0.050
48220.000	0.047
48230.000	0.046
48240.000	0.045
48250.000	0.045
48260.000	0.047
48270.000	0.049
48280.000	0.047
48290.000	0.048
48300.000	0.050
48310.000	0.050
48320.000	0.050
48330.000	0.052
48340.000	0.049
48350.000	0.046
48360.000	0.046
48370.000	0.051
48380.000	0.046
48390.000	0.047
48400.000	0.051
48410.000	0.050
48420.000	0.049
48430.000	0.048
48440.000	0.045
48450.000	0.047
48460.000	0.048
48470.000	0.048
48480.000	0.047
48490.000	0.047
48494.000	0.048
