10.000	0.002
20.000	0.002
30.000	0.002
40.000	0.002
50.000	0.002
60.000	0.002
70.000	0.001
80.000	0.002
90.000	0.003
100.000	0.003
110.000	0.002
120.000	0.002
130.000	0.002
140.000	0.002
150.000	0.002
160.000	0.002
170.000	0.002
180.000	0.002
190.000	0.002
200.000	0.002
210.000	0.002
220.000	0.002
230.000	0.002
240.000	0.002
250.000	0.002
260.000	0.002
270.000	0.001
280.000	0.002
290.000	0.002
300.000	0.002
310.000	0.002
320.000	0.003
330.000	0.002
340.000	0.002
350.000	0.002
360.000	0.002
370.000	0.002
380.000	0.002
390.000	0.002
400.000	0.002
410.000	0.002
420.000	0.002
430.000	0.002
440.000	0.002
450.000	0.002
460.000	0.002
470.000	0.002
480.000	0.002
490.000	0.002
500.000	0.002
510.000	0.002
520.000	0.002
530.000	0.002
540.000	0.002
550.000	0.002
560.000	0.002
570.000	0.002
580.000	0.002
590.000	0.002
600.000	0.002
610.000	0.002
620.000	0.002
630.000	0.002
640.000	0.002
650.000	0.002
660.000	0.002
670.000	0.002
680.000	0.002
690.000	0.002
700.000	0.003
710.000	0.002
720.000	0.002
730.000	0.002
740.000	0.002
750.000	0.002
760.000	0.002
770.000	0.002
780.000	0.002
790.000	0.002
800.000	0.002
810.000	0.002
820.000	0.002
830.000	0.003
840.000	0.002
850.000	0.003
860.000	0.002
870.000	0.002
880.000	0.002
890.000	0.002
900.000	0.003
910.000	0.003
920.000	0.002
930.000	0.002
940.000	0.002
950.000	0.002
960.000	0.002
970.000	0.002
980.000	0.002
990.000	0.002
1000.000	0.002
1010.000	0.002
1020.000	0.002
1030.000	0.002
1040.000	0.002
1050.000	0.002
1060.000	0.002
1070.000	0.002
1080.000	0.002
1090.000	0.002
1100.000	0.003
1110.000	0.003
1120.000	0.003
1130.000	0.002
1140.000	0.002
1150.000	0.002
1160.000	0.003
1170.000	0.002
1180.000	0.002
1190.000	0.002
1200.000	0.001
1210.000	0.002
1220.000	0.002
1230.000	0.002
1240.000	0.002
1250.000	0.002
1260.000	0.002
1270.000	0.001
1280.000	0.002
1290.000	0.002
1300.000	0.003
1310.000	0.002
1320.000	0.003
1330.000	0.003
1340.000	0.003
1350.000	0.002
1360.000	0.002
1370.000	0.003
1380.000	0.003
1390.000	0.002
1400.000	0.002
1410.000	0.002
1420.000	0.003
1430.000	0.002
1440.000	0.003
1450.000	0.002
1460.000	0.002
1470.000	0.003
1480.000	0.002
1490.000	0.002
1500.000	0.002
1510.000	0.002
1520.000	0.002
1530.000	0.002
1540.000	0.002
1550.000	0.002
1560.000	0.002
1570.000	0.003
1580.000	0.002
1590.000	0.002
1600.000	0.002
1610.000	0.002
1620.000	0.002
1630.000	0.003
1640.000	0.002
1650.000	0.002
1660.000	0.002
1670.000	0.002
1680.000	0.002
1690.000	0.002
1700.000	0.002
1710.000	0.002
1720.000	0.002
1730.000	0.002
1740.000	0.002
1750.000	0.003
1760.000	0.002
1770.000	0.002
1780.000	0.002
1790.000	0.002
1800.000	0.002
1810.000	0.003
1820.000	0.003
1830.000	0.002
1840.000	0.002
1850.000	0.002
1860.000	0.003
1870.000	0.003
1880.000	0.002
1890.000	0.003
1900.000	0.002
1910.000	0.003
1920.000	0.002
1930.000	0.002
1940.000	0.002
1950.000	0.002
1960.000	0.002
1970.000	0.002
1980.000	0.003
1990.000	0.002
2000.000	0.002
2010.000	0.002
2020.000	0.002
2030.000	0.003
2040.000	0.003
2050.000	0.002
2060.000	0.003
2070.000	0.002
2080.000	0.003
2090.000	0.003
2100.000	0.002
2110.000	0.002
2120.000	0.002
2130.000	0.002
2140.000	0.002
2150.000	0.002
2160.000	0.003
2170.000	0.003
2180.000	0.003
2190.000	0.003
2200.000	0.002
2210.000	0.002
2220.000	0.002
2230.000	0.002
2240.000	0.002
2250.000	0.002
2260.000	0.002
2270.000	0.002
2280.000	0.002
2290.000	0.002
2300.000	0.003
2310.000	0.002
2320.000	0.002
2330.000	0.002
2340.000	0.002
2350.000	0.003
2360.000	0.002
2370.000	0.002
2380.000	0.002
2390.000	0.003
2400.000	0.002
2410.000	0.003
2420.000	0.002
2430.000	0.002
2440.000	0.002
2450.000	0.002
2460.000	0.002
2470.000	0.002
2480.000	0.002
2490.000	0.002
2500.000	0.003
2510.000	0.003
2520.000	0.003
2530.000	0.003
2540.000	0.003
2550.000	0.002
2560.000	0.003
2570.000	0.002
2580.000	0.002
2590.000	0.002
2600.000	0.002
2610.000	0.002
2620.000	0.003
2630.000	0.002
2640.000	0.003
2650.000	0.003
2660.000	0.003
2670.000	0.002
2680.000	0.002
2690.000	0.003
2700.000	0.003
2710.000	0.003
2720.000	0.002
2730.000	0.002
2740.000	0.002
2750.000	0.002
2760.000	0.002
2770.000	0.002
2780.000	0.002
2790.000	0.002
2800.000	0.002
2810.000	0.002
2820.000	0.003
2830.000	0.002
2840.000	0.003
2850.000	0.003
2860.000	0.002
2870.000	0.003
2880.000	0.003
2890.000	0.002
2900.000	0.002
2910.000	0.002
2920.000	0.002
2930.000	0.002
2940.000	0.002
2950.000	0.003
2960.000	0.003
2970.000	0.003
2980.000	0.002
2990.000	0.003
3000.000	0.003
3010.000	0.003
3020.000	0.003
3030.000	0.003
3040.000	0.003
3050.000	0.003
3060.000	0.002
3070.000	0.002
3080.000	0.002
3090.000	0.002
3100.000	0.002
3110.000	0.002
3120.000	0.002
3130.000	0.002
3140.000	0.003
3150.000	0.003
3160.000	0.004
3170.000	0.003
3180.000	0.003
3190.000	0.003
3200.000	0.003
3210.000	0.003
3220.000	0.003
3230.000	0.003
3240.000	0.002
3250.000	0.002
3260.000	0.003
3270.000	0.003
3280.000	0.003
3290.000	0.002
3300.000	0.002
3310.000	0.002
3320.000	0.003
3330.000	0.003
3340.000	0.003
3350.000	0.003
3360.000	0.003
3370.000	0.003
3380.000	0.003
3390.000	0.002
3400.000	0.002
3410.000	0.002
3420.000	0.002
3430.000	0.002
3440.000	0.003
3450.000	0.002
3460.000	0.002
3470.000	0.003
3480.000	0.003
3490.000	0.002
3500.000	0.003
3510.000	0.002
3520.000	0.003
3530.000	0.002
3540.000	0.003
3550.000	0.002
3560.000	0.003
3570.000	0.002
3580.000	0.003
3590.000	0.003
3600.000	0.003
3610.000	0.003
3620.000	0.003
3630.000	0.003
3640.000	0.003
3650.000	0.002
3660.000	0.003
3670.000	0.003
3680.000	0.003
3690.000	0.004
3700.000	0.002
3710.000	0.003
3720.000	0.003
3730.000	0.003
3740.000	0.003
3750.000	0.003
3760.000	0.003
3770.000	0.003
3780.000	0.003
3790.000	0.003
3800.000	0.003
3810.000	0.003
3820.000	0.003
3830.000	0.003
3840.000	0.003
3850.000	0.002
3860.000	0.003
3870.000	0.003
3880.000	0.003
3890.000	0.003
3900.000	0.003
3910.000	0.003
3920.000	0.004
3930.000	0.003
3940.000	0.003
3950.000	0.003
3960.000	0.003
3970.000	0.003
3980.000	0.002
3990.000	0.003
4000.000	0.003
4010.000	0.003
4020.000	0.003
4030.000	0.003
4040.000	0.002
4050.000	0.003
4060.000	0.003
4070.000	0.002
4080.000	0.003
4090.000	0.002
4100.000	0.003
4110.000	0.003
4120.000	0.003
4130.000	0.003
4140.000	0.003
4150.000	0.003
4160.000	0.003
4170.000	0.003
4180.000	0.003
4190.000	0.003
4200.000	0.003
4210.000	0.003
4220.000	0.003
4230.000	0.003
4240.000	0.003
4250.000	0.003
4260.000	0.004
4270.000	0.003
4280.000	0.003
4290.000	0.003
4300.000	0.003
4310.000	0.003
4320.000	0.003
4330.000	0.003
4340.000	0.003
4350.000	0.003
4360.000	0.004
4370.000	0.003
4380.000	0.003
4390.000	0.003
4400.000	0.003
4410.000	0.004
4420.000	0.002
4430.000	0.003
4440.000	0.002
4450.000	0.003
4460.000	0.002
4470.000	0.003
4480.000	0.003
4490.000	0.004
4500.000	0.004
4510.000	0.003
4520.000	0.003
4530.000	0.003
4540.000	0.003
4550.000	0.003
4560.000	0.003
4570.000	0.003
4580.000	0.003
4590.000	0.003
4600.000	0.003
4610.000	0.003
4620.000	0.003
4630.000	0.003
4640.000	0.003
4650.000	0.003
4660.000	0.002
4670.000	0.003
4680.000	0.003
4690.000	0.003
4700.000	0.003
4710.000	0.003
4720.000	0.003
4730.000	0.003
4740.000	0.003
4750.000	0.002
4760.000	0.002
4770.000	0.003
4780.000	0.003
4790.000	0.003
4800.000	0.003
4810.000	0.003
4820.000	0.003
4830.000	0.003
4840.000	0.003
4850.000	0.003
4860.000	0.003
4870.000	0.003
4880.000	0.003
4890.000	0.003
4900.000	0.003
4910.000	0.003
4920.000	0.002
4930.000	0.003
4940.000	0.004
4950.000	0.004
4960.000	0.003
4970.000	0.003
4980.000	0.004
4990.000	0.003
5000.000	0.003
5010.000	0.003
5020.000	0.003
5030.000	0.003
5040.000	0.003
5050.000	0.003
5060.000	0.003
5070.000	0.003
5080.000	0.003
5090.000	0.003
5100.000	0.003
5110.000	0.003
5120.000	0.003
5130.000	0.003
5140.000	0.003
5150.000	0.003
5160.000	0.003
5170.000	0.004
5180.000	0.003
5190.000	0.003
5200.000	0.003
5210.000	0.003
5220.000	0.002
5230.000	0.003
5240.000	0.003
5250.000	0.003
5260.000	0.003
5270.000	0.002
5280.000	0.003
5290.000	0.003
5300.000	0.003
5310.000	0.003
5320.000	0.003
5330.000	0.003
5340.000	0.003
5350.000	0.003
5360.000	0.003
5370.000	0.002
5380.000	0.003
5390.000	0.003
5400.000	0.003
5410.000	0.003
5420.000	0.003
5430.000	0.003
5440.000	0.003
5450.000	0.003
5460.000	0.002
5470.000	0.003
5480.000	0.003
5490.000	0.004
5500.000	0.004
5510.000	0.004
5520.000	0.003
5530.000	0.003
5540.000	0.004
5550.000	0.003
5560.000	0.004
5570.000	0.003
5580.000	0.004
5590.000	0.003
5600.000	0.004
5610.000	0.004
5620.000	0.004
5630.000	0.004
5640.000	0.003
5650.000	0.003
5660.000	0.003
5670.000	0.004
5680.000	0.003
5690.000	0.003
5700.000	0.004
5710.000	0.003
5720.000	0.003
5730.000	0.004
5740.000	0.003
5750.000	0.004
5760.000	0.004
5770.000	0.003
5780.000	0.003
5790.000	0.002
5800.000	0.003
5810.000	0.003
5820.000	0.003
5830.000	0.003
5840.000	0.003
5850.000	0.003
5860.000	0.004
5870.000	0.004
5880.000	0.004
5890.000	0.003
5900.000	0.003
5910.000	0.004
5920.000	0.003
5930.000	0.004
5940.000	0.004
5950.000	0.003
5960.000	0.003
5970.000	0.004
5980.000	0.003
5990.000	0.004
6000.000	0.004
6010.000	0.004
6020.000	0.004
6030.000	0.004
6040.000	0.004
6050.000	0.003
6060.000	0.004
6070.000	0.004
6080.000	0.003
6090.000	0.004
6100.000	0.004
6110.000	0.004
6120.000	0.003
6130.000	0.004
6140.000	0.004
6150.000	0.004
6160.000	0.003
6170.000	0.003
6180.000	0.004
6190.000	0.003
6200.000	0.004
6210.000	0.003
6220.000	0.004
6230.000	0.004
6240.000	0.003
6250.000	0.004
6260.000	0.003
6270.000	0.003
6280.000	0.004
6290.000	0.004
6300.000	0.004
6310.000	0.004
6320.000	0.005
6330.000	0.005
6340.000	0.004
6350.000	0.004
6360.000	0.004
6370.000	0.004
6380.000	0.003
6390.000	0.003
6400.000	0.004
6410.000	0.004
6420.000	0.004
6430.000	0.004
6440.000	0.004
6450.000	0.004
6460.000	0.003
6470.000	0.005
6480.000	0.004
6490.000	0.004
6500.000	0.004
6510.000	0.004
6520.000	0.004
6530.000	0.005
6540.000	0.004
6550.000	0.003
6560.000	0.003
6570.000	0.003
6580.000	0.003
6590.000	0.004
6600.000	0.004
6610.000	0.003
6620.000	0.005
6630.000	0.005
6640.000	0.004
6650.000	0.003
6660.000	0.003
6670.000	0.004
6680.000	0.004
6690.000	0.005
6700.000	0.004
6710.000	0.005
6720.000	0.004
6730.000	0.004
6740.000	0.004
6750.000	0.004
6760.000	0.004
6770.000	0.004
6780.000	0.005
6790.000	0.004
6800.000	0.004
6810.000	0.005
6820.000	0.005
6830.000	0.005
6840.000	0.005
6850.000	0.005
6860.000	0.005
6870.000	0.005
6880.000	0.005
6890.000	0.004
6900.000	0.004
6910.000	0.004
6920.000	0.004
6930.000	0.004
6940.000	0.005
6950.000	0.004
6960.000	0.004
6970.000	0.005
6980.000	0.004
6990.000	0.004
7000.000	0.004
7010.000	0.004
7020.000	0.004
7030.000	0.005
7040.000	0.004
7050.000	0.004
7060.000	0.004
7070.000	0.004
7080.000	0.004
7090.000	0.003
7100.000	0.005
7110.000	0.005
7120.000	0.005
7130.000	0.005
7140.000	0.005
7150.000	0.004
7160.000	0.004
7170.000	0.004
7180.000	0.004
7190.000	0.004
7200.000	0.004
7210.000	0.004
7220.000	0.005
7230.000	0.004
7240.000	0.005
7250.000	0.004
7260.000	0.004
7270.000	0.004
7280.000	0.005
7290.000	0.004
7300.000	0.004
7310.000	0.004
7320.000	0.004
7330.000	0.005
7340.000	0.003
7350.000	0.004
7360.000	0.004
7370.000	0.004
7380.000	0.005
7390.000	0.005
7400.000	0.004
7410.000	0.005
7420.000	0.005
7430.000	0.004
7440.000	0.004
7450.000	0.004
7460.000	0.005
7470.000	0.004
7480.000	0.005
7490.000	0.004
7500.000	0.005
7510.000	0.004
7520.000	0.005
7530.000	0.004
7540.000	0.004
7550.000	0.004
7560.000	0.004
7570.000	0.004
7580.000	0.004
7590.000	0.004
7600.000	0.005
7610.000	0.004
7620.000	0.005
7630.000	0.004
7640.000	0.004
7650.000	0.004
7660.000	0.004
7670.000	0.005
7680.000	0.003
7690.000	0.005
7700.000	0.004
7710.000	0.005
7720.000	0.004
7730.000	0.005
7740.000	0.004
7750.000	0.004
7760.000	0.004
7770.000	0.004
7780.000	0.004
7790.000	0.004
7800.000	0.004
7810.000	0.004
7820.000	0.004
7830.000	0.005
7840.000	0.004
7850.000	0.005
7860.000	0.003
7870.000	0.004
7880.000	0.005
7890.000	0.005
7900.000	0.005
7910.000	0.005
7920.000	0.005
7930.000	0.005
7940.000	0.005
7950.000	0.005
7960.000	0.005
7970.000	0.004
7980.000	0.005
7990.000	0.005
8000.000	0.005
8010.000	0.005
8020.000	0.005
8030.000	0.006
8040.000	0.005
8050.000	0.005
8060.000	0.005
8070.000	0.005
8080.000	0.005
8090.000	0.004
8100.000	0.004
8110.000	0.005
8120.000	0.004
8130.000	0.003
8140.000	0.004
8150.000	0.004
8160.000	0.005
8170.000	0.004
8180.000	0.004
8190.000	0.004
8200.000	0.004
8210.000	0.004
8220.000	0.004
8230.000	0.005
8240.000	0.004
8250.000	0.003
8260.000	0.003
8270.000	0.005
8280.000	0.005
8290.000	0.005
8300.000	0.005
8310.000	0.004
8320.000	0.005
8330.000	0.005
8340.000	0.005
8350.000	0.005
8360.000	0.005
8370.000	0.005
8380.000	0.004
8390.000	0.003
8400.000	0.004
8410.000	0.005
8420.000	0.004
8430.000	0.005
8440.000	0.005
8450.000	0.004
8460.000	0.005
8470.000	0.005
8480.000	0.005
8490.000	0.005
8500.000	0.005
8510.000	0.004
8520.000	0.005
8530.000	0.005
8540.000	0.005
8550.000	0.005
8560.000	0.005
8570.000	0.005
8580.000	0.006
8590.000	0.006
8600.000	0.006
8610.000	0.006
8620.000	0.006
8630.000	0.006
8640.000	0.006
8650.000	0.006
8660.000	0.006
8670.000	0.005
8680.000	0.006
8690.000	0.007
8700.000	0.005
8710.000	0.005
8720.000	0.005
8730.000	0.004
8740.000	0.004
8750.000	0.005
8760.000	0.004
8770.000	0.004
8780.000	0.004
8790.000	0.004
8800.000	0.003
8810.000	0.004
8820.000	0.004
8830.000	0.004
8840.000	0.004
8850.000	0.004
8860.000	0.004
8870.000	0.005
8880.000	0.004
8890.000	0.004
8900.000	0.004
8910.000	0.005
8920.000	0.005
8930.000	0.005
8940.000	0.005
8950.000	0.005
8960.000	0.004
8970.000	0.004
8980.000	0.004
8990.000	0.004
9000.000	0.004
9010.000	0.005
9020.000	0.005
9030.000	0.004
9040.000	0.005
9050.000	0.004
9060.000	0.004
9070.000	0.004
9080.000	0.004
9090.000	0.005
9100.000	0.004
9110.000	0.005
9120.000	0.004
9130.000	0.005
9140.000	0.004
9150.000	0.005
9160.000	0.005
9170.000	0.004
9180.000	0.004
9190.000	0.004
9200.000	0.004
9210.000	0.005
9220.000	0.005
9230.000	0.005
9240.000	0.006
9250.000	0.006
9260.000	0.005
9270.000	0.005
9280.000	0.005
9290.000	0.005
9300.000	0.005
9310.000	0.005
9320.000	0.005
9330.000	0.005
9340.000	0.006
9350.000	0.006
9360.000	0.007
9370.000	0.006
9380.000	0.007
9390.000	0.007
9400.000	0.007
9410.000	0.007
9420.000	0.007
9430.000	0.007
9440.000	0.007
9450.000	0.008
9460.000	0.007
9470.000	0.007
9480.000	0.007
9490.000	0.007
9500.000	0.006
9510.000	0.007
9520.000	0.006
9530.000	0.006
9540.000	0.005
9550.000	0.004
9560.000	0.005
9570.000	0.004
9580.000	0.003
9590.000	0.004
9600.000	0.004
9610.000	0.004
9620.000	0.003
9630.000	0.004
9640.000	0.004
9650.000	0.004
9660.000	0.005
9670.000	0.004
9680.000	0.003
9690.000	0.004
9700.000	0.004
9710.000	0.004
9720.000	0.004
9730.000	0.004
9740.000	0.004
9750.000	0.004
9760.000	0.004
9770.000	0.003
9780.000	0.004
9790.000	0.004
9800.000	0.005
9810.000	0.005
9820.000	0.004
9830.000	0.004
9840.000	0.005
9850.000	0.005
9860.000	0.005
9870.000	0.005
9880.000	0.005
9890.000	0.005
9900.000	0.005
9910.000	0.005
9920.000	0.006
9930.000	0.006
9940.000	0.006
9950.000	0.005
9960.000	0.006
9970.000	0.006
9980.000	0.005
9990.000	0.005
10000.000	0.004
10010.000	0.005
10020.000	0.005
10030.000	0.005
10040.000	0.005
10050.000	0.004
10060.000	0.005
10070.000	0.004
10080.000	0.004
10090.000	0.004
10100.000	0.004
10110.000	0.004
10120.000	0.004
10130.000	0.004
10140.000	0.005
10150.000	0.004
10160.000	0.004
10170.000	0.005
10180.000	0.005
10190.000	0.005
10200.000	0.005
10210.000	0.005
10220.000	0.005
10230.000	0.005
10240.000	0.005
10250.000	0.005
10260.000	0.004
10270.000	0.004
10280.000	0.004
10290.000	0.005
10300.000	0.005
10310.000	0.004
10320.000	0.005
10330.000	0.005
10340.000	0.006
10350.000	0.005
10360.000	0.005
10370.000	0.006
10380.000	0.006
10390.000	0.007
10400.000	0.007
10410.000	0.009
10420.000	0.011
10430.000	0.010
10440.000	0.012
10450.000	0.013
10460.000	0.012
10470.000	0.013
10480.000	0.013
10490.000	0.011
10500.000	0.009
10510.000	0.008
10520.000	0.008
10530.000	0.007
10540.000	0.007
10550.000	0.008
10560.000	0.007
10570.000	0.007
10580.000	0.007
10590.000	0.007
10600.000	0.007
10610.000	0.007
10620.000	0.007
10630.000	0.007
10640.000	0.007
10650.000	0.006
10660.000	0.005
10670.000	0.005
10680.000	0.005
10690.000	0.004
10700.000	0.003
10710.000	0.004
10720.000	0.004
10730.000	0.004
10740.000	0.003
10750.000	0.003
10760.000	0.003
10770.000	0.003
10780.000	0.003
10790.000	0.003
10800.000	0.003
10810.000	0.003
10820.000	0.003
10830.000	0.003
10840.000	0.004
10850.000	0.005
10860.000	0.004
10870.000	0.004
10880.000	0.003
10890.000	0.003
10900.000	0.003
10910.000	0.003
10920.000	0.003
10930.000	0.004
10940.000	0.003
10950.000	0.003
10960.000	0.003
10970.000	0.004
10980.000	0.003
10990.000	0.003
11000.000	0.003
11010.000	0.003
11020.000	0.003
11030.000	0.003
11040.000	0.004
11050.000	0.004
11060.000	0.004
11070.000	0.004
11080.000	0.004
11090.000	0.004
11100.000	0.004
11110.000	0.003
11120.000	0.004
11130.000	0.004
11140.000	0.005
11150.000	0.004
11160.000	0.005
11170.000	0.005
11180.000	0.004
11190.000	0.005
11200.000	0.005
11210.000	0.005
11220.000	0.006
11230.000	0.005
11240.000	0.006
11250.000	0.005
11260.000	0.005
11270.000	0.005
11280.000	0.006
11290.000	0.006
11300.000	0.007
11310.000	0.007
11320.000	0.008
11330.000	0.009
11340.000	0.009
11350.000	0.011
11360.000	0.012
11370.000	0.012
11380.000	0.012
11390.000	0.014
11400.000	0.014
11410.000	0.013
11420.000	0.012
11430.000	0.012
11440.000	0.011
11450.000	0.010
11460.000	0.008
11470.000	0.007
11480.000	0.006
11490.000	0.005
11500.000	0.005
11510.000	0.004
11520.000	0.004
11530.000	0.004
11540.000	0.003
11550.000	0.003
11560.000	0.004
11570.000	0.003
11580.000	0.004
11590.000	0.004
11600.000	0.004
11610.000	0.004
11620.000	0.005
11630.000	0.004
11640.000	0.005
11650.000	0.007
11660.000	0.007
11670.000	0.007
11680.000	0.009
11690.000	0.013
11700.000	0.015
11710.000	0.017
11720.000	0.018
11730.000	0.019
11740.000	0.020
11750.000	0.019
11760.000	0.017
11770.000	0.015
11780.000	0.013
11790.000	0.010
11800.000	0.007
11810.000	0.007
11820.000	0.005
11830.000	0.005
11840.000	0.004
11850.000	0.004
11860.000	0.003
11870.000	0.003
11880.000	0.003
11890.000	0.002
11900.000	0.003
11910.000	0.003
11920.000	0.003
11930.000	0.003
11940.000	0.003
11950.000	0.003
11960.000	0.003
11970.000	0.004
11980.000	0.003
11990.000	0.003
12000.000	0.003
12010.000	0.003
12020.000	0.003
12030.000	0.003
12040.000	0.004
12050.000	0.003
12060.000	0.003
12070.000	0.004
12080.000	0.003
12090.000	0.003
12100.000	0.004
12110.000	0.005
12120.000	0.005
12130.000	0.005
12140.000	0.005
12150.000	0.005
12160.000	0.006
12170.000	0.006
12180.000	0.005
12190.000	0.005
12200.000	0.005
12210.000	0.005
12220.000	0.005
12230.000	0.004
12240.000	0.005
12250.000	0.005
12260.000	0.006
12270.000	0.006
12280.000	0.006
12290.000	0.007
12300.000	0.007
12310.000	0.010
12320.000	0.011
12330.000	0.014
12340.000	0.015
12350.000	0.018
12360.000	0.020
12370.000	0.021
12380.000	0.021
12390.000	0.021
12400.000	0.019
12410.000	0.017
12420.000	0.014
12430.000	0.010
12440.000	0.008
12450.000	0.007
12460.000	0.005
12470.000	0.005
12480.000	0.005
12490.000	0.005
12500.000	0.003
12510.000	0.003
12520.000	0.003
12530.000	0.002
12540.000	0.003
12550.000	0.003
12560.000	0.003
12570.000	0.002
12580.000	0.002
12590.000	0.002
12600.000	0.002
12610.000	0.002
12620.000	0.002
12630.000	0.002
12640.000	0.002
12650.000	0.002
12660.000	0.002
12670.000	0.002
12680.000	0.002
12690.000	0.003
12700.000	0.003
12710.000	0.003
12720.000	0.003
12730.000	0.003
12740.000	0.002
12750.000	0.003
12760.000	0.003
12770.000	0.004
12780.000	0.003
12790.000	0.002
12800.000	0.003
12810.000	0.002
12820.000	0.003
12830.000	0.002
12840.000	0.002
12850.000	0.002
12860.000	0.002
12870.000	0.002
12880.000	0.003
12890.000	0.002
12900.000	0.002
12910.000	0.002
12920.000	0.002
12930.000	0.002
12940.000	0.003
12950.000	0.003
12960.000	0.003
12970.000	0.004
12980.000	0.004
12990.000	0.005
13000.000	0.006
13010.000	0.007
13020.000	0.006
13030.000	0.007
13040.000	0.007
13050.000	0.007
13060.000	0.005
13070.000	0.004
13080.000	0.004
13090.000	0.003
13100.000	0.003
13110.000	0.002
13120.000	0.003
13130.000	0.002
13140.000	0.002
13150.000	0.002
13160.000	0.003
13170.000	0.002
13180.000	0.003
13190.000	0.003
13200.000	0.002
13210.000	0.003
13220.000	0.003
13230.000	0.003
13240.000	0.003
13250.000	0.004
13260.000	0.004
13270.000	0.004
13280.000	0.005
13290.000	0.006
13300.000	0.006
13310.000	0.007
13320.000	0.007
13330.000	0.008
13340.000	0.011
13350.000	0.015
13360.000	0.018
13370.000	0.021
13380.000	0.025
13390.000	0.030
13400.000	0.034
13410.000	0.036
13420.000	0.035
13430.000	0.033
13440.000	0.029
13450.000	0.022
13460.000	0.016
13470.000	0.012
13480.000	0.008
13490.000	0.007
13500.000	0.006
13510.000	0.006
13520.000	0.005
13530.000	0.006
13540.000	0.007
13550.000	0.007
13560.000	0.010
13570.000	0.013
13580.000	0.018
13590.000	0.023
13600.000	0.029
13610.000	0.035
13620.000	0.038
13630.000	0.040
13640.000	0.041
13650.000	0.039
13660.000	0.033
13670.000	0.026
13680.000	0.019
13690.000	0.014
13700.000	0.009
13710.000	0.007
13720.000	0.007
13730.000	0.004
13740.000	0.004
13750.000	0.003
13760.000	0.002
13770.000	0.003
13780.000	0.002
13790.000	0.002
13800.000	0.002
13810.000	0.002
13820.000	0.002
13830.000	0.002
13840.000	0.002
13850.000	0.002
13860.000	0.002
13870.000	0.002
13880.000	0.002
13890.000	0.002
13900.000	0.002
13910.000	0.002
13920.000	0.001
13930.000	0.002
13940.000	0.001
13950.000	0.001
13960.000	0.001
13970.000	0.001
13980.000	0.002
13990.000	0.002
14000.000	0.002
14010.000	0.002
14020.000	0.002
14030.000	0.002
14040.000	0.002
14050.000	0.002
14060.000	0.002
14070.000	0.003
14080.000	0.003
14090.000	0.003
14100.000	0.002
14110.000	0.002
14120.000	0.003
14130.000	0.003
14140.000	0.002
14150.000	0.002
14160.000	0.002
14170.000	0.001
14180.000	0.002
14190.000	0.002
14200.000	0.002
14210.000	0.002
14220.000	0.002
14230.000	0.002
14240.000	0.002
14250.000	0.002
14260.000	0.002
14270.000	0.002
14280.000	0.001
14290.000	0.001
14300.000	0.001
14310.000	0.002
14320.000	0.002
14330.000	0.001
14340.000	0.002
14350.000	0.002
14360.000	0.001
14370.000	0.002
14380.000	0.002
14390.000	0.002
14400.000	0.002
14410.000	0.002
14420.000	0.002
14430.000	0.002
14440.000	0.002
14450.000	0.002
14460.000	0.002
14470.000	0.002
14480.000	0.002
14490.000	0.002
14500.000	0.002
14510.000	0.002
14520.000	0.002
14530.000	0.002
14540.000	0.002
14550.000	0.002
14560.000	0.002
14570.000	0.002
14580.000	0.002
14590.000	0.002
14600.000	0.002
14610.000	0.001
14620.000	0.002
14630.000	0.001
14640.000	0.001
14650.000	0.001
14660.000	0.002
14670.000	0.002
14680.000	0.002
14690.000	0.002
14700.000	0.002
14710.000	0.002
14720.000	0.002
14730.000	0.002
14740.000	0.002
14750.000	0.002
14760.000	0.002
14770.000	0.002
14780.000	0.002
14790.000	0.002
14800.000	0.003
14810.000	0.003
14820.000	0.003
14830.000	0.003
14840.000	0.005
14850.000	0.007
14860.000	0.008
14870.000	0.010
14880.000	0.011
14890.000	0.012
14900.000	0.012
14910.000	0.010
14920.000	0.007
14930.000	0.006
14940.000	0.005
14950.000	0.003
14960.000	0.003
14970.000	0.003
14980.000	0.003
14990.000	0.002
15000.000	0.002
15010.000	0.002
15020.000	0.002
15030.000	0.003
15040.000	0.002
15050.000	0.003
15060.000	0.003
15070.000	0.003
15080.000	0.005
15090.000	0.007
15100.000	0.008
15110.000	0.009
15120.000	0.010
15130.000	0.012
15140.000	0.012
15150.000	0.009
15160.000	0.008
15170.000	0.008
15180.000	0.007
15190.000	0.008
15200.000	0.012
15210.000	0.017
15220.000	0.029
15230.000	0.039
15240.000	0.050
15250.000	0.066
15260.000	0.073
15270.000	0.076
15280.000	0.073
15290.000	0.061
15300.000	0.046
15310.000	0.028
15320.000	0.018
15330.000	0.010
15340.000	0.007
15350.000	0.006
15360.000	0.005
15370.000	0.004
15380.000	0.004
15390.000	0.003
15400.000	0.002
15410.000	0.002
15420.000	0.002
15430.000	0.002
15440.000	0.003
15450.000	0.002
15460.000	0.002
15470.000	0.002
15480.000	0.002
15490.000	0.003
15500.000	0.002
15510.000	0.002
15520.000	0.002
15530.000	0.002
15540.000	0.003
15550.000	0.003
15560.000	0.005
15570.000	0.007
15580.000	0.010
15590.000	0.017
15600.000	0.026
15610.000	0.040
15620.000	0.052
15630.000	0.064
15640.000	0.069
15650.000	0.064
15660.000	0.052
15670.000	0.037
15680.000	0.022
15690.000	0.011
15700.000	0.007
15710.000	0.005
15720.000	0.004
15730.000	0.003
15740.000	0.003
15750.000	0.003
15760.000	0.003
15770.000	0.003
15780.000	0.003
15790.000	0.002
15800.000	0.002
15810.000	0.002
15820.000	0.002
15830.000	0.002
15840.000	0.002
15850.000	0.003
15860.000	0.002
15870.000	0.002
15880.000	0.002
15890.000	0.002
15900.000	0.002
15910.000	0.002
15920.000	0.002
15930.000	0.002
15940.000	0.002
15950.000	0.002
15960.000	0.002
15970.000	0.002
15980.000	0.002
15990.000	0.002
16000.000	0.002
16010.000	0.002
16020.000	0.002
16030.000	0.002
16040.000	0.002
16050.000	0.002
16060.000	0.002
16070.000	0.002
16080.000	0.002
16090.000	0.002
16100.000	0.002
16110.000	0.001
16120.000	0.002
16130.000	0.001
16140.000	0.001
16150.000	0.001
16160.000	0.002
16170.000	0.001
16180.000	0.002
16190.000	0.001
16200.000	0.002
16210.000	0.002
16220.000	0.002
16230.000	0.002
16240.000	0.001
16250.000	0.002
16260.000	0.002
16270.000	0.002
16280.000	0.002
16290.000	0.001
16300.000	0.001
16310.000	0.002
16320.000	0.002
16330.000	0.002
16340.000	0.002
16350.000	0.001
16360.000	0.002
16370.000	0.001
16380.000	0.001
16390.000	0.001
16400.000	0.002
16410.000	0.002
16420.000	0.002
16430.000	0.002
16440.000	0.002
16450.000	0.002
16460.000	0.002
16470.000	0.001
16480.000	0.001
16490.000	0.002
16500.000	0.002
16510.000	0.002
16520.000	0.002
16530.000	0.002
16540.000	0.002
16550.000	0.002
16560.000	0.002
16570.000	0.002
16580.000	0.002
16590.000	0.002
16600.000	0.002
16610.000	0.002
16620.000	0.002
16630.000	0.002
16640.000	0.001
16650.000	0.002
16660.000	0.002
16670.000	0.002
16680.000	0.002
16690.000	0.002
16700.000	0.002
16710.000	0.002
16720.000	0.002
16730.000	0.002
16740.000	0.002
16750.000	0.002
16760.000	0.002
16770.000	0.002
16780.000	0.002
16790.000	0.002
16800.000	0.002
16810.000	0.002
16820.000	0.002
16830.000	0.002
16840.000	0.002
16850.000	0.002
16860.000	0.002
16870.000	0.003
16880.000	0.003
16890.000	0.006
16900.000	0.009
16910.000	0.013
16920.000	0.017
16930.000	0.020
16940.000	0.020
16950.000	0.018
16960.000	0.012
16970.000	0.008
16980.000	0.006
16990.000	0.004
17000.000	0.003
17010.000	0.003
17020.000	0.003
17030.000	0.002
17040.000	0.002
17050.000	0.002
17060.000	0.002
17070.000	0.002
17080.000	0.002
17090.000	0.002
17100.000	0.002
17110.000	0.001
17120.000	0.002
17130.000	0.002
17140.000	0.002
17150.000	0.002
17160.000	0.002
17170.000	0.002
17180.000	0.002
17190.000	0.002
17200.000	0.002
17210.000	0.002
17220.000	0.002
17230.000	0.002
17240.000	0.002
17250.000	0.002
17260.000	0.003
17270.000	0.002
17280.000	0.002
17290.000	0.002
17300.000	0.003
17310.000	0.003
17320.000	0.003
17330.000	0.004
17340.000	0.004
17350.000	0.005
17360.000	0.007
17370.000	0.009
17380.000	0.018
17390.000	0.034
17400.000	0.055
17410.000	0.081
17420.000	0.111
17430.000	0.134
17440.000	0.145
17450.000	0.132
17460.000	0.102
17470.000	0.066
17480.000	0.042
17490.000	0.023
17500.000	0.014
17510.000	0.008
17520.000	0.005
17530.000	0.004
17540.000	0.004
17550.000	0.003
17560.000	0.003
17570.000	0.003
17580.000	0.003
17590.000	0.003
17600.000	0.002
17610.000	0.002
17620.000	0.002
17630.000	0.001
17640.000	0.002
17650.000	0.002
17660.000	0.002
17670.000	0.002
17680.000	0.002
17690.000	0.002
17700.000	0.002
17710.000	0.002
17720.000	0.001
17730.000	0.001
17740.000	0.001
17750.000	0.002
17760.000	0.001
17770.000	0.001
17780.000	0.001
17790.000	0.003
17800.000	0.003
17810.000	0.005
17820.000	0.008
17830.000	0.013
17840.000	0.017
17850.000	0.019
17860.000	0.019
17870.000	0.014
17880.000	0.007
17890.000	0.004
17900.000	0.003
17910.000	0.003
17920.000	0.002
17930.000	0.006
17940.000	0.007
17950.000	0.011
17960.000	0.017
17970.000	0.021
17980.000	0.021
17990.000	0.018
18000.000	0.012
18010.000	0.007
18020.000	0.004
18030.000	0.003
18040.000	0.002
18050.000	0.002
18060.000	0.002
18070.000	0.002
18080.000	0.002
18090.000	0.001
18100.000	0.002
18110.000	0.002
18120.000	0.002
18130.000	0.002
18140.000	0.002
18150.000	0.002
18160.000	0.002
18170.000	0.002
18180.000	0.002
18190.000	0.002
18200.000	0.002
18210.000	0.002
18220.000	0.002
18230.000	0.002
18240.000	0.002
18250.000	0.002
18260.000	0.002
18270.000	0.002
18280.000	0.002
18290.000	0.002
18300.000	0.002
18310.000	0.002
18320.000	0.002
18330.000	0.002
18340.000	0.002
18350.000	0.003
18360.000	0.003
18370.000	0.002
18380.000	0.002
18390.000	0.002
18400.000	0.001
18410.000	0.002
18420.000	0.001
18430.000	0.002
18440.000	0.002
18450.000	0.002
18460.000	0.002
18470.000	0.002
18480.000	0.002
18490.000	0.002
18500.000	0.002
18510.000	0.002
18520.000	0.002
18530.000	0.002
18540.000	0.002
18550.000	0.002
18560.000	0.002
18570.000	0.002
18580.000	0.002
18590.000	0.003
18600.000	0.004
18610.000	0.005
18620.000	0.008
18630.000	0.016
18640.000	0.033
18650.000	0.058
18660.000	0.082
18670.000	0.113
18680.000	0.127
18690.000	0.121
18700.000	0.096
18710.000	0.063
18720.000	0.033
18730.000	0.017
18740.000	0.008
18750.000	0.006
18760.000	0.004
18770.000	0.003
18780.000	0.003
18790.000	0.002
18800.000	0.002
18810.000	0.002
18820.000	0.001
18830.000	0.002
18840.000	0.002
18850.000	0.002
18860.000	0.002
18870.000	0.002
18880.000	0.002
18890.000	0.001
18900.000	0.002
18910.000	0.001
18920.000	0.002
18930.000	0.002
18940.000	0.002
18950.000	0.002
18960.000	0.002
18970.000	0.002
18980.000	0.002
18990.000	0.002
19000.000	0.002
19010.000	0.002
19020.000	0.002
19030.000	0.002
19040.000	0.002
19050.000	0.002
19060.000	0.002
19070.000	0.002
19080.000	0.002
19090.000	0.002
19100.000	0.001
19110.000	0.002
19120.000	0.002
19130.000	0.001
19140.000	0.002
19150.000	0.002
19160.000	0.002
19170.000	0.002
19180.000	0.002
19190.000	0.001
19200.000	0.002
19210.000	0.001
19220.000	0.001
19230.000	0.002
19240.000	0.002
19250.000	0.002
19260.000	0.002
19270.000	0.002
19280.000	0.002
19290.000	0.001
19300.000	0.002
19310.000	0.002
19320.000	0.001
19330.000	0.001
19340.000	0.002
19350.000	0.002
19360.000	0.002
19370.000	0.001
19380.000	0.002
19390.000	0.002
19400.000	0.002
19410.000	0.002
19420.000	0.001
19430.000	0.001
19440.000	0.001
19450.000	0.001
19460.000	0.002
19470.000	0.001
19480.000	0.001
19490.000	0.002
19500.000	0.001
19510.000	0.002
19520.000	0.001
19530.000	0.001
19540.000	0.002
19550.000	0.002
19560.000	0.002
19570.000	0.002
19580.000	0.002
19590.000	0.002
19600.000	0.001
19610.000	0.002
19620.000	0.002
19630.000	0.002
19640.000	0.002
19650.000	0.002
19660.000	0.003
19670.000	0.005
19680.000	0.007
19690.000	0.014
19700.000	0.022
19710.000	0.031
19720.000	0.036
19730.000	0.034
19740.000	0.028
19750.000	0.018
19760.000	0.009
19770.000	0.006
19780.000	0.004
19790.000	0.003
19800.000	0.002
19810.000	0.002
19820.000	0.001
19830.000	0.002
19840.000	0.002
19850.000	0.002
19860.000	0.002
19870.000	0.002
19880.000	0.001
19890.000	0.001
19900.000	0.002
19910.000	0.002
19920.000	0.002
19930.000	0.002
19940.000	0.002
19950.000	0.002
19960.000	0.002
19970.000	0.002
19980.000	0.001
19990.000	0.002
20000.000	0.002
20010.000	0.002
20020.000	0.002
20030.000	0.002
20040.000	0.002
20050.000	0.002
20060.000	0.002
20070.000	0.002
20080.000	0.002
20090.000	0.002
20100.000	0.002
20110.000	0.001
20120.000	0.001
20130.000	0.001
20140.000	0.002
20150.000	0.002
20160.000	0.001
20170.000	0.002
20180.000	0.002
20190.000	0.001
20200.000	0.002
20210.000	0.002
20220.000	0.002
20230.000	0.002
20240.000	0.002
20250.000	0.002
20260.000	0.003
20270.000	0.002
20280.000	0.003
20290.000	0.003
20300.000	0.003
20310.000	0.003
20320.000	0.005
20330.000	0.007
20340.000	0.008
20350.000	0.015
20360.000	0.033
20370.000	0.065
20380.000	0.116
20390.000	0.178
20400.000	0.232
20410.000	0.249
20420.000	0.226
20430.000	0.166
20440.000	0.098
20450.000	0.048
20460.000	0.024
20470.000	0.013
20480.000	0.008
20490.000	0.006
20500.000	0.004
20510.000	0.004
20520.000	0.003
20530.000	0.003
20540.000	0.003
20550.000	0.002
20560.000	0.002
20570.000	0.002
20580.000	0.002
20590.000	0.002
20600.000	0.002
20610.000	0.002
20620.000	0.001
20630.000	0.002
20640.000	0.002
20650.000	0.002
20660.000	0.002
20670.000	0.001
20680.000	0.002
20690.000	0.002
20700.000	0.001
20710.000	0.002
20720.000	0.002
20730.000	0.002
20740.000	0.001
20750.000	0.002
20760.000	0.001
20770.000	0.001
20780.000	0.002
20790.000	0.002
20800.000	0.001
20810.000	0.002
20820.000	0.001
20830.000	0.002
20840.000	0.002
20850.000	0.001
20860.000	0.002
20870.000	0.002
20880.000	0.001
20890.000	0.002
20900.000	0.001
20910.000	0.001
20920.000	0.001
20930.000	0.001
20940.000	0.002
20950.000	0.002
20960.000	0.002
20970.000	0.001
20980.000	0.001
20990.000	0.002
21000.000	0.001
21010.000	0.002
21020.000	0.002
21030.000	0.002
21040.000	0.001
21050.000	0.002
21060.000	0.002
21070.000	0.001
21080.000	0.001
21090.000	0.002
21100.000	0.002
21110.000	0.002
21120.000	0.002
21130.000	0.002
21140.000	0.002
21150.000	0.001
21160.000	0.002
21170.000	0.001
21180.000	0.002
21190.000	0.001
21200.000	0.000
21210.000	0.001
21220.000	0.002
21230.000	0.002
21240.000	0.001
21250.000	0.002
21260.000	0.001
21270.000	0.001
21280.000	0.001
21290.000	0.002
21300.000	0.002
21310.000	0.002
21320.000	0.001
21330.000	0.001
21340.000	0.001
21350.000	0.002
21360.000	0.002
21370.000	0.002
21380.000	0.001
21390.000	0.003
21400.000	0.002
21410.000	0.002
21420.000	0.001
21430.000	0.002
21440.000	0.002
21450.000	0.002
21460.000	0.002
21470.000	0.002
21480.000	0.001
21490.000	0.001
21500.000	0.002
21510.000	0.002
21520.000	0.002
21530.000	0.001
21540.000	0.002
21550.000	0.002
21560.000	0.001
21570.000	0.002
21580.000	0.002
21590.000	0.001
21600.000	0.002
21610.000	0.001
21620.000	0.002
21630.000	0.001
21640.000	0.002
21650.000	0.001
21660.000	0.002
21670.000	0.002
21680.000	0.002
21690.000	0.002
21700.000	0.001
21710.000	0.001
21720.000	0.001
21730.000	0.001
21740.000	0.001
21750.000	0.001
21760.000	0.001
21770.000	0.002
21780.000	0.001
21790.000	0.002
21800.000	0.002
21810.000	0.002
21820.000	0.002
21830.000	0.001
21840.000	0.001
21850.000	0.002
21860.000	0.001
21870.000	0.002
21880.000	0.002
21890.000	0.001
21900.000	0.002
21910.000	0.002
21920.000	0.001
21930.000	0.002
21940.000	0.004
21950.000	0.005
21960.000	0.009
21970.000	0.018
21980.000	0.028
21990.000	0.034
22000.000	0.033
22010.000	0.027
22020.000	0.016
22030.000	0.008
22040.000	0.005
22050.000	0.003
22060.000	0.003
22070.000	0.002
22080.000	0.002
22090.000	0.002
22100.000	0.002
22110.000	0.001
22120.000	0.001
22130.000	0.002
22140.000	0.002
22150.000	0.002
22160.000	0.002
22170.000	0.002
22180.000	0.002
22190.000	0.002
22200.000	0.001
22210.000	0.001
22220.000	0.001
22230.000	0.002
22240.000	0.002
22250.000	0.002
22260.000	0.002
22270.000	0.002
22280.000	0.001
22290.000	0.001
22300.000	0.002
22310.000	0.002
22320.000	0.002
22330.000	0.002
22340.000	0.002
22350.000	0.001
22360.000	0.001
22370.000	0.001
22380.000	0.002
22390.000	0.002
22400.000	0.002
22410.000	0.002
22420.000	0.002
22430.000	0.002
22440.000	0.002
22450.000	0.002
22460.000	0.001
22470.000	0.001
22480.000	0.001
22490.000	0.001
22500.000	0.002
22510.000	0.001
22520.000	0.001
22530.000	0.001
22540.000	0.001
22550.000	0.002
22560.000	0.002
22570.000	0.001
22580.000	0.001
22590.000	0.002
22600.000	0.001
22610.000	0.001
22620.000	0.002
22630.000	0.002
22640.000	0.001
22650.000	0.002
22660.000	0.001
22670.000	0.002
22680.000	0.002
22690.000	0.001
22700.000	0.002
22710.000	0.002
22720.000	0.002
22730.000	0.002
22740.000	0.002
22750.000	0.002
22760.000	0.001
22770.000	0.001
22780.000	0.002
22790.000	0.002
22800.000	0.001
22810.000	0.001
22820.000	0.002
22830.000	0.002
22840.000	0.002
22850.000	0.002
22860.000	0.002
22870.000	0.002
22880.000	0.003
22890.000	0.003
22900.000	0.004
22910.000	0.006
22920.000	0.008
22930.000	0.018
22940.000	0.039
22950.000	0.074
22960.000	0.131
22970.000	0.178
22980.000	0.200
22990.000	0.179
23000.000	0.132
23010.000	0.077
23020.000	0.038
23030.000	0.020
23040.000	0.012
23050.000	0.007
23060.000	0.004
23070.000	0.004
23080.000	0.003
23090.000	0.002
23100.000	0.003
23110.000	0.002
23120.000	0.002
23130.000	0.002
23140.000	0.002
23150.000	0.002
23160.000	0.001
23170.000	0.002
23180.000	0.002
23190.000	0.002
23200.000	0.001
23210.000	0.002
23220.000	0.002
23230.000	0.002
23240.000	0.001
23250.000	0.002
23260.000	0.002
23270.000	0.001
23280.000	0.001
23290.000	0.001
23300.000	0.001
23310.000	0.001
23320.000	0.002
23330.000	0.002
23340.000	0.002
23350.000	0.002
23360.000	0.001
23370.000	0.001
23380.000	0.002
23390.000	0.001
23400.000	0.001
23410.000	0.001
23420.000	0.001
23430.000	0.002
23440.000	0.002
23450.000	0.001
23460.000	0.001
23470.000	0.002
23480.000	0.002
23490.000	0.002
23500.000	0.002
23510.000	0.001
23520.000	0.001
23530.000	0.001
23540.000	0.001
23550.000	0.002
23560.000	0.002
23570.000	0.001
23580.000	0.002
23590.000	0.003
23600.000	0.005
23610.000	0.010
23620.000	0.020
23630.000	0.034
23640.000	0.046
23650.000	0.054
23660.000	0.050
23670.000	0.037
23680.000	0.021
23690.000	0.011
23700.000	0.006
23710.000	0.005
23720.000	0.002
23730.000	0.002
23740.000	0.002
23750.000	0.002
23760.000	0.002
23770.000	0.001
23780.000	0.002
23790.000	0.002
23800.000	0.002
23810.000	0.002
23820.000	0.001
23830.000	0.002
23840.000	0.001
23850.000	0.002
23860.000	0.002
23870.000	0.001
23880.000	0.001
23890.000	0.002
23900.000	0.001
23910.000	0.002
23920.000	0.002
23930.000	0.001
23940.000	0.001
23950.000	0.002
23960.000	0.001
23970.000	0.000
23980.000	0.001
23990.000	0.002
24000.000	0.001
24010.000	0.001
24020.000	0.001
24030.000	0.001
24040.000	0.001
24050.000	0.002
24060.000	0.001
24070.000	0.001
24080.000	0.002
24090.000	0.002
24100.000	0.001
24110.000	0.001
24120.000	0.001
24130.000	0.001
24140.000	0.001
24150.000	0.002
24160.000	0.002
24170.000	0.002
24180.000	0.002
24190.000	0.002
24200.000	0.002
24210.000	0.002
24220.000	0.002
24230.000	0.001
24240.000	0.002
24250.000	0.002
24260.000	0.001
24270.000	0.001
24280.000	0.001
24290.000	0.001
24300.000	0.001
24310.000	0.002
24320.000	0.001
24330.000	0.001
24340.000	0.001
24350.000	0.001
24360.000	0.001
24370.000	0.002
24380.000	0.001
24390.000	0.002
24400.000	0.002
24410.000	0.001
24420.000	0.001
24430.000	0.001
24440.000	0.002
24450.000	0.002
24460.000	0.001
24470.000	0.002
24480.000	0.002
24490.000	0.002
24500.000	0.002
24510.000	0.004
24520.000	0.004
24530.000	0.007
24540.000	0.010
24550.000	0.019
24560.000	0.038
24570.000	0.086
24580.000	0.155
24590.000	0.240
24600.000	0.314
24610.000	0.336
24620.000	0.291
24630.000	0.206
24640.000	0.118
24650.000	0.060
24660.000	0.030
24670.000	0.015
24680.000	0.008
24690.000	0.006
24700.000	0.004
24710.000	0.003
24720.000	0.003
24730.000	0.002
24740.000	0.002
24750.000	0.004
24760.000	0.003
24770.000	0.002
24780.000	0.003
24790.000	0.002
24800.000	0.002
24810.000	0.002
24820.000	0.002
24830.000	0.002
24840.000	0.001
24850.000	0.002
24860.000	0.001
24870.000	0.002
24880.000	0.002
24890.000	0.002
24900.000	0.002
24910.000	0.002
24920.000	0.001
24930.000	0.002
24940.000	0.002
24950.000	0.001
24960.000	0.002
24970.000	0.002
24980.000	0.001
24990.000	0.002
25000.000	0.002
25010.000	0.002
25020.000	0.001
25030.000	0.001
25040.000	0.001
25050.000	0.001
25060.000	0.002
25070.000	0.002
25080.000	0.002
25090.000	0.002
25100.000	0.002
25110.000	0.001
25120.000	0.001
25130.000	0.002
25140.000	0.001
25150.000	0.002
25160.000	0.001
25170.000	0.001
25180.000	0.001
25190.000	0.001
25200.000	0.001
25210.000	0.001
25220.000	0.001
25230.000	0.002
25240.000	0.002
25250.000	0.002
25260.000	0.002
25270.000	0.002
25280.000	0.002
25290.000	0.002
25300.000	0.002
25310.000	0.002
25320.000	0.002
25330.000	0.001
25340.000	0.002
25350.000	0.001
25360.000	0.001
25370.000	0.002
25380.000	0.002
25390.000	0.001
25400.000	0.001
25410.000	0.001
25420.000	0.001
25430.000	0.001
25440.000	0.001
25450.000	0.002
25460.000	0.002
25470.000	0.001
25480.000	0.002
25490.000	0.002
25500.000	0.002
25510.000	0.001
25520.000	0.001
25530.000	0.001
25540.000	0.001
25550.000	0.001
25560.000	0.002
25570.000	0.001
25580.000	0.002
25590.000	0.001
25600.000	0.002
25610.000	0.001
25620.000	0.002
25630.000	0.002
25640.000	0.001
25650.000	0.001
25660.000	0.001
25670.000	0.001
25680.000	0.001
25690.000	0.001
25700.000	0.001
25710.000	0.001
25720.000	0.001
25730.000	0.001
25740.000	0.001
25750.000	0.001
25760.000	0.001
25770.000	0.001
25780.000	0.001
25790.000	0.002
25800.000	0.002
25810.000	0.002
25820.000	0.001
25830.000	0.001
25840.000	0.001
25850.000	0.001
25860.000	0.001
25870.000	0.001
25880.000	0.001
25890.000	0.001
25900.000	0.001
25910.000	0.001
25920.000	0.001
25930.000	0.001
25940.000	0.001
25950.000	0.001
25960.000	0.001
25970.000	0.002
25980.000	0.001
25990.000	0.001
26000.000	0.002
26010.000	0.002
26020.000	0.002
26030.000	0.001
26040.000	0.002
26050.000	0.001
26060.000	0.001
26070.000	0.001
26080.000	0.002
26090.000	0.001
26100.000	0.001
26110.000	0.001
26120.000	0.001
26130.000	0.001
26140.000	0.001
26150.000	0.001
26160.000	0.001
26170.000	0.001
26180.000	0.002
26190.000	0.001
26200.000	0.002
26210.000	0.002
26220.000	0.001
26230.000	0.002
26240.000	0.002
26250.000	0.001
26260.000	0.001
26270.000	0.001
26280.000	0.001
26290.000	0.001
26300.000	0.002
26310.000	0.001
26320.000	0.001
26330.000	0.001
26340.000	0.001
26350.000	0.002
26360.000	0.002
26370.000	0.001
26380.000	0.001
26390.000	0.001
26400.000	0.002
26410.000	0.001
26420.000	0.001
26430.000	0.001
26440.000	0.001
26450.000	0.000
26460.000	0.001
26470.000	0.001
26480.000	0.001
26490.000	0.001
26500.000	0.001
26510.000	0.001
26520.000	0.001
26530.000	0.001
26540.000	0.001
26550.000	0.001
26560.000	0.001
26570.000	0.001
26580.000	0.001
26590.000	0.001
26600.000	0.001
26610.000	0.001
26620.000	0.001
26630.000	0.001
26640.000	0.001
26650.000	0.001
26660.000	0.001
26670.000	0.002
26680.000	0.001
26690.000	0.001
26700.000	0.002
26710.000	0.001
26720.000	0.002
26730.000	0.002
26740.000	0.002
26750.000	0.001
26760.000	0.001
26770.000	0.001
26780.000	0.001
26790.000	0.001
26800.000	0.001
26810.000	0.002
26820.000	0.002
26830.000	0.001
26840.000	0.001
26850.000	0.001
26860.000	0.001
26870.000	0.001
26880.000	0.001
26890.000	0.001
26900.000	0.001
26910.000	0.001
26920.000	0.001
26930.000	0.001
26940.000	0.001
26950.000	0.001
26960.000	0.001
26970.000	0.001
26980.000	0.000
26990.000	0.001
27000.000	0.000
27010.000	0.001
27020.000	0.001
27030.000	0.001
27040.000	0.001
27050.000	0.002
27060.000	0.001
27070.000	0.001
27080.000	0.001
27090.000	0.001
27100.000	0.001
27110.000	0.002
27120.000	0.001
27130.000	0.001
27140.000	0.001
27150.000	0.001
27160.000	0.001
27170.000	0.001
27180.000	0.001
27190.000	0.001
27200.000	0.002
27210.000	0.001
27220.000	0.002
27230.000	0.002
27240.000	0.001
27250.000	0.002
27260.000	0.001
27270.000	0.001
27280.000	0.001
27290.000	0.001
27300.000	0.001
27310.000	0.001
27320.000	0.002
27330.000	0.002
27340.000	0.001
27350.000	0.001
27360.000	0.001
27370.000	0.002
27380.000	0.001
27390.000	0.002
27400.000	0.001
27410.000	0.001
27420.000	0.001
27430.000	0.001
27440.000	0.001
27450.000	0.001
27460.000	0.000
27470.000	0.001
27480.000	0.001
27490.000	0.001
27500.000	0.001
27510.000	0.001
27520.000	0.000
27530.000	0.002
27540.000	0.001
27550.000	0.001
27560.000	0.001
27570.000	0.001
27580.000	0.001
27590.000	0.001
27600.000	0.001
27610.000	0.001
27620.000	0.001
27630.000	0.002
27640.000	0.002
27650.000	0.002
27660.000	0.001
27670.000	0.001
27680.000	0.001
27690.000	0.001
27700.000	0.001
27710.000	0.001
27720.000	0.001
27730.000	0.000
27740.000	0.002
27750.000	0.002
27760.000	0.002
27770.000	0.003
27780.000	0.005
27790.000	0.008
27800.000	0.015
27810.000	0.023
27820.000	0.032
27830.000	0.037
27840.000	0.033
27850.000	0.027
27860.000	0.019
27870.000	0.009
27880.000	0.006
27890.000	0.003
27900.000	0.002
27910.000	0.002
27920.000	0.001
27930.000	0.002
27940.000	0.002
27950.000	0.002
27960.000	0.001
27970.000	0.001
27980.000	0.001
27990.000	0.001
28000.000	0.001
28010.000	0.001
28020.000	0.001
28030.000	0.001
28040.000	0.001
28050.000	0.002
28060.000	0.000
28070.000	0.002
28080.000	0.001
28090.000	0.001
28100.000	0.001
28110.000	0.002
28120.000	0.001
28130.000	0.002
28140.000	0.001
28150.000	0.001
28160.000	0.001
28170.000	0.001
28180.000	0.001
28190.000	0.002
28200.000	0.001
28210.000	0.001
28220.000	0.001
28230.000	0.001
28240.000	0.001
28250.000	0.001
28260.000	0.002
28270.000	0.001
28280.000	0.000
28290.000	0.001
28300.000	0.000
28310.000	0.000
28320.000	0.001
28330.000	0.002
28340.000	0.002
28350.000	0.001
28360.000	0.001
28370.000	0.001
28380.000	0.001
28390.000	0.001
28400.000	0.001
28410.000	0.002
28420.000	0.001
28430.000	0.001
28440.000	0.002
28450.000	0.001
28460.000	0.001
28470.000	0.001
28480.000	0.001
28490.000	0.001
28500.000	0.001
28510.000	0.000
28520.000	0.001
28530.000	0.001
28540.000	0.001
28550.000	0.001
28560.000	0.001
28570.000	0.001
28580.000	0.001
28590.000	0.001
28600.000	0.001
28610.000	0.001
28620.000	0.002
28630.000	0.001
28640.000	0.001
28650.000	0.001
28660.000	0.001
28670.000	0.001
28680.000	0.001
28690.000	0.001
28700.000	0.001
28710.000	0.002
28720.000	0.001
28730.000	0.001
28740.000	0.001
28750.000	0.001
28760.000	0.001
28770.000	0.001
28780.000	0.001
28790.000	0.001
28800.000	0.002
28810.000	0.001
28820.000	0.001
28830.000	0.001
28840.000	0.001
28850.000	0.001
28860.000	0.002
28870.000	0.001
28880.000	0.000
28890.000	0.001
28900.000	0.001
28910.000	0.001
28920.000	0.001
28930.000	0.001
28940.000	0.001
28950.000	0.001
28960.000	0.002
28970.000	0.001
28980.000	0.002
28990.000	0.002
29000.000	0.002
29010.000	0.002
29020.000	0.001
29030.000	0.001
29040.000	0.001
29050.000	0.001
29060.000	0.002
29070.000	0.001
29080.000	0.001
29090.000	0.001
29100.000	0.002
29110.000	0.002
29120.000	0.002
29130.000	0.001
29140.000	0.003
29150.000	0.004
29160.000	0.007
29170.000	0.011
29180.000	0.019
29190.000	0.032
29200.000	0.055
29210.000	0.089
29220.000	0.128
29230.000	0.158
29240.000	0.166
29250.000	0.146
29260.000	0.110
29270.000	0.068
29280.000	0.037
29290.000	0.020
29300.000	0.015
29310.000	0.015
29320.000	0.022
29330.000	0.030
29340.000	0.041
29350.000	0.050
29360.000	0.055
29370.000	0.047
29380.000	0.034
29390.000	0.019
29400.000	0.009
29410.000	0.005
29420.000	0.003
29430.000	0.003
29440.000	0.002
29450.000	0.002
29460.000	0.002
29470.000	0.002
29480.000	0.001
29490.000	0.002
29500.000	0.001
29510.000	0.001
29520.000	0.001
29530.000	0.002
29540.000	0.002
29550.000	0.002
29560.000	0.001
29570.000	0.001
29580.000	0.001
29590.000	0.001
29600.000	0.002
29610.000	0.002
29620.000	0.001
29630.000	0.001
29640.000	0.001
29650.000	0.001
29660.000	0.001
29670.000	0.001
29680.000	0.000
29690.000	0.001
29700.000	0.002
29710.000	0.002
29720.000	0.002
29730.000	0.002
29740.000	0.002
29750.000	0.000
29760.000	0.001
29770.000	0.001
29780.000	0.001
29790.000	0.000
29800.000	0.001
29810.000	0.001
29820.000	0.001
29830.000	0.001
29840.000	0.001
29850.000	0.002
29860.000	0.001
29870.000	0.001
29880.000	0.001
29890.000	0.001
29900.000	0.001
29910.000	0.001
29920.000	0.001
29930.000	0.001
29940.000	0.002
29950.000	0.001
29960.000	0.001
29970.000	0.001
29980.000	0.001
29990.000	0.001
30000.000	0.001
30010.000	0.001
30020.000	0.001
30030.000	0.001
30040.000	0.001
30050.000	0.001
30060.000	0.000
30070.000	0.001
30080.000	0.000
30090.000	0.001
30100.000	0.001
30110.000	0.001
30120.000	0.000
30130.000	0.001
30140.000	0.001
30150.000	0.001
30160.000	0.001
30170.000	0.001
30180.000	0.001
30190.000	0.001
30200.000	0.001
30210.000	0.001
30220.000	0.001
30230.000	0.001
30240.000	0.000
30250.000	0.001
30260.000	0.001
30270.000	0.001
30280.000	0.002
30290.000	0.001
30300.000	0.001
30310.000	0.001
30320.000	0.001
30330.000	0.001
30340.000	0.001
30350.000	0.001
30360.000	0.001
30370.000	0.001
30380.000	0.001
30390.000	0.001
30400.000	0.001
30410.000	0.001
30420.000	0.001
30430.000	0.001
30440.000	0.001
30450.000	0.001
30460.000	0.000
30470.000	0.001
30480.000	0.001
30490.000	0.001
30500.000	0.002
30510.000	0.002
30520.000	0.002
30530.000	0.002
30540.000	0.002
30550.000	0.001
30560.000	0.001
30570.000	0.001
30580.000	0.002
30590.000	0.002
30600.000	0.002
30610.000	0.002
30620.000	0.004
30630.000	0.007
30640.000	0.009
30650.000	0.015
30660.000	0.024
30670.000	0.042
30680.000	0.071
30690.000	0.112
30700.000	0.168
30710.000	0.219
30720.000	0.254
30730.000	0.257
30740.000	0.221
30750.000	0.165
30760.000	0.098
30770.000	0.050
30780.000	0.025
30790.000	0.012
30800.000	0.006
30810.000	0.005
30820.000	0.003
30830.000	0.002
30840.000	0.002
30850.000	0.002
30860.000	0.002
30870.000	0.003
30880.000	0.002
30890.000	0.002
30900.000	0.001
30910.000	0.001
30920.000	0.002
30930.000	0.001
30940.000	0.001
30950.000	0.002
30960.000	0.001
30970.000	0.001
30980.000	0.001
30990.000	0.001
31000.000	0.002
31010.000	0.002
31020.000	0.001
31030.000	0.001
31040.000	0.000
31050.000	0.001
31060.000	0.000
31070.000	0.001
31080.000	0.001
31090.000	0.001
31100.000	0.001
31110.000	0.001
31120.000	0.000
31130.000	0.001
31140.000	0.001
31150.000	0.001
31160.000	0.002
31170.000	0.002
31180.000	0.001
31190.000	0.001
31200.000	0.001
31210.000	0.001
31220.000	0.001
31230.000	0.001
31240.000	0.001
31250.000	0.001
31260.000	0.001
31270.000	0.001
31280.000	0.001
31290.000	0.000
31300.000	0.001
31310.000	0.001
31320.000	0.001
31330.000	0.001
31340.000	0.001
31350.000	0.001
31360.000	0.001
31370.000	0.001
31380.000	0.001
31390.000	0.001
31400.000	0.002
31410.000	0.001
31420.000	0.001
31430.000	0.001
31440.000	0.001
31450.000	0.001
31460.000	0.001
31470.000	0.001
31480.000	0.001
31490.000	0.000
31500.000	0.001
31510.000	0.000
31520.000	0.000
31530.000	0.001
31540.000	0.000
31550.000	0.000
31560.000	0.001
31570.000	0.000
31580.000	0.001
31590.000	0.001
31600.000	0.001
31610.000	0.000
31620.000	0.001
31630.000	0.002
31640.000	0.001
31650.000	0.000
31660.000	0.000
31670.000	0.000
31680.000	0.001
31690.000	0.001
31700.000	0.000
31710.000	0.001
31720.000	0.001
31730.000	0.001
31740.000	0.000
31750.000	0.000
31760.000	0.000
31770.000	0.001
31780.000	0.001
31790.000	0.000
31800.000	0.000
31810.000	0.001
31820.000	0.001
31830.000	0.001
31840.000	0.001
31850.000	0.000
31860.000	0.000
31870.000	0.000
31880.000	0.001
31890.000	0.001
31900.000	0.001
31910.000	0.000
31920.000	0.001
31930.000	0.001
31940.000	0.000
31950.000	0.000
31960.000	0.000
31970.000	0.000
31980.000	0.000
31990.000	0.000
32000.000	0.001
32010.000	0.001
32020.000	0.001
32030.000	0.001
32040.000	0.001
32050.000	0.001
32060.000	0.000
32070.000	0.000
32080.000	0.001
32090.000	-0.000
32100.000	0.000
32110.000	0.000
32120.000	0.000
32130.000	0.001
32140.000	0.001
32150.000	0.001
32160.000	0.001
32170.000	0.001
32180.000	0.000
32190.000	0.000
32200.000	0.000
32210.000	0.000
32220.000	0.000
32230.000	-0.000
32240.000	0.000
32250.000	0.001
32260.000	0.000
32270.000	0.001
32280.000	0.000
32290.000	0.000
32300.000	0.000
32310.000	0.001
32320.000	0.001
32330.000	0.001
32340.000	0.001
32350.000	0.001
32360.000	0.001
32370.000	0.000
32380.000	0.000
32390.000	0.001
32400.000	0.000
32410.000	0.001
32420.000	0.000
32430.000	0.000
32440.000	0.000
32450.000	0.000
32460.000	0.001
32470.000	0.000
32480.000	0.001
32490.000	0.000
32500.000	0.000
32510.000	-0.000
32520.000	0.000
32530.000	0.001
32540.000	0.001
32550.000	-0.000
32560.000	0.000
32570.000	0.001
32580.000	0.000
32590.000	0.000
32600.000	0.000
32610.000	0.000
32620.000	0.001
32630.000	0.001
32640.000	0.000
32650.000	0.000
32660.000	0.001
32670.000	0.002
32680.000	0.001
32690.000	0.000
32700.000	0.001
32710.000	0.000
32720.000	-0.000
32730.000	0.000
32740.000	0.000
32750.000	0.001
32760.000	0.001
32770.000	0.002
32780.000	0.000
32790.000	0.000
32800.000	0.000
32810.000	0.001
32820.000	0.001
32830.000	0.001
32840.000	0.001
32850.000	0.001
32860.000	0.001
32870.000	0.001
32880.000	0.000
32890.000	0.000
32900.000	0.000
32910.000	0.001
32920.000	0.001
32930.000	0.001
32940.000	0.000
32950.000	0.002
32960.000	0.000
32970.000	0.000
32980.000	0.000
32990.000	0.000
33000.000	0.000
33010.000	0.000
33020.000	0.001
33030.000	0.001
33040.000	0.001
33050.000	0.001
33060.000	0.001
33070.000	0.001
33080.000	0.001
33090.000	0.000
33100.000	0.001
33110.000	0.000
33120.000	0.001
33130.000	0.001
33140.000	0.000
33150.000	0.000
33160.000	0.000
33170.000	0.001
33180.000	0.001
33190.000	0.000
33200.000	0.001
33210.000	0.001
33220.000	0.001
33230.000	0.000
33240.000	0.001
33250.000	0.000
33260.000	0.001
33270.000	0.001
33280.000	0.001
33290.000	0.001
33300.000	0.000
33310.000	0.000
33320.000	0.001
33330.000	0.000
33340.000	0.001
33350.000	0.000
33360.000	0.001
33370.000	0.000
33380.000	0.001
33390.000	-0.000
33400.000	0.000
33410.000	0.001
33420.000	0.000
33430.000	0.001
33440.000	0.001
33450.000	0.001
33460.000	0.001
33470.000	0.000
33480.000	0.001
33490.000	0.001
33500.000	0.001
33510.000	0.000
33520.000	0.000
33530.000	0.000
33540.000	0.001
33550.000	0.000
33560.000	0.000
33570.000	0.001
33580.000	0.000
33590.000	0.001
33600.000	0.000
33610.000	0.001
33620.000	0.002
33630.000	0.002
33640.000	0.003
33650.000	0.003
33660.000	0.005
33670.000	0.008
33680.000	0.012
33690.000	0.017
33700.000	0.023
33710.000	0.025
33720.000	0.026
33730.000	0.022
33740.000	0.015
33750.000	0.008
33760.000	0.007
33770.000	0.006
33780.000	0.007
33790.000	0.007
33800.000	0.010
33810.000	0.012
33820.000	0.012
33830.000	0.011
33840.000	0.008
33850.000	0.005
33860.000	0.003
33870.000	0.002
33880.000	0.001
33890.000	0.001
33900.000	0.001
33910.000	0.001
33920.000	0.001
33930.000	0.001
33940.000	0.000
33950.000	0.001
33960.000	0.000
33970.000	0.000
33980.000	0.000
33990.000	0.000
34000.000	-0.000
34010.000	0.000
34020.000	0.000
34030.000	-0.000
34040.000	0.000
34050.000	0.000
34060.000	0.001
34070.000	0.001
34080.000	0.001
34090.000	0.001
34100.000	0.001
34110.000	0.001
34120.000	0.000
34130.000	0.001
34140.000	0.001
34150.000	0.000
34160.000	0.001
34170.000	0.000
34180.000	0.000
34190.000	0.000
34200.000	0.000
34210.000	0.001
34220.000	0.000
34230.000	-0.000
34240.000	0.000
34250.000	0.000
34260.000	0.001
34270.000	-0.000
34280.000	0.001
34290.000	0.000
34300.000	0.000
34310.000	0.000
34320.000	0.001
34330.000	0.001
34340.000	0.001
34350.000	0.001
34360.000	0.001
34370.000	0.001
34380.000	0.001
34390.000	-0.000
34400.000	0.000
34410.000	-0.000
34420.000	0.001
34430.000	0.001
34440.000	0.000
34450.000	0.001
34460.000	0.000
34470.000	0.000
34480.000	0.001
34490.000	0.000
34500.000	0.001
34510.000	0.000
34520.000	0.000
34530.000	0.000
34540.000	0.000
34550.000	-0.000
34560.000	-0.000
34570.000	0.000
34580.000	0.001
34590.000	0.000
34600.000	0.000
34610.000	0.001
34620.000	0.000
34630.000	0.000
34640.000	0.001
34650.000	0.001
34660.000	0.001
34670.000	0.001
34680.000	0.000
34690.000	0.000
34700.000	-0.000
34710.000	-0.000
34720.000	-0.000
34730.000	-0.000
34740.000	-0.000
34750.000	0.000
34760.000	0.000
34770.000	0.000
34780.000	0.000
34790.000	0.000
34800.000	0.001
34810.000	0.000
34820.000	0.000
34830.000	0.000
34840.000	0.000
34850.000	0.000
34860.000	0.001
34870.000	0.000
34880.000	0.000
34890.000	-0.000
34900.000	0.000
34910.000	0.001
34920.000	0.000
34930.000	-0.000
34940.000	0.000
34950.000	0.000
34960.000	-0.000
34970.000	0.000
34980.000	0.000
34990.000	0.000
35000.000	0.000
35010.000	0.000
35020.000	0.001
35030.000	0.000
35040.000	0.001
35050.000	-0.000
35060.000	0.000
35070.000	0.000
35080.000	-0.000
35090.000	0.000
35100.000	0.000
35110.000	0.000
35120.000	0.000
35130.000	0.000
35140.000	0.000
35150.000	0.000
35160.000	0.001
35170.000	0.000
35180.000	0.000
35190.000	0.000
35200.000	-0.000
35210.000	0.002
35220.000	0.001
35230.000	0.000
35240.000	0.000
35250.000	0.001
35260.000	-0.000
35270.000	0.000
35280.000	0.001
35290.000	0.000
35300.000	0.001
35310.000	0.000
35320.000	0.001
35330.000	0.000
35340.000	0.000
35350.000	0.000
35360.000	0.001
35370.000	0.000
35380.000	-0.000
35390.000	-0.000
35400.000	0.000
35410.000	0.000
35420.000	0.000
35430.000	0.000
35440.000	0.000
35450.000	0.000
35460.000	0.000
35470.000	0.001
35480.000	0.001
35490.000	-0.000
35500.000	0.000
35510.000	0.000
35520.000	0.001
35530.000	0.000
35540.000	0.001
35550.000	0.001
35560.000	0.000
35570.000	0.000
35580.000	0.000
35590.000	0.000
35600.000	-0.000
35610.000	0.001
35620.000	0.000
35630.000	-0.000
35640.000	0.000
35650.000	0.000
35660.000	0.001
35670.000	0.000
35680.000	0.000
35690.000	0.000
35700.000	0.001
35710.000	0.000
35720.000	-0.000
35730.000	0.000
35740.000	0.000
35750.000	0.000
35760.000	-0.000
35770.000	0.000
35780.000	0.001
35790.000	0.000
35800.000	0.000
35810.000	-0.000
35820.000	0.001
35830.000	-0.000
35840.000	-0.000
35850.000	0.000
35860.000	-0.000
35870.000	0.001
35880.000	0.001
35890.000	0.000
35900.000	-0.000
35910.000	-0.000
35920.000	-0.000
35930.000	0.001
35940.000	0.000
35950.000	-0.000
35960.000	0.000
35970.000	0.000
35980.000	0.001
35990.000	0.001
36000.000	-0.000
36010.000	0.000
36020.000	-0.000
36030.000	0.000
36040.000	-0.000
36050.000	0.000
36060.000	-0.000
36070.000	0.000
36080.000	0.001
36090.000	0.001
36100.000	-0.000
36110.000	0.000
36120.000	0.000
36130.000	0.000
36140.000	0.001
36150.000	0.000
36160.000	0.000
36170.000	0.000
36180.000	0.000
36190.000	0.000
36200.000	0.000
36210.000	0.000
36220.000	0.000
36230.000	0.000
36240.000	0.000
36250.000	0.000
36260.000	0.001
36270.000	0.000
36280.000	0.000
36290.000	0.001
36300.000	-0.001
36310.000	-0.000
36320.000	0.001
36330.000	0.000
36340.000	0.001
36350.000	0.000
36360.000	0.000
36370.000	0.000
36380.000	0.000
36390.000	0.000
36400.000	-0.000
36410.000	0.000
36420.000	-0.000
36430.000	0.000
36440.000	0.001
36450.000	-0.000
36460.000	0.000
36470.000	0.001
36480.000	0.001
36490.000	0.000
36500.000	0.000
36510.000	0.001
36520.000	0.000
36530.000	0.000
36540.000	0.001
36550.000	0.001
36560.000	0.001
36570.000	0.001
36580.000	0.002
36590.000	0.003
36600.000	0.003
36610.000	0.004
36620.000	0.005
36630.000	0.006
36640.000	0.007
36650.000	0.006
36660.000	0.007
36670.000	0.006
36680.000	0.004
36690.000	0.002
36700.000	0.001
36710.000	0.001
36720.000	0.002
36730.000	0.001
36740.000	0.000
36750.000	0.000
36760.000	-0.000
36770.000	0.000
36780.000	0.000
36790.000	0.000
36800.000	0.000
36810.000	-0.000
36820.000	-0.001
36830.000	0.000
36840.000	0.000
36850.000	0.000
36860.000	0.000
36870.000	0.000
36880.000	0.000
36890.000	0.000
36900.000	0.000
36910.000	-0.000
36920.000	0.000
36930.000	-0.000
36940.000	0.000
36950.000	0.000
36960.000	0.000
36970.000	0.000
36980.000	0.000
36990.000	-0.000
37000.000	-0.000
37010.000	-0.000
37020.000	-0.000
37030.000	0.000
37040.000	-0.000
37050.000	0.000
37060.000	0.001
37070.000	0.000
37080.000	0.000
37090.000	0.000
37100.000	0.001
37110.000	-0.000
37120.000	0.000
37130.000	0.001
37140.000	-0.000
37150.000	-0.000
37160.000	0.000
37170.000	0.000
37180.000	0.000
37190.000	0.000
37200.000	0.000
37210.000	0.000
37220.000	0.000
37230.000	0.000
37240.000	-0.000
37250.000	-0.000
37260.000	-0.000
37270.000	-0.000
37280.000	0.000
37290.000	0.001
37300.000	0.001
37310.000	0.000
37320.000	0.000
37330.000	0.000
37340.000	0.000
37350.000	-0.000
37360.000	-0.000
37370.000	0.000
37380.000	-0.000
37390.000	0.000
37400.000	0.000
37410.000	0.000
37420.000	-0.000
37430.000	-0.000
37440.000	0.000
37450.000	0.000
37460.000	0.000
37470.000	0.000
37480.000	-0.000
37490.000	-0.000
37500.000	0.000
37510.000	0.000
37520.000	0.000
37530.000	0.000
37540.000	0.000
37550.000	-0.000
37560.000	-0.000
37570.000	0.000
37580.000	0.000
37590.000	0.001
37600.000	0.000
37610.000	0.000
37620.000	0.000
37630.000	0.000
37640.000	0.001
37650.000	0.001
37660.000	0.001
37670.000	0.000
37680.000	0.000
37690.000	-0.000
37700.000	-0.000
37710.000	-0.000
37720.000	0.000
37730.000	-0.000
37740.000	-0.000
37750.000	0.001
37760.000	0.000
37770.000	0.000
37780.000	-0.000
37790.000	0.000
37800.000	0.000
37810.000	0.000
37820.000	-0.000
37830.000	0.000
37840.000	0.000
37850.000	-0.000
37860.000	-0.000
37870.000	0.000
37880.000	0.001
37890.000	0.001
37900.000	0.000
37910.000	0.000
37920.000	0.002
37930.000	0.003
37940.000	0.004
37950.000	0.005
37960.000	0.005
37970.000	0.006
37980.000	0.006
37990.000	0.006
38000.000	0.005
38010.000	0.004
38020.000	0.002
38030.000	0.001
38040.000	0.001
38050.000	0.000
38060.000	0.000
38070.000	0.000
38080.000	0.000
38090.000	0.000
38100.000	0.000
38110.000	0.000
38120.000	0.000
38130.000	0.000
38140.000	0.000
38150.000	0.000
38160.000	-0.000
38170.000	0.000
38180.000	0.000
38190.000	0.001
38200.000	0.000
38210.000	0.000
38220.000	-0.000
38230.000	0.000
38240.000	-0.000
38250.000	-0.000
38260.000	0.000
38270.000	-0.000
38280.000	-0.000
38290.000	-0.000
38300.000	-0.000
38310.000	0.000
38320.000	-0.000
38330.000	0.000
38340.000	-0.000
38350.000	0.000
38360.000	0.000
38370.000	-0.000
38380.000	0.000
38390.000	0.001
38400.000	0.000
38410.000	0.000
38420.000	-0.001
38430.000	-0.000
38440.000	0.000
38450.000	0.001
38460.000	0.000
38470.000	0.000
38480.000	0.000
38490.000	0.000
38500.000	0.000
38510.000	0.000
38520.000	0.001
38530.000	0.000
38540.000	0.001
38550.000	0.001
38560.000	0.001
38570.000	0.002
38580.000	0.002
38590.000	0.003
38600.000	0.004
38610.000	0.005
38620.000	0.007
38630.000	0.008
38640.000	0.011
38650.000	0.011
38660.000	0.011
38670.000	0.009
38680.000	0.007
38690.000	0.004
38700.000	0.003
38710.000	0.001
38720.000	0.000
38730.000	-0.000
38740.000	-0.001
38750.000	0.000
38760.000	0.000
38770.000	-0.000
38780.000	0.000
38790.000	0.000
38800.000	-0.000
38810.000	0.000
38820.000	-0.000
38830.000	0.000
38840.000	0.000
38850.000	0.000
38860.000	0.000
38870.000	0.000
38880.000	0.000
38890.000	-0.000
38900.000	0.000
38910.000	0.000
38920.000	0.000
38930.000	-0.000
38940.000	0.000
38950.000	0.001
38960.000	0.000
38970.000	0.000
38980.000	-0.000
38990.000	0.000
39000.000	0.000
39010.000	-0.000
39020.000	0.000
39030.000	0.000
39040.000	-0.000
39050.000	-0.000
39060.000	0.000
39070.000	-0.000
39080.000	-0.000
39090.000	-0.000
39100.000	-0.000
39110.000	0.000
39120.000	0.000
39130.000	0.000
39140.000	0.000
39150.000	-0.000
39160.000	0.001
39170.000	0.001
39180.000	0.000
39190.000	-0.000
39200.000	-0.000
39210.000	0.000
39220.000	-0.000
39230.000	0.000
39240.000	-0.000
39250.000	0.000
39260.000	0.000
39270.000	0.000
39280.000	0.000
39290.000	-0.000
39300.000	0.000
39310.000	-0.000
39320.000	-0.000
39330.000	0.000
39340.000	0.000
39350.000	0.000
39360.000	-0.000
39370.000	-0.000
39380.000	-0.000
39390.000	0.000
39400.000	-0.000
39410.000	0.000
39420.000	0.000
39430.000	0.000
39440.000	0.000
39450.000	0.000
39460.000	0.000
39470.000	-0.000
39480.000	-0.000
39490.000	-0.000
39500.000	0.000
39510.000	0.000
39520.000	-0.000
39530.000	0.000
39540.000	0.000
39550.000	0.000
39560.000	0.000
39570.000	0.000
39580.000	-0.000
39590.000	0.000
39600.000	0.000
39610.000	0.000
39620.000	0.000
39630.000	-0.000
39640.000	0.000
39650.000	0.000
39660.000	-0.000
39670.000	-0.000
39680.000	0.000
39690.000	-0.000
39700.000	-0.000
39710.000	-0.000
39720.000	0.000
39730.000	0.000
39740.000	0.000
39750.000	0.000
39760.000	0.000
39770.000	-0.000
39780.000	-0.000
39790.000	0.000
39800.000	0.001
39810.000	0.001
39820.000	0.000
39830.000	0.001
39840.000	0.001
39850.000	0.001
39860.000	0.002
39870.000	0.003
39880.000	0.004
39890.000	0.005
39900.000	0.007
39910.000	0.007
39920.000	0.008
39930.000	0.010
39940.000	0.011
39950.000	0.008
39960.000	0.007
39970.000	0.005
39980.000	0.003
39990.000	0.001
40000.000	0.001
40010.000	0.001
40020.000	0.000
40030.000	0.000
40040.000	0.000
40050.000	-0.000
40060.000	-0.000
40070.000	-0.000
40080.000	0.000
40090.000	0.000
40100.000	-0.000
40110.000	0.000
40120.000	0.001
40130.000	0.000
40140.000	-0.000
40150.000	-0.000
40160.000	-0.000
40170.000	0.000
40180.000	-0.000
40190.000	-0.000
40200.000	0.000
40210.000	0.001
40220.000	0.000
40230.000	-0.000
40240.000	0.000
40250.000	-0.000
40260.000	-0.000
40270.000	0.000
40280.000	0.000
40290.000	-0.000
40300.000	0.000
40310.000	-0.000
40320.000	0.000
40330.000	0.000
40340.000	0.000
40350.000	0.000
40360.000	0.000
40370.000	-0.000
40380.000	-0.000
40390.000	-0.000
40400.000	-0.000
40410.000	-0.000
40420.000	0.000
40430.000	0.000
40440.000	-0.000
40450.000	-0.000
40460.000	-0.000
40470.000	-0.000
40480.000	0.000
40490.000	0.000
40500.000	-0.000
40510.000	-0.000
40520.000	-0.000
40530.000	-0.001
40540.000	-0.000
40550.000	-0.000
40560.000	-0.000
40570.000	0.000
40580.000	-0.000
40590.000	-0.001
40600.000	0.000
40610.000	0.000
40620.000	0.000
40630.000	0.000
40640.000	0.000
40650.000	-0.000
40660.000	-0.000
40670.000	0.000
40680.000	-0.000
40690.000	-0.000
40700.000	-0.000
40710.000	0.000
40720.000	0.000
40730.000	-0.000
40740.000	-0.000
40750.000	-0.000
40760.000	-0.000
40770.000	-0.000
40780.000	0.000
40790.000	0.000
40800.000	0.000
40810.000	0.000
40820.000	-0.000
40830.000	0.000
40840.000	-0.000
40850.000	0.000
40860.000	0.000
40870.000	0.000
40880.000	-0.000
40890.000	-0.000
40900.000	0.000
40910.000	-0.000
40920.000	0.000
40930.000	0.000
40940.000	0.000
40950.000	0.000
40960.000	-0.000
40970.000	0.000
40980.000	0.000
40990.000	0.000
41000.000	0.000
41010.000	-0.000
41020.000	-0.000
41030.000	0.000
41040.000	0.000
41050.000	0.000
41060.000	-0.000
41070.000	-0.000
41080.000	-0.000
41090.000	-0.000
41100.000	0.000
41110.000	0.000
41120.000	-0.000
41130.000	0.000
41140.000	0.001
41150.000	-0.000
41160.000	0.000
41170.000	0.001
41180.000	0.000
41190.000	0.001
41200.000	0.000
41210.000	0.000
41220.000	-0.000
41230.000	0.001
41240.000	0.000
41250.000	0.000
41260.000	0.000
41270.000	-0.000
41280.000	0.000
41290.000	0.000
41300.000	0.000
41310.000	0.000
41320.000	-0.000
41330.000	0.000
41340.000	0.000
41350.000	0.000
41360.000	0.000
41370.000	0.000
41380.000	0.000
41390.000	-0.000
41400.000	0.001
41410.000	0.000
41420.000	0.000
41430.000	0.000
41440.000	0.000
41450.000	0.001
41460.000	-0.000
41470.000	0.000
41480.000	0.000
41490.000	-0.000
41500.000	-0.000
41510.000	-0.000
41520.000	-0.001
41530.000	0.000
41540.000	0.000
41550.000	0.000
41560.000	0.000
41570.000	0.000
41580.000	-0.000
41590.000	-0.001
41600.000	-0.000
41610.000	0.000
41620.000	0.000
41630.000	0.000
41640.000	0.000
41650.000	0.000
41660.000	-0.000
41670.000	0.000
41680.000	0.000
41690.000	0.000
41700.000	-0.000
41710.000	0.000
41720.000	0.001
41730.000	0.000
41740.000	0.000
41750.000	0.000
41760.000	0.000
41770.000	-0.001
41780.000	0.000
41790.000	-0.000
41800.000	0.000
41810.000	0.000
41820.000	0.000
41830.000	0.001
41840.000	0.000
41850.000	0.000
41860.000	-0.000
41870.000	0.000
41880.000	0.001
41890.000	0.000
41900.000	0.000
41910.000	-0.000
41920.000	-0.000
41930.000	0.000
41940.000	-0.000
41950.000	0.000
41960.000	0.001
41970.000	0.000
41980.000	-0.000
41990.000	-0.000
42000.000	0.000
42010.000	0.000
42020.000	-0.000
42030.000	0.000
42040.000	0.000
42050.000	-0.000
42060.000	0.000
42070.000	0.000
42080.000	-0.000
42090.000	-0.000
42100.000	0.000
42110.000	-0.000
42120.000	0.000
42130.000	0.000
42140.000	0.000
42150.000	-0.000
42160.000	-0.000
42170.000	-0.001
42180.000	-0.000
42190.000	-0.000
42200.000	-0.000
42210.000	-0.000
42220.000	0.000
42230.000	-0.000
42240.000	0.000
42250.000	0.000
42260.000	-0.001
42270.000	-0.001
42280.000	-0.001
42290.000	-0.000
42300.000	-0.000
42310.000	-0.000
42320.000	-0.000
42330.000	0.000
42340.000	-0.000
42350.000	-0.000
42360.000	-0.000
42370.000	-0.001
42380.000	-0.000
42390.000	-0.000
42400.000	0.000
42410.000	-0.000
42420.000	-0.000
42430.000	-0.000
42440.000	0.000
42450.000	-0.000
42460.000	0.000
42470.000	0.000
42480.000	-0.000
42490.000	-0.000
42500.000	0.000
42510.000	0.000
42520.000	-0.000
42530.000	0.000
42540.000	0.000
42550.000	0.000
42560.000	-0.000
42570.000	0.000
42580.000	-0.000
42590.000	-0.000
42600.000	-0.001
42610.000	-0.000
42620.000	-0.000
42630.000	0.000
42640.000	0.000
42650.000	0.000
42660.000	-0.000
42670.000	0.000
42680.000	-0.000
42690.000	-0.000
42700.000	-0.000
42710.000	-0.000
42720.000	-0.000
42730.000	-0.000
42740.000	-0.000
42750.000	-0.001
42760.000	0.000
42770.000	0.000
42780.000	-0.000
42790.000	-0.000
42800.000	0.000
42810.000	0.000
42820.000	-0.000
42830.000	-0.000
42840.000	-0.001
42850.000	-0.001
42860.000	0.000
42870.000	-0.001
42880.000	0.000
42890.000	-0.001
42900.000	-0.001
42910.000	0.000
42920.000	-0.000
42930.000	-0.000
42940.000	-0.000
42950.000	0.000
42960.000	-0.000
42970.000	-0.000
42980.000	0.000
42990.000	-0.000
43000.000	-0.001
43010.000	-0.000
43020.000	-0.000
43030.000	-0.000
43040.000	-0.000
43050.000	-0.000
43060.000	0.000
43070.000	0.000
43080.000	-0.000
43090.000	0.000
43100.000	-0.000
43110.000	-0.000
43120.000	-0.000
43130.000	0.000
43140.000	0.000
43150.000	0.000
43160.000	-0.000
43170.000	0.000
43180.000	-0.000
43190.000	-0.001
43200.000	-0.000
43210.000	0.000
43220.000	-0.000
43230.000	0.000
43240.000	0.000
43250.000	0.000
43260.000	-0.000
43270.000	-0.000
43280.000	0.000
43290.000	0.000
43300.000	0.000
43310.000	0.000
43320.000	0.000
43330.000	0.000
43340.000	-0.000
43350.000	-0.000
43360.000	-0.000
43370.000	-0.000
43380.000	-0.001
43390.000	-0.000
43400.000	-0.000
43410.000	-0.001
43420.000	-0.000
43430.000	-0.001
43440.000	0.000
43450.000	-0.000
43460.000	-0.001
43470.000	0.000
43480.000	0.000
43490.000	0.000
43500.000	0.000
43510.000	0.000
43520.000	0.000
43530.000	0.000
43540.000	-0.000
43550.000	-0.000
43560.000	-0.000
43570.000	-0.000
43580.000	-0.000
43590.000	-0.000
43600.000	-0.000
43610.000	-0.001
43620.000	-0.000
43630.000	-0.000
43640.000	0.000
43650.000	-0.000
43660.000	-0.000
43670.000	0.000
43680.000	-0.000
43690.000	-0.000
43700.000	-0.000
43710.000	0.000
43720.000	0.000
43730.000	0.000
43740.000	0.000
43750.000	0.000
43760.000	-0.000
43770.000	-0.000
43780.000	-0.000
43790.000	0.000
43800.000	0.000
43810.000	0.000
43820.000	0.000
43830.000	-0.000
43840.000	-0.000
43850.000	0.000
43860.000	-0.000
43870.000	0.000
43880.000	0.000
43890.000	0.000
43900.000	0.000
43910.000	0.000
43920.000	0.000
43930.000	0.000
43940.000	-0.000
43950.000	0.000
43960.000	0.000
43970.000	-0.001
43980.000	-0.000
43990.000	0.000
44000.000	0.000
44010.000	0.001
44020.000	0.000
44030.000	-0.000
44040.000	0.000
44050.000	0.000
44060.000	0.000
44070.000	-0.000
44080.000	-0.000
44090.000	0.000
44100.000	0.000
44110.000	-0.000
44120.000	-0.000
44130.000	-0.000
44140.000	-0.000
44150.000	-0.000
44160.000	0.000
44170.000	-0.000
44180.000	0.000
44190.000	-0.000
44200.000	-0.000
44210.000	0.000
44220.000	0.000
44230.000	0.000
44240.000	0.000
44250.000	0.000
44260.000	0.000
44270.000	-0.000
44280.000	0.000
44290.000	-0.000
44300.000	-0.001
44310.000	0.000
44320.000	0.001
44330.000	-0.000
44340.000	-0.000
44350.000	0.000
44360.000	-0.000
44370.000	0.000
44380.000	0.000
44390.000	0.000
44400.000	-0.000
44410.000	-0.000
44420.000	0.000
44430.000	0.000
44440.000	-0.000
44450.000	0.000
44460.000	0.000
44470.000	-0.001
44480.000	-0.000
44490.000	0.000
44500.000	-0.000
44510.000	0.001
44520.000	0.000
44530.000	0.000
44540.000	-0.000
44550.000	0.000
44560.000	0.000
44570.000	0.000
44580.000	0.000
44590.000	-0.000
44600.000	0.000
44610.000	0.000
44620.000	0.001
44630.000	0.001
44640.000	0.000
44650.000	0.000
44660.000	-0.000
44670.000	0.001
44680.000	0.000
44690.000	-0.000
44700.000	0.000
44710.000	-0.000
44720.000	-0.001
44730.000	-0.000
44740.000	0.000
44750.000	-0.001
44760.000	0.000
44770.000	-0.000
44780.000	0.000
44790.000	0.000
44800.000	-0.000
44810.000	0.000
44820.000	0.000
44830.000	0.000
44840.000	-0.000
44850.000	0.000
44860.000	-0.000
44870.000	0.000
44880.000	0.000
44890.000	0.000
44900.000	-0.000
44910.000	-0.000
44920.000	-0.000
44930.000	-0.000
44940.000	-0.000
44950.000	0.000
44960.000	0.001
44970.000	0.001
44980.000	-0.000
44990.000	0.000
45000.000	0.001
45010.000	-0.000
45020.000	0.000
45030.000	0.000
45040.000	0.000
45050.000	-0.000
45060.000	-0.000
45070.000	-0.000
45080.000	-0.001
45090.000	-0.000
45100.000	-0.000
45110.000	-0.000
45120.000	-0.000
45130.000	-0.000
45140.000	0.000
45150.000	-0.000
45160.000	0.000
45170.000	0.000
45180.000	0.000
45190.000	0.000
45200.000	-0.000
45210.000	0.000
45220.000	0.000
45230.000	-0.000
45240.000	0.000
45250.000	0.001
45260.000	0.000
45270.000	0.000
45280.000	-0.000
45290.000	0.000
45300.000	-0.000
45310.000	-0.000
45320.000	0.000
45330.000	-0.000
45340.000	0.001
45350.000	0.000
45360.000	0.000
45370.000	-0.000
45380.000	-0.000
45390.000	-0.000
45400.000	0.000
45410.000	0.000
45420.000	0.001
45430.000	-0.000
45440.000	0.000
45450.000	-0.000
45460.000	0.000
45470.000	0.001
45480.000	0.000
45490.000	-0.000
45500.000	-0.000
45510.000	-0.000
45520.000	-0.000
45530.000	0.000
45540.000	0.000
45550.000	0.000
45560.000	0.000
45570.000	0.001
45580.000	-0.000
45590.000	0.001
45600.000	-0.000
45610.000	0.000
45620.000	-0.000
45630.000	-0.001
45640.000	0.000
45650.000	-0.000
45660.000	0.000
45670.000	0.000
45680.000	0.000
45690.000	0.000
45700.000	-0.000
45710.000	-0.000
45720.000	0.000
45730.000	0.000
45740.000	-0.000
45750.000	-0.000
45760.000	-0.000
45770.000	-0.000
45780.000	0.000
45790.000	0.000
45800.000	0.000
45810.000	-0.000
45820.000	-0.000
45830.000	-0.000
45840.000	-0.001
45850.000	0.000
45860.000	-0.000
45870.000	0.000
45880.000	0.000
45890.000	0.000
45900.000	-0.000
45910.000	-0.000
45920.000	0.000
45930.000	0.000
45940.000	-0.000
45950.000	-0.000
45960.000	0.000
45970.000	-0.000
45980.000	0.000
45990.000	0.000
46000.000	-0.000
46010.000	0.000
46020.000	-0.000
46030.000	0.000
46040.000	0.000
46050.000	0.000
46060.000	-0.000
46070.000	0.000
46080.000	0.000
46090.000	0.000
46100.000	-0.000
46110.000	0.000
46120.000	-0.000
46130.000	-0.000
46140.000	-0.000
46150.000	-0.000
46160.000	0.000
46170.000	0.000
46180.000	0.000
46190.000	-0.000
46200.000	0.000
46210.000	0.000
46220.000	0.000
46230.000	0.000
46240.000	0.000
46250.000	-0.000
46260.000	-0.001
46270.000	-0.000
46280.000	0.001
46290.000	0.000
46300.000	0.000
46310.000	-0.000
46320.000	0.000
46330.000	-0.000
46340.000	0.000
46350.000	-0.000
46360.000	0.000
46370.000	0.001
46380.000	-0.000
46390.000	0.000
46400.000	-0.000
46410.000	0.000
46420.000	0.000
46430.000	-0.000
46440.000	-0.000
46450.000	-0.000
46460.000	0.000
46470.000	0.000
46480.000	-0.000
46490.000	0.000
46500.000	-0.000
46510.000	0.000
46520.000	0.000
46530.000	-0.000
46540.000	-0.000
46550.000	0.000
46560.000	0.000
46570.000	0.000
46580.000	0.000
46590.000	0.000
46600.000	0.000
46610.000	0.000
46620.000	0.000
46630.000	0.001
46640.000	0.000
46650.000	-0.000
46660.000	0.000
46670.000	0.000
46680.000	-0.000
46690.000	-0.000
46700.000	-0.001
46710.000	0.000
46720.000	0.001
46730.000	0.000
46740.000	-0.000
46750.000	0.000
46760.000	0.000
46770.000	-0.000
46780.000	0.000
46790.000	-0.000
46800.000	-0.000
46810.000	0.000
46820.000	0.001
46830.000	0.000
46840.000	-0.000
46850.000	0.001
46860.000	0.000
46870.000	0.001
46880.000	0.000
46890.000	0.001
46900.000	0.001
46910.000	0.000
46920.000	-0.000
46930.000	0.000
46940.000	0.000
46950.000	0.000
46960.000	0.000
46970.000	0.000
46980.000	-0.000
46990.000	0.000
47000.000	0.000
47010.000	-0.000
47020.000	0.000
47030.000	-0.000
47040.000	0.000
47050.000	0.000
47060.000	-0.000
47070.000	0.000
47080.000	0.000
47090.000	0.000
47100.000	-0.000
47110.000	0.001
47120.000	-0.000
47130.000	-0.000
47140.000	0.000
47150.000	0.001
47160.000	0.000
47170.000	0.000
47180.000	-0.000
47190.000	-0.000
47200.000	0.000
47210.000	-0.000
47220.000	-0.000
47230.000	0.000
47240.000	-0.000
47250.000	0.000
47260.000	0.000
47270.000	-0.000
47280.000	0.000
47290.000	-0.000
47300.000	-0.000
47310.000	-0.000
47320.000	0.000
47330.000	-0.000
47340.000	0.001
47350.000	0.000
47360.000	-0.000
47370.000	0.000
47380.000	-0.000
47390.000	0.001
47400.000	0.000
47410.000	0.000
47420.000	0.000
47430.000	0.000
47440.000	0.000
47450.000	0.000
47460.000	0.001
47470.000	0.000
47480.000	0.000
47490.000	-0.000
47500.000	-0.000
47510.000	0.000
47520.000	-0.000
47530.000	0.000
47540.000	0.000
47550.000	-0.000
47560.000	0.000
47570.000	0.001
47580.000	0.000
47590.000	-0.000
47600.000	0.000
47610.000	-0.000
47620.000	0.000
47630.000	0.000
47640.000	-0.001
47650.000	0.000
47660.000	-0.000
47670.000	-0.001
47680.000	0.000
47690.000	0.000
47700.000	-0.000
47710.000	0.000
47720.000	0.001
47730.000	-0.000
47740.000	-0.000
47750.000	0.000
47760.000	-0.000
47770.000	-0.000
47780.000	-0.000
47790.000	0.000
47800.000	0.000
47810.000	0.000
47820.000	-0.000
47830.000	-0.000
47840.000	-0.000
47850.000	-0.000
47860.000	0.000
47870.000	0.001
47880.000	0.000
47890.000	0.000
47900.000	0.001
47910.000	-0.000
47920.000	-0.000
47930.000	-0.000
47940.000	0.000
47950.000	0.000
47960.000	0.000
47970.000	-0.000
47980.000	0.001
47990.000	0.000
48000.000	0.000
48010.000	0.000
48020.000	0.000
48030.000	0.000
48040.000	0.001
48050.000	0.000
48060.000	0.001
48070.000	-0.000
48080.000	0.000
48090.000	0.001
48100.000	0.000
48110.000	0.001
48120.000	0.001
48130.000	0.001
48140.000	0.000
48150.000	-0.000
48160.000	0.000
48170.000	0.000
48180.000	0.000
48190.000	-0.000
48200.000	-0.000
48210.000	0.000
48220.000	-0.000
48230.000	-0.000
48240.000	-0.001
48250.000	-0.000
48260.000	0.001
48270.000	0.000
48280.000	0.000
48290.000	0.000
48300.000	-0.000
48310.000	-0.000
48320.000	-0.000
48330.000	0.000
48340.000	-0.000
48350.000	0.000
48360.000	0.000
48370.000	0.000
48380.000	-0.000
48390.000	0.000
48400.000	-0.000
48410.000	-0.000
48420.000	-0.000
48430.000	0.000
48440.000	-0.000
48450.000	-0.000
48460.000	0.000
48470.000	0.000
48480.000	0.000
48490.000	0.000
48491.000	0.000
