10.000	0.001
20.000	0.001
30.000	0.002
40.000	0.002
50.000	0.001
60.000	0.002
70.000	0.002
80.000	0.002
90.000	0.002
100.000	0.002
110.000	0.002
120.000	0.002
130.000	0.002
140.000	0.002
150.000	0.002
160.000	0.002
170.000	0.002
180.000	0.002
190.000	0.002
200.000	0.002
210.000	0.002
220.000	0.002
230.000	0.003
240.000	0.002
250.000	0.002
260.000	0.002
270.000	0.002
280.000	0.002
290.000	0.002
300.000	0.002
310.000	0.002
320.000	0.002
330.000	0.002
340.000	0.002
350.000	0.002
360.000	0.002
370.000	0.002
380.000	0.002
390.000	0.002
400.000	0.002
410.000	0.002
420.000	0.002
430.000	0.002
440.000	0.002
450.000	0.002
460.000	0.002
470.000	0.002
480.000	0.002
490.000	0.003
500.000	0.002
510.000	0.002
520.000	0.003
530.000	0.002
540.000	0.002
550.000	0.002
560.000	0.003
570.000	0.002
580.000	0.002
590.000	0.002
600.000	0.002
610.000	0.002
620.000	0.002
630.000	0.002
640.000	0.002
650.000	0.002
660.000	0.002
670.000	0.002
680.000	0.002
690.000	0.002
700.000	0.002
710.000	0.003
720.000	0.003
730.000	0.003
740.000	0.003
750.000	0.002
760.000	0.002
770.000	0.002
780.000	0.002
790.000	0.002
800.000	0.002
810.000	0.002
820.000	0.002
830.000	0.002
840.000	0.003
850.000	0.002
860.000	0.003
870.000	0.002
880.000	0.002
890.000	0.003
900.000	0.003
910.000	0.002
920.000	0.002
930.000	0.003
940.000	0.002
950.000	0.002
960.000	0.002
970.000	0.002
980.000	0.003
990.000	0.002
1000.000	0.002
1010.000	0.002
1020.000	0.002
1030.000	0.002
1040.000	0.002
1050.000	0.002
1060.000	0.003
1070.000	0.002
1080.000	0.003
1090.000	0.002
1100.000	0.002
1110.000	0.003
1120.000	0.002
1130.000	0.003
1140.000	0.002
1150.000	0.003
1160.000	0.003
1170.000	0.002
1180.000	0.002
1190.000	0.003
1200.000	0.003
1210.000	0.003
1220.000	0.002
1230.000	0.002
1240.000	0.003
1250.000	0.002
1260.000	0.003
1270.000	0.003
1280.000	0.003
1290.000	0.002
1300.000	0.002
1310.000	0.002
1320.000	0.002
1330.000	0.003
1340.000	0.002
1350.000	0.002
1360.000	0.003
1370.000	0.003
1380.000	0.003
1390.000	0.002
1400.000	0.002
1410.000	0.002
1420.000	0.003
1430.000	0.003
1440.000	0.002
1450.000	0.002
1460.000	0.002
1470.000	0.002
1480.000	0.003
1490.000	0.003
1500.000	0.002
1510.000	0.003
1520.000	0.003
1530.000	0.002
1540.000	0.002
1550.000	0.003
1560.000	0.002
1570.000	0.002
1580.000	0.002
1590.000	0.002
1600.000	0.002
1610.000	0.003
1620.000	0.002
1630.000	0.002
1640.000	0.002
1650.000	0.002
1660.000	0.003
1670.000	0.002
1680.000	0.002
1690.000	0.002
1700.000	0.002
1710.000	0.002
1720.000	0.003
1730.000	0.002
1740.000	0.002
1750.000	0.002
1760.000	0.002
1770.000	0.002
1780.000	0.003
1790.000	0.003
1800.000	0.003
1810.000	0.002
1820.000	0.003
1830.000	0.003
1840.000	0.003
1850.000	0.003
1860.000	0.003
1870.000	0.003
1880.000	0.002
1890.000	0.002
1900.000	0.003
1910.000	0.003
1920.000	0.003
1930.000	0.003
1940.000	0.003
1950.000	0.002
1960.000	0.002
1970.000	0.002
1980.000	0.003
1990.000	0.002
2000.000	0.003
2010.000	0.003
2020.000	0.003
2030.000	0.002
2040.000	0.003
2050.000	0.003
2060.000	0.003
2070.000	0.003
2080.000	0.003
2090.000	0.003
2100.000	0.003
2110.000	0.002
2120.000	0.002
2130.000	0.003
2140.000	0.003
2150.000	0.003
2160.000	0.003
2170.000	0.002
2180.000	0.003
2190.000	0.003
2200.000	0.003
2210.000	0.003
2220.000	0.003
2230.000	0.003
2240.000	0.002
2250.000	0.003
2260.000	0.003
2270.000	0.004
2280.000	0.003
2290.000	0.002
2300.000	0.003
2310.000	0.003
2320.000	0.004
2330.000	0.003
2340.000	0.003
2350.000	0.003
2360.000	0.003
2370.000	0.003
2380.000	0.003
2390.000	0.003
2400.000	0.004
2410.000	0.003
2420.000	0.003
2430.000	0.004
2440.000	0.003
2450.000	0.003
2460.000	0.003
2470.000	0.003
2480.000	0.003
2490.000	0.003
2500.000	0.003
2510.000	0.002
2520.000	0.003
2530.000	0.002
2540.000	0.003
2550.000	0.003
2560.000	0.003
2570.000	0.003
2580.000	0.003
2590.000	0.002
2600.000	0.003
2610.000	0.004
2620.000	0.004
2630.000	0.003
2640.000	0.003
2650.000	0.003
2660.000	0.003
2670.000	0.003
2680.000	0.003
2690.000	0.003
2700.000	0.003
2710.000	0.003
2720.000	0.003
2730.000	0.003
2740.000	0.003
2750.000	0.003
2760.000	0.003
2770.000	0.003
2780.000	0.003
2790.000	0.003
2800.000	0.003
2810.000	0.003
2820.000	0.003
2830.000	0.003
2840.000	0.002
2850.000	0.003
2860.000	0.003
2870.000	0.003
2880.000	0.003
2890.000	0.003
2900.000	0.003
2910.000	0.003
2920.000	0.003
2930.000	0.003
2940.000	0.003
2950.000	0.002
2960.000	0.002
2970.000	0.004
2980.000	0.003
2990.000	0.004
3000.000	0.003
3010.000	0.003
3020.000	0.003
3030.000	0.004
3040.000	0.003
3050.000	0.003
3060.000	0.003
3070.000	0.003
3080.000	0.003
3090.000	0.003
3100.000	0.003
3110.000	0.003
3120.000	0.003
3130.000	0.003
3140.000	0.003
3150.000	0.003
3160.000	0.004
3170.000	0.003
3180.000	0.004
3190.000	0.004
3200.000	0.003
3210.000	0.003
3220.000	0.003
3230.000	0.003
3240.000	0.003
3250.000	0.003
3260.000	0.004
3270.000	0.004
3280.000	0.004
3290.000	0.003
3300.000	0.002
3310.000	0.003
3320.000	0.003
3330.000	0.003
3340.000	0.005
3350.000	0.004
3360.000	0.003
3370.000	0.003
3380.000	0.003
3390.000	0.003
3400.000	0.003
3410.000	0.003
3420.000	0.003
3430.000	0.004
3440.000	0.003
3450.000	0.003
3460.000	0.003
3470.000	0.004
3480.000	0.003
3490.000	0.004
3500.000	0.004
3510.000	0.003
3520.000	0.004
3530.000	0.005
3540.000	0.004
3550.000	0.004
3560.000	0.004
3570.000	0.003
3580.000	0.004
3590.000	0.004
3600.000	0.004
3610.000	0.004
3620.000	0.004
3630.000	0.003
3640.000	0.003
3650.000	0.003
3660.000	0.003
3670.000	0.004
3680.000	0.004
3690.000	0.003
3700.000	0.004
3710.000	0.004
3720.000	0.004
3730.000	0.004
3740.000	0.004
3750.000	0.004
3760.000	0.004
3770.000	0.004
3780.000	0.004
3790.000	0.004
3800.000	0.004
3810.000	0.003
3820.000	0.003
3830.000	0.004
3840.000	0.004
3850.000	0.004
3860.000	0.004
3870.000	0.004
3880.000	0.004
3890.000	0.004
3900.000	0.004
3910.000	0.004
3920.000	0.003
3930.000	0.004
3940.000	0.003
3950.000	0.003
3960.000	0.004
3970.000	0.004
3980.000	0.004
3990.000	0.004
4000.000	0.004
4010.000	0.004
4020.000	0.004
4030.000	0.004
4040.000	0.003
4050.000	0.003
4060.000	0.004
4070.000	0.003
4080.000	0.004
4090.000	0.004
4100.000	0.004
4110.000	0.004
4120.000	0.004
4130.000	0.004
4140.000	0.004
4150.000	0.005
4160.000	0.004
4170.000	0.004
4180.000	0.003
4190.000	0.004
4200.000	0.004
4210.000	0.004
4220.000	0.004
4230.000	0.004
4240.000	0.004
4250.000	0.004
4260.000	0.004
4270.000	0.005
4280.000	0.004
4290.000	0.005
4300.000	0.004
4310.000	0.004
4320.000	0.004
4330.000	0.004
4340.000	0.004
4350.000	0.005
4360.000	0.004
4370.000	0.005
4380.000	0.005
4390.000	0.005
4400.000	0.004
4410.000	0.004
4420.000	0.004
4430.000	0.005
4440.000	0.004
4450.000	0.004
4460.000	0.003
4470.000	0.003
4480.000	0.003
4490.000	0.004
4500.000	0.004
4510.000	0.004
4520.000	0.004
4530.000	0.004
4540.000	0.004
4550.000	0.005
4560.000	0.004
4570.000	0.005
4580.000	0.004
4590.000	0.004
4600.000	0.003
4610.000	0.004
4620.000	0.005
4630.000	0.005
4640.000	0.004
4650.000	0.004
4660.000	0.004
4670.000	0.004
4680.000	0.004
4690.000	0.004
4700.000	0.004
4710.000	0.004
4720.000	0.004
4730.000	0.004
4740.000	0.004
4750.000	0.004
4760.000	0.004
4770.000	0.004
4780.000	0.004
4790.000	0.004
4800.000	0.004
4810.000	0.004
4820.000	0.004
4830.000	0.004
4840.000	0.004
4850.000	0.004
4860.000	0.005
4870.000	0.004
4880.000	0.004
4890.000	0.005
4900.000	0.005
4910.000	0.004
4920.000	0.004
4930.000	0.004
4940.000	0.004
4950.000	0.004
4960.000	0.004
4970.000	0.004
4980.000	0.004
4990.000	0.005
5000.000	0.004
5010.000	0.004
5020.000	0.005
5030.000	0.005
5040.000	0.005
5050.000	0.005
5060.000	0.004
5070.000	0.004
5080.000	0.005
5090.000	0.004
5100.000	0.004
5110.000	0.004
5120.000	0.004
5130.000	0.004
5140.000	0.004
5150.000	0.004
5160.000	0.004
5170.000	0.004
5180.000	0.004
5190.000	0.004
5200.000	0.004
5210.000	0.004
5220.000	0.004
5230.000	0.004
5240.000	0.003
5250.000	0.004
5260.000	0.004
5270.000	0.004
5280.000	0.004
5290.000	0.004
5300.000	0.004
5310.000	0.004
5320.000	0.005
5330.000	0.004
5340.000	0.004
5350.000	0.004
5360.000	0.005
5370.000	0.005
5380.000	0.004
5390.000	0.004
5400.000	0.004
5410.000	0.005
5420.000	0.005
5430.000	0.005
5440.000	0.005
5450.000	0.004
5460.000	0.004
5470.000	0.005
5480.000	0.005
5490.000	0.005
5500.000	0.004
5510.000	0.005
5520.000	0.004
5530.000	0.005
5540.000	0.004
5550.000	0.005
5560.000	0.005
5570.000	0.004
5580.000	0.004
5590.000	0.004
5600.000	0.005
5610.000	0.005
5620.000	0.005
5630.000	0.005
5640.000	0.005
5650.000	0.005
5660.000	0.005
5670.000	0.005
5680.000	0.004
5690.000	0.005
5700.000	0.006
5710.000	0.005
5720.000	0.005
5730.000	0.005
5740.000	0.005
5750.000	0.006
5760.000	0.005
5770.000	0.004
5780.000	0.004
5790.000	0.005
5800.000	0.004
5810.000	0.005
5820.000	0.005
5830.000	0.004
5840.000	0.005
5850.000	0.005
5860.000	0.005
5870.000	0.005
5880.000	0.005
5890.000	0.004
5900.000	0.005
5910.000	0.005
5920.000	0.005
5930.000	0.005
5940.000	0.005
5950.000	0.005
5960.000	0.005
5970.000	0.005
5980.000	0.005
5990.000	0.005
6000.000	0.005
6010.000	0.005
6020.000	0.005
6030.000	0.004
6040.000	0.004
6050.000	0.004
6060.000	0.004
6070.000	0.005
6080.000	0.005
6090.000	0.005
6100.000	0.006
6110.000	0.005
6120.000	0.005
6130.000	0.004
6140.000	0.005
6150.000	0.005
6160.000	0.005
6170.000	0.005
6180.000	0.006
6190.000	0.006
6200.000	0.006
6210.000	0.006
6220.000	0.005
6230.000	0.005
6240.000	0.005
6250.000	0.006
6260.000	0.005
6270.000	0.005
6280.000	0.005
6290.000	0.005
6300.000	0.005
6310.000	0.005
6320.000	0.005
6330.000	0.005
6340.000	0.005
6350.000	0.005
6360.000	0.005
6370.000	0.005
6380.000	0.005
6390.000	0.005
6400.000	0.006
6410.000	0.005
6420.000	0.005
6430.000	0.005
6440.000	0.006
6450.000	0.005
6460.000	0.005
6470.000	0.006
6480.000	0.006
6490.000	0.005
6500.000	0.005
6510.000	0.005
6520.000	0.004
6530.000	0.005
6540.000	0.005
6550.000	0.005
6560.000	0.006
6570.000	0.006
6580.000	0.005
6590.000	0.006
6600.000	0.005
6610.000	0.006
6620.000	0.006
6630.000	0.005
6640.000	0.004
6650.000	0.006
6660.000	0.004
6670.000	0.005
6680.000	0.005
6690.000	0.006
6700.000	0.005
6710.000	0.006
6720.000	0.007
6730.000	0.007
6740.000	0.006
6750.000	0.006
6760.000	0.006
6770.000	0.006
6780.000	0.006
6790.000	0.006
6800.000	0.006
6810.000	0.006
6820.000	0.005
6830.000	0.006
6840.000	0.006
6850.000	0.006
6860.000	0.006
6870.000	0.007
6880.000	0.005
6890.000	0.006
6900.000	0.005
6910.000	0.006
6920.000	0.005
6930.000	0.005
6940.000	0.006
6950.000	0.006
6960.000	0.006
6970.000	0.006
6980.000	0.005
6990.000	0.006
7000.000	0.006
7010.000	0.006
7020.000	0.005
7030.000	0.006
7040.000	0.006
7050.000	0.006
7060.000	0.006
7070.000	0.006
7080.000	0.005
7090.000	0.006
7100.000	0.005
7110.000	0.006
7120.000	0.006
7130.000	0.005
7140.000	0.006
7150.000	0.006
7160.000	0.005
7170.000	0.005
7180.000	0.005
7190.000	0.005
7200.000	0.006
7210.000	0.006
7220.000	0.007
7230.000	0.006
7240.000	0.005
7250.000	0.006
7260.000	0.005
7270.000	0.006
7280.000	0.006
7290.000	0.006
7300.000	0.006
7310.000	0.006
7320.000	0.006
7330.000	0.006
7340.000	0.006
7350.000	0.006
7360.000	0.006
7370.000	0.006
7380.000	0.006
7390.000	0.006
7400.000	0.006
7410.000	0.006
7420.000	0.007
7430.000	0.006
7440.000	0.006
7450.000	0.005
7460.000	0.005
7470.000	0.006
7480.000	0.006
7490.000	0.006
7500.000	0.006
7510.000	0.007
7520.000	0.006
7530.000	0.007
7540.000	0.005
7550.000	0.006
7560.000	0.006
7570.000	0.005
7580.000	0.005
7590.000	0.006
7600.000	0.005
7610.000	0.006
7620.000	0.005
7630.000	0.005
7640.000	0.006
7650.000	0.007
7660.000	0.006
7670.000	0.006
7680.000	0.006
7690.000	0.005
7700.000	0.006
7710.000	0.006
7720.000	0.006
7730.000	0.006
7740.000	0.007
7750.000	0.006
7760.000	0.006
7770.000	0.007
7780.000	0.006
7790.000	0.006
7800.000	0.006
7810.000	0.006
7820.000	0.007
7830.000	0.007
7840.000	0.007
7850.000	0.007
7860.000	0.006
7870.000	0.007
7880.000	0.006
7890.000	0.007
7900.000	0.007
7910.000	0.006
7920.000	0.007
7930.000	0.007
7940.000	0.007
7950.000	0.006
7960.000	0.007
7970.000	0.007
7980.000	0.007
7990.000	0.007
8000.000	0.007
8010.000	0.007
8020.000	0.007
8030.000	0.007
8040.000	0.007
8050.000	0.006
8060.000	0.006
8070.000	0.006
8080.000	0.007
8090.000	0.007
8100.000	0.006
8110.000	0.006
8120.000	0.006
8130.000	0.006
8140.000	0.006
8150.000	0.006
8160.000	0.006
8170.000	0.007
8180.000	0.006
8190.000	0.006
8200.000	0.007
8210.000	0.006
8220.000	0.006
8230.000	0.007
8240.000	0.006
8250.000	0.007
8260.000	0.006
8270.000	0.006
8280.000	0.006
8290.000	0.006
8300.000	0.006
8310.000	0.006
8320.000	0.006
8330.000	0.006
8340.000	0.006
8350.000	0.006
8360.000	0.006
8370.000	0.006
8380.000	0.006
8390.000	0.007
8400.000	0.007
8410.000	0.006
8420.000	0.007
8430.000	0.007
8440.000	0.007
8450.000	0.007
8460.000	0.007
8470.000	0.007
8480.000	0.007
8490.000	0.007
8500.000	0.007
8510.000	0.007
8520.000	0.007
8530.000	0.007
8540.000	0.007
8550.000	0.007
8560.000	0.008
8570.000	0.008
8580.000	0.007
8590.000	0.007
8600.000	0.007
8610.000	0.008
8620.000	0.007
8630.000	0.008
8640.000	0.007
8650.000	0.007
8660.000	0.007
8670.000	0.007
8680.000	0.007
8690.000	0.007
8700.000	0.007
8710.000	0.007
8720.000	0.007
8730.000	0.007
8740.000	0.007
8750.000	0.006
8760.000	0.007
8770.000	0.007
8780.000	0.007
8790.000	0.006
8800.000	0.007
8810.000	0.007
8820.000	0.007
8830.000	0.007
8840.000	0.007
8850.000	0.007
8860.000	0.006
8870.000	0.006
8880.000	0.006
8890.000	0.006
8900.000	0.006
8910.000	0.007
8920.000	0.006
8930.000	0.006
8940.000	0.006
8950.000	0.006
8960.000	0.006
8970.000	0.007
8980.000	0.007
8990.000	0.007
9000.000	0.006
9010.000	0.006
9020.000	0.006
9030.000	0.006
9040.000	0.006
9050.000	0.007
9060.000	0.006
9070.000	0.007
9080.000	0.006
9090.000	0.007
9100.000	0.007
9110.000	0.006
9120.000	0.006
9130.000	0.006
9140.000	0.007
9150.000	0.007
9160.000	0.007
9170.000	0.007
9180.000	0.007
9190.000	0.007
9200.000	0.007
9210.000	0.008
9220.000	0.007
9230.000	0.007
9240.000	0.008
9250.000	0.008
9260.000	0.007
9270.000	0.007
9280.000	0.007
9290.000	0.007
9300.000	0.007
9310.000	0.008
9320.000	0.008
9330.000	0.009
9340.000	0.009
9350.000	0.010
9360.000	0.011
9370.000	0.010
9380.000	0.012
9390.000	0.012
9400.000	0.012
9410.000	0.014
9420.000	0.012
9430.000	0.012
9440.000	0.012
9450.000	0.012
9460.000	0.010
9470.000	0.009
9480.000	0.008
9490.000	0.008
9500.000	0.007
9510.000	0.007
9520.000	0.007
9530.000	0.007
9540.000	0.006
9550.000	0.006
9560.000	0.007
9570.000	0.006
9580.000	0.006
9590.000	0.006
9600.000	0.006
9610.000	0.006
9620.000	0.006
9630.000	0.007
9640.000	0.007
9650.000	0.007
9660.000	0.007
9670.000	0.007
9680.000	0.006
9690.000	0.006
9700.000	0.007
9710.000	0.006
9720.000	0.007
9730.000	0.006
9740.000	0.006
9750.000	0.007
9760.000	0.007
9770.000	0.006
9780.000	0.007
9790.000	0.007
9800.000	0.007
9810.000	0.007
9820.000	0.007
9830.000	0.007
9840.000	0.007
9850.000	0.007
9860.000	0.007
9870.000	0.007
9880.000	0.007
9890.000	0.007
9900.000	0.007
9910.000	0.008
9920.000	0.008
9930.000	0.008
9940.000	0.007
9950.000	0.007
9960.000	0.007
9970.000	0.007
9980.000	0.007
9990.000	0.007
10000.000	0.007
10010.000	0.007
10020.000	0.007
10030.000	0.006
10040.000	0.005
10050.000	0.006
10060.000	0.006
10070.000	0.006
10080.000	0.006
10090.000	0.006
10100.000	0.006
10110.000	0.007
10120.000	0.007
10130.000	0.007
10140.000	0.007
10150.000	0.007
10160.000	0.008
10170.000	0.007
10180.000	0.007
10190.000	0.007
10200.000	0.007
10210.000	0.007
10220.000	0.007
10230.000	0.007
10240.000	0.007
10250.000	0.007
10260.000	0.007
10270.000	0.007
10280.000	0.006
10290.000	0.007
10300.000	0.007
10310.000	0.007
10320.000	0.007
10330.000	0.007
10340.000	0.009
10350.000	0.011
10360.000	0.011
10370.000	0.014
10380.000	0.014
10390.000	0.016
10400.000	0.017
10410.000	0.017
10420.000	0.019
10430.000	0.018
10440.000	0.018
10450.000	0.018
10460.000	0.016
10470.000	0.016
10480.000	0.014
10490.000	0.013
10500.000	0.013
10510.000	0.013
10520.000	0.011
10530.000	0.011
10540.000	0.010
10550.000	0.011
10560.000	0.011
10570.000	0.009
10580.000	0.010
10590.000	0.010
10600.000	0.009
10610.000	0.008
10620.000	0.008
10630.000	0.007
10640.000	0.007
10650.000	0.006
10660.000	0.006
10670.000	0.005
10680.000	0.005
10690.000	0.006
10700.000	0.005
10710.000	0.005
10720.000	0.005
10730.000	0.005
10740.000	0.005
10750.000	0.005
10760.000	0.005
10770.000	0.005
10780.000	0.004
10790.000	0.005
10800.000	0.005
10810.000	0.005
10820.000	0.005
10830.000	0.006
10840.000	0.006
10850.000	0.007
10860.000	0.006
10870.000	0.005
10880.000	0.005
10890.000	0.005
10900.000	0.006
10910.000	0.005
10920.000	0.005
10930.000	0.005
10940.000	0.004
10950.000	0.005
10960.000	0.005
10970.000	0.004
10980.000	0.005
10990.000	0.005
11000.000	0.005
11010.000	0.005
11020.000	0.005
11030.000	0.005
11040.000	0.005
11050.000	0.005
11060.000	0.005
11070.000	0.005
11080.000	0.006
11090.000	0.006
11100.000	0.006
11110.000	0.005
11120.000	0.006
11130.000	0.006
11140.000	0.006
11150.000	0.007
11160.000	0.006
11170.000	0.007
11180.000	0.007
11190.000	0.007
11200.000	0.007
11210.000	0.007
11220.000	0.008
11230.000	0.008
11240.000	0.008
11250.000	0.008
11260.000	0.008
11270.000	0.010
11280.000	0.011
11290.000	0.011
11300.000	0.013
11310.000	0.014
11320.000	0.015
11330.000	0.017
11340.000	0.019
11350.000	0.021
11360.000	0.019
11370.000	0.021
11380.000	0.022
11390.000	0.020
11400.000	0.019
11410.000	0.017
11420.000	0.015
11430.000	0.014
11440.000	0.012
11450.000	0.010
11460.000	0.009
11470.000	0.008
11480.000	0.007
11490.000	0.007
11500.000	0.006
11510.000	0.006
11520.000	0.005
11530.000	0.006
11540.000	0.006
11550.000	0.006
11560.000	0.005
11570.000	0.006
11580.000	0.007
11590.000	0.007
11600.000	0.007
11610.000	0.007
11620.000	0.008
11630.000	0.010
11640.000	0.012
11650.000	0.015
11660.000	0.019
11670.000	0.021
11680.000	0.025
11690.000	0.028
11700.000	0.030
11710.000	0.029
11720.000	0.028
11730.000	0.026
11740.000	0.023
11750.000	0.020
11760.000	0.016
11770.000	0.013
11780.000	0.010
11790.000	0.008
11800.000	0.007
11810.000	0.007
11820.000	0.006
11830.000	0.006
11840.000	0.005
11850.000	0.004
11860.000	0.005
11870.000	0.005
11880.000	0.005
11890.000	0.004
11900.000	0.003
11910.000	0.004
11920.000	0.005
11930.000	0.005
11940.000	0.005
11950.000	0.005
11960.000	0.004
11970.000	0.004
11980.000	0.004
11990.000	0.004
12000.000	0.005
12010.000	0.005
12020.000	0.004
12030.000	0.005
12040.000	0.005
12050.000	0.006
12060.000	0.006
12070.000	0.007
12080.000	0.007
12090.000	0.007
12100.000	0.007
12110.000	0.008
12120.000	0.008
12130.000	0.007
12140.000	0.007
12150.000	0.008
12160.000	0.007
12170.000	0.007
12180.000	0.007
12190.000	0.007
12200.000	0.006
12210.000	0.006
12220.000	0.007
12230.000	0.007
12240.000	0.008
12250.000	0.008
12260.000	0.010
12270.000	0.013
12280.000	0.016
12290.000	0.020
12300.000	0.021
12310.000	0.026
12320.000	0.030
12330.000	0.032
12340.000	0.033
12350.000	0.033
12360.000	0.032
12370.000	0.028
12380.000	0.026
12390.000	0.023
12400.000	0.018
12410.000	0.014
12420.000	0.012
12430.000	0.009
12440.000	0.007
12450.000	0.007
12460.000	0.006
12470.000	0.005
12480.000	0.005
12490.000	0.005
12500.000	0.004
12510.000	0.004
12520.000	0.003
12530.000	0.003
12540.000	0.003
12550.000	0.004
12560.000	0.003
12570.000	0.004
12580.000	0.003
12590.000	0.004
12600.000	0.003
12610.000	0.003
12620.000	0.003
12630.000	0.003
12640.000	0.004
12650.000	0.004
12660.000	0.004
12670.000	0.003
12680.000	0.004
12690.000	0.004
12700.000	0.003
12710.000	0.004
12720.000	0.005
12730.000	0.004
12740.000	0.004
12750.000	0.004
12760.000	0.004
12770.000	0.003
12780.000	0.004
12790.000	0.003
12800.000	0.003
12810.000	0.003
12820.000	0.003
12830.000	0.004
12840.000	0.003
12850.000	0.003
12860.000	0.003
12870.000	0.003
12880.000	0.003
12890.000	0.004
12900.000	0.003
12910.000	0.004
12920.000	0.004
12930.000	0.005
12940.000	0.007
12950.000	0.007
12960.000	0.007
12970.000	0.008
12980.000	0.009
12990.000	0.010
13000.000	0.009
13010.000	0.010
13020.000	0.008
13030.000	0.007
13040.000	0.007
13050.000	0.006
13060.000	0.005
13070.000	0.004
13080.000	0.004
13090.000	0.004
13100.000	0.005
13110.000	0.005
13120.000	0.004
13130.000	0.004
13140.000	0.004
13150.000	0.005
13160.000	0.005
13170.000	0.004
13180.000	0.004
13190.000	0.004
13200.000	0.005
13210.000	0.005
13220.000	0.005
13230.000	0.005
13240.000	0.007
13250.000	0.007
13260.000	0.007
13270.000	0.008
13280.000	0.012
13290.000	0.014
13300.000	0.016
13310.000	0.020
13320.000	0.024
13330.000	0.030
13340.000	0.036
13350.000	0.043
13360.000	0.051
13370.000	0.055
13380.000	0.056
13390.000	0.055
13400.000	0.051
13410.000	0.044
13420.000	0.035
13430.000	0.027
13440.000	0.020
13450.000	0.014
13460.000	0.010
13470.000	0.008
13480.000	0.008
13490.000	0.008
13500.000	0.010
13510.000	0.011
13520.000	0.014
13530.000	0.018
13540.000	0.024
13550.000	0.030
13560.000	0.039
13570.000	0.049
13580.000	0.057
13590.000	0.063
13600.000	0.067
13610.000	0.066
13620.000	0.061
13630.000	0.052
13640.000	0.041
13650.000	0.031
13660.000	0.023
13670.000	0.016
13680.000	0.012
13690.000	0.008
13700.000	0.007
13710.000	0.005
13720.000	0.005
13730.000	0.004
13740.000	0.004
13750.000	0.004
13760.000	0.004
13770.000	0.004
13780.000	0.003
13790.000	0.003
13800.000	0.004
13810.000	0.003
13820.000	0.003
13830.000	0.003
13840.000	0.003
13850.000	0.002
13860.000	0.002
13870.000	0.003
13880.000	0.003
13890.000	0.002
13900.000	0.003
13910.000	0.002
13920.000	0.003
13930.000	0.003
13940.000	0.002
13950.000	0.003
13960.000	0.003
13970.000	0.003
13980.000	0.003
13990.000	0.003
14000.000	0.003
14010.000	0.003
14020.000	0.003
14030.000	0.004
14040.000	0.004
14050.000	0.004
14060.000	0.003
14070.000	0.003
14080.000	0.003
14090.000	0.003
14100.000	0.004
14110.000	0.003
14120.000	0.003
14130.000	0.004
14140.000	0.003
14150.000	0.003
14160.000	0.002
14170.000	0.003
14180.000	0.003
14190.000	0.003
14200.000	0.003
14210.000	0.003
14220.000	0.002
14230.000	0.002
14240.000	0.002
14250.000	0.002
14260.000	0.003
14270.000	0.002
14280.000	0.003
14290.000	0.002
14300.000	0.002
14310.000	0.003
14320.000	0.002
14330.000	0.003
14340.000	0.002
14350.000	0.002
14360.000	0.002
14370.000	0.002
14380.000	0.002
14390.000	0.002
14400.000	0.002
14410.000	0.002
14420.000	0.003
14430.000	0.003
14440.000	0.003
14450.000	0.003
14460.000	0.002
14470.000	0.002
14480.000	0.002
14490.000	0.002
14500.000	0.002
14510.000	0.003
14520.000	0.002
14530.000	0.003
14540.000	0.003
14550.000	0.003
14560.000	0.003
14570.000	0.002
14580.000	0.002
14590.000	0.003
14600.000	0.003
14610.000	0.004
14620.000	0.003
14630.000	0.004
14640.000	0.003
14650.000	0.003
14660.000	0.003
14670.000	0.003
14680.000	0.003
14690.000	0.004
14700.000	0.004
14710.000	0.004
14720.000	0.003
14730.000	0.004
14740.000	0.004
14750.000	0.004
14760.000	0.003
14770.000	0.004
14780.000	0.004
14790.000	0.006
14800.000	0.007
14810.000	0.008
14820.000	0.011
14830.000	0.015
14840.000	0.016
14850.000	0.018
14860.000	0.020
14870.000	0.016
14880.000	0.016
14890.000	0.012
14900.000	0.009
14910.000	0.007
14920.000	0.006
14930.000	0.005
14940.000	0.004
14950.000	0.004
14960.000	0.004
14970.000	0.004
14980.000	0.005
14990.000	0.005
15000.000	0.004
15010.000	0.004
15020.000	0.005
15030.000	0.006
15040.000	0.007
15050.000	0.008
15060.000	0.011
15070.000	0.015
15080.000	0.018
15090.000	0.019
15100.000	0.019
15110.000	0.019
15120.000	0.018
15130.000	0.016
15140.000	0.014
15150.000	0.014
15160.000	0.018
15170.000	0.025
15180.000	0.035
15190.000	0.051
15200.000	0.072
15210.000	0.094
15220.000	0.112
15230.000	0.122
15240.000	0.124
15250.000	0.115
15260.000	0.092
15270.000	0.065
15280.000	0.046
15290.000	0.029
15300.000	0.019
15310.000	0.014
15320.000	0.009
15330.000	0.007
15340.000	0.006
15350.000	0.006
15360.000	0.005
15370.000	0.005
15380.000	0.004
15390.000	0.004
15400.000	0.005
15410.000	0.004
15420.000	0.003
15430.000	0.003
15440.000	0.003
15450.000	0.003
15460.000	0.004
15470.000	0.004
15480.000	0.005
15490.000	0.004
15500.000	0.004
15510.000	0.005
15520.000	0.005
15530.000	0.007
15540.000	0.011
15550.000	0.016
15560.000	0.024
15570.000	0.039
15580.000	0.058
15590.000	0.078
15600.000	0.094
15610.000	0.105
15620.000	0.106
15630.000	0.096
15640.000	0.076
15650.000	0.052
15660.000	0.034
15670.000	0.019
15680.000	0.012
15690.000	0.007
15700.000	0.007
15710.000	0.005
15720.000	0.004
15730.000	0.005
15740.000	0.004
15750.000	0.004
15760.000	0.003
15770.000	0.003
15780.000	0.002
15790.000	0.002
15800.000	0.003
15810.000	0.003
15820.000	0.003
15830.000	0.004
15840.000	0.003
15850.000	0.004
15860.000	0.004
15870.000	0.003
15880.000	0.003
15890.000	0.003
15900.000	0.002
15910.000	0.003
15920.000	0.003
15930.000	0.003
15940.000	0.003
15950.000	0.002
15960.000	0.003
15970.000	0.002
15980.000	0.002
15990.000	0.002
16000.000	0.003
16010.000	0.002
16020.000	0.003
16030.000	0.002
16040.000	0.003
16050.000	0.003
16060.000	0.002
16070.000	0.002
16080.000	0.002
16090.000	0.002
16100.000	0.002
16110.000	0.002
16120.000	0.003
16130.000	0.002
16140.000	0.003
16150.000	0.002
16160.000	0.002
16170.000	0.002
16180.000	0.002
16190.000	0.002
16200.000	0.002
16210.000	0.002
16220.000	0.002
16230.000	0.002
16240.000	0.002
16250.000	0.003
16260.000	0.002
16270.000	0.002
16280.000	0.002
16290.000	0.002
16300.000	0.002
16310.000	0.003
16320.000	0.002
16330.000	0.002
16340.000	0.003
16350.000	0.002
16360.000	0.002
16370.000	0.002
16380.000	0.002
16390.000	0.002
16400.000	0.003
16410.000	0.002
16420.000	0.002
16430.000	0.003
16440.000	0.003
16450.000	0.003
16460.000	0.003
16470.000	0.003
16480.000	0.003
16490.000	0.003
16500.000	0.003
16510.000	0.002
16520.000	0.002
16530.000	0.003
16540.000	0.003
16550.000	0.003
16560.000	0.003
16570.000	0.003
16580.000	0.002
16590.000	0.003
16600.000	0.003
16610.000	0.003
16620.000	0.003
16630.000	0.003
16640.000	0.003
16650.000	0.003
16660.000	0.002
16670.000	0.003
16680.000	0.002
16690.000	0.003
16700.000	0.003
16710.000	0.003
16720.000	0.003
16730.000	0.003
16740.000	0.003
16750.000	0.003
16760.000	0.003
16770.000	0.003
16780.000	0.003
16790.000	0.003
16800.000	0.003
16810.000	0.003
16820.000	0.004
16830.000	0.004
16840.000	0.005
16850.000	0.007
16860.000	0.010
16870.000	0.016
16880.000	0.023
16890.000	0.029
16900.000	0.034
16910.000	0.035
16920.000	0.031
16930.000	0.024
16940.000	0.016
16950.000	0.009
16960.000	0.007
16970.000	0.006
16980.000	0.005
16990.000	0.003
17000.000	0.003
17010.000	0.003
17020.000	0.003
17030.000	0.003
17040.000	0.002
17050.000	0.002
17060.000	0.002
17070.000	0.003
17080.000	0.003
17090.000	0.003
17100.000	0.003
17110.000	0.003
17120.000	0.003
17130.000	0.002
17140.000	0.002
17150.000	0.003
17160.000	0.003
17170.000	0.003
17180.000	0.003
17190.000	0.003
17200.000	0.003
17210.000	0.003
17220.000	0.003
17230.000	0.003
17240.000	0.003
17250.000	0.003
17260.000	0.003
17270.000	0.004
17280.000	0.005
17290.000	0.006
17300.000	0.006
17310.000	0.007
17320.000	0.008
17330.000	0.010
17340.000	0.018
17350.000	0.030
17360.000	0.050
17370.000	0.087
17380.000	0.138
17390.000	0.190
17400.000	0.237
17410.000	0.251
17420.000	0.226
17430.000	0.175
17440.000	0.118
17450.000	0.068
17460.000	0.039
17470.000	0.022
17480.000	0.013
17490.000	0.010
17500.000	0.007
17510.000	0.007
17520.000	0.006
17530.000	0.005
17540.000	0.005
17550.000	0.004
17560.000	0.004
17570.000	0.004
17580.000	0.004
17590.000	0.004
17600.000	0.003
17610.000	0.002
17620.000	0.003
17630.000	0.003
17640.000	0.003
17650.000	0.003
17660.000	0.003
17670.000	0.003
17680.000	0.003
17690.000	0.003
17700.000	0.003
17710.000	0.002
17720.000	0.002
17730.000	0.002
17740.000	0.002
17750.000	0.004
17760.000	0.003
17770.000	0.004
17780.000	0.006
17790.000	0.011
17800.000	0.016
17810.000	0.023
17820.000	0.029
17830.000	0.027
17840.000	0.023
17850.000	0.016
17860.000	0.008
17870.000	0.005
17880.000	0.004
17890.000	0.004
17900.000	0.005
17910.000	0.008
17920.000	0.014
17930.000	0.021
17940.000	0.029
17950.000	0.035
17960.000	0.035
17970.000	0.030
17980.000	0.022
17990.000	0.014
18000.000	0.008
18010.000	0.005
18020.000	0.004
18030.000	0.003
18040.000	0.003
18050.000	0.003
18060.000	0.002
18070.000	0.003
18080.000	0.003
18090.000	0.004
18100.000	0.002
18110.000	0.002
18120.000	0.002
18130.000	0.003
18140.000	0.002
18150.000	0.002
18160.000	0.003
18170.000	0.002
18180.000	0.003
18190.000	0.002
18200.000	0.002
18210.000	0.003
18220.000	0.003
18230.000	0.003
18240.000	0.003
18250.000	0.003
18260.000	0.003
18270.000	0.003
18280.000	0.003
18290.000	0.003
18300.000	0.002
18310.000	0.002
18320.000	0.003
18330.000	0.002
18340.000	0.002
18350.000	0.003
18360.000	0.003
18370.000	0.003
18380.000	0.003
18390.000	0.002
18400.000	0.003
18410.000	0.003
18420.000	0.003
18430.000	0.003
18440.000	0.003
18450.000	0.003
18460.000	0.003
18470.000	0.004
18480.000	0.003
18490.000	0.003
18500.000	0.003
18510.000	0.003
18520.000	0.003
18530.000	0.003
18540.000	0.004
18550.000	0.005
18560.000	0.005
18570.000	0.004
18580.000	0.005
18590.000	0.007
18600.000	0.012
18610.000	0.027
18620.000	0.052
18630.000	0.093
18640.000	0.147
18650.000	0.196
18660.000	0.217
18670.000	0.204
18680.000	0.156
18690.000	0.098
18700.000	0.055
18710.000	0.028
18720.000	0.016
18730.000	0.009
18740.000	0.007
18750.000	0.006
18760.000	0.005
18770.000	0.004
18780.000	0.004
18790.000	0.004
18800.000	0.003
18810.000	0.003
18820.000	0.003
18830.000	0.003
18840.000	0.004
18850.000	0.003
18860.000	0.003
18870.000	0.002
18880.000	0.003
18890.000	0.003
18900.000	0.003
18910.000	0.003
18920.000	0.002
18930.000	0.002
18940.000	0.002
18950.000	0.003
18960.000	0.002
18970.000	0.003
18980.000	0.002
18990.000	0.003
19000.000	0.002
19010.000	0.003
19020.000	0.003
19030.000	0.002
19040.000	0.003
19050.000	0.003
19060.000	0.003
19070.000	0.003
19080.000	0.003
19090.000	0.003
19100.000	0.002
19110.000	0.003
19120.000	0.002
19130.000	0.002
19140.000	0.002
19150.000	0.003
19160.000	0.002
19170.000	0.002
19180.000	0.002
19190.000	0.003
19200.000	0.003
19210.000	0.002
19220.000	0.002
19230.000	0.003
19240.000	0.003
19250.000	0.003
19260.000	0.002
19270.000	0.003
19280.000	0.003
19290.000	0.002
19300.000	0.002
19310.000	0.003
19320.000	0.002
19330.000	0.002
19340.000	0.002
19350.000	0.003
19360.000	0.003
19370.000	0.002
19380.000	0.002
19390.000	0.003
19400.000	0.002
19410.000	0.003
19420.000	0.002
19430.000	0.002
19440.000	0.003
19450.000	0.003
19460.000	0.002
19470.000	0.002
19480.000	0.002
19490.000	0.002
19500.000	0.003
19510.000	0.003
19520.000	0.002
19530.000	0.003
19540.000	0.002
19550.000	0.003
19560.000	0.003
19570.000	0.002
19580.000	0.002
19590.000	0.002
19600.000	0.003
19610.000	0.003
19620.000	0.003
19630.000	0.004
19640.000	0.005
19650.000	0.007
19660.000	0.013
19670.000	0.024
19680.000	0.040
19690.000	0.053
19700.000	0.062
19710.000	0.060
19720.000	0.045
19730.000	0.029
19740.000	0.016
19750.000	0.008
19760.000	0.006
19770.000	0.004
19780.000	0.003
19790.000	0.003
19800.000	0.004
19810.000	0.003
19820.000	0.003
19830.000	0.003
19840.000	0.002
19850.000	0.003
19860.000	0.003
19870.000	0.002
19880.000	0.002
19890.000	0.003
19900.000	0.002
19910.000	0.003
19920.000	0.003
19930.000	0.003
19940.000	0.003
19950.000	0.002
19960.000	0.003
19970.000	0.002
19980.000	0.003
19990.000	0.003
20000.000	0.002
20010.000	0.002
20020.000	0.002
20030.000	0.002
20040.000	0.003
20050.000	0.003
20060.000	0.003
20070.000	0.003
20080.000	0.003
20090.000	0.002
20100.000	0.002
20110.000	0.003
20120.000	0.003
20130.000	0.002
20140.000	0.002
20150.000	0.002
20160.000	0.003
20170.000	0.003
20180.000	0.003
20190.000	0.003
20200.000	0.003
20210.000	0.003
20220.000	0.003
20230.000	0.004
20240.000	0.004
20250.000	0.004
20260.000	0.004
20270.000	0.005
20280.000	0.006
20290.000	0.006
20300.000	0.007
20310.000	0.008
20320.000	0.015
20330.000	0.023
20340.000	0.051
20350.000	0.104
20360.000	0.196
20370.000	0.305
20380.000	0.404
20390.000	0.432
20400.000	0.389
20410.000	0.283
20420.000	0.159
20430.000	0.084
20440.000	0.044
20450.000	0.023
20460.000	0.014
20470.000	0.009
20480.000	0.007
20490.000	0.006
20500.000	0.005
20510.000	0.004
20520.000	0.005
20530.000	0.003
20540.000	0.004
20550.000	0.004
20560.000	0.004
20570.000	0.003
20580.000	0.003
20590.000	0.003
20600.000	0.003
20610.000	0.003
20620.000	0.003
20630.000	0.002
20640.000	0.002
20650.000	0.003
20660.000	0.003
20670.000	0.003
20680.000	0.003
20690.000	0.003
20700.000	0.003
20710.000	0.003
20720.000	0.002
20730.000	0.003
20740.000	0.003
20750.000	0.002
20760.000	0.002
20770.000	0.002
20780.000	0.002
20790.000	0.002
20800.000	0.002
20810.000	0.002
20820.000	0.002
20830.000	0.002
20840.000	0.002
20850.000	0.002
20860.000	0.002
20870.000	0.002
20880.000	0.002
20890.000	0.002
20900.000	0.002
20910.000	0.002
20920.000	0.002
20930.000	0.003
20940.000	0.002
20950.000	0.003
20960.000	0.002
20970.000	0.002
20980.000	0.002
20990.000	0.002
21000.000	0.002
21010.000	0.002
21020.000	0.002
21030.000	0.002
21040.000	0.002
21050.000	0.002
21060.000	0.003
21070.000	0.002
21080.000	0.002
21090.000	0.002
21100.000	0.003
21110.000	0.003
21120.000	0.003
21130.000	0.003
21140.000	0.002
21150.000	0.002
21160.000	0.002
21170.000	0.002
21180.000	0.002
21190.000	0.002
21200.000	0.002
21210.000	0.002
21220.000	0.003
21230.000	0.003
21240.000	0.002
21250.000	0.002
21260.000	0.002
21270.000	0.003
21280.000	0.003
21290.000	0.002
21300.000	0.002
21310.000	0.002
21320.000	0.002
21330.000	0.002
21340.000	0.002
21350.000	0.002
21360.000	0.002
21370.000	0.002
21380.000	0.002
21390.000	0.003
21400.000	0.003
21410.000	0.003
21420.000	0.003
21430.000	0.002
21440.000	0.002
21450.000	0.003
21460.000	0.002
21470.000	0.002
21480.000	0.002
21490.000	0.002
21500.000	0.002
21510.000	0.002
21520.000	0.003
21530.000	0.003
21540.000	0.003
21550.000	0.003
21560.000	0.003
21570.000	0.003
21580.000	0.003
21590.000	0.002
21600.000	0.002
21610.000	0.002
21620.000	0.002
21630.000	0.002
21640.000	0.003
21650.000	0.002
21660.000	0.003
21670.000	0.002
21680.000	0.002
21690.000	0.002
21700.000	0.002
21710.000	0.003
21720.000	0.002
21730.000	0.002
21740.000	0.002
21750.000	0.002
21760.000	0.002
21770.000	0.003
21780.000	0.002
21790.000	0.002
21800.000	0.002
21810.000	0.002
21820.000	0.002
21830.000	0.003
21840.000	0.002
21850.000	0.003
21860.000	0.002
21870.000	0.003
21880.000	0.003
21890.000	0.002
21900.000	0.003
21910.000	0.003
21920.000	0.004
21930.000	0.009
21940.000	0.019
21950.000	0.033
21960.000	0.048
21970.000	0.056
21980.000	0.056
21990.000	0.046
22000.000	0.029
22010.000	0.016
22020.000	0.008
22030.000	0.005
22040.000	0.004
22050.000	0.003
22060.000	0.003
22070.000	0.003
22080.000	0.003
22090.000	0.002
22100.000	0.002
22110.000	0.003
22120.000	0.002
22130.000	0.003
22140.000	0.003
22150.000	0.003
22160.000	0.002
22170.000	0.002
22180.000	0.003
22190.000	0.002
22200.000	0.002
22210.000	0.002
22220.000	0.001
22230.000	0.002
22240.000	0.002
22250.000	0.002
22260.000	0.002
22270.000	0.003
22280.000	0.002
22290.000	0.002
22300.000	0.002
22310.000	0.002
22320.000	0.002
22330.000	0.002
22340.000	0.002
22350.000	0.003
22360.000	0.002
22370.000	0.002
22380.000	0.002
22390.000	0.002
22400.000	0.002
22410.000	0.003
22420.000	0.002
22430.000	0.003
22440.000	0.002
22450.000	0.003
22460.000	0.002
22470.000	0.003
22480.000	0.003
22490.000	0.002
22500.000	0.003
22510.000	0.002
22520.000	0.002
22530.000	0.002
22540.000	0.003
22550.000	0.002
22560.000	0.002
22570.000	0.002
22580.000	0.003
22590.000	0.003
22600.000	0.002
22610.000	0.002
22620.000	0.002
22630.000	0.002
22640.000	0.002
22650.000	0.002
22660.000	0.002
22670.000	0.002
22680.000	0.002
22690.000	0.002
22700.000	0.002
22710.000	0.002
22720.000	0.003
22730.000	0.003
22740.000	0.003
22750.000	0.003
22760.000	0.003
22770.000	0.003
22780.000	0.002
22790.000	0.002
22800.000	0.003
22810.000	0.003
22820.000	0.003
22830.000	0.003
22840.000	0.004
22850.000	0.004
22860.000	0.004
22870.000	0.004
22880.000	0.005
22890.000	0.008
22900.000	0.014
22910.000	0.036
22920.000	0.076
22930.000	0.140
22940.000	0.235
22950.000	0.309
22960.000	0.332
22970.000	0.299
22980.000	0.217
22990.000	0.125
23000.000	0.065
23010.000	0.031
23020.000	0.016
23030.000	0.009
23040.000	0.007
23050.000	0.005
23060.000	0.004
23070.000	0.004
23080.000	0.003
23090.000	0.004
23100.000	0.003
23110.000	0.003
23120.000	0.002
23130.000	0.002
23140.000	0.002
23150.000	0.003
23160.000	0.003
23170.000	0.002
23180.000	0.003
23190.000	0.002
23200.000	0.002
23210.000	0.002
23220.000	0.003
23230.000	0.002
23240.000	0.003
23250.000	0.002
23260.000	0.003
23270.000	0.002
23280.000	0.002
23290.000	0.002
23300.000	0.002
23310.000	0.001
23320.000	0.002
23330.000	0.003
23340.000	0.002
23350.000	0.002
23360.000	0.002
23370.000	0.002
23380.000	0.002
23390.000	0.002
23400.000	0.002
23410.000	0.003
23420.000	0.002
23430.000	0.002
23440.000	0.002
23450.000	0.002
23460.000	0.002
23470.000	0.003
23480.000	0.003
23490.000	0.003
23500.000	0.003
23510.000	0.002
23520.000	0.003
23530.000	0.003
23540.000	0.003
23550.000	0.003
23560.000	0.005
23570.000	0.007
23580.000	0.013
23590.000	0.025
23600.000	0.043
23610.000	0.069
23620.000	0.088
23630.000	0.089
23640.000	0.078
23650.000	0.056
23660.000	0.031
23670.000	0.016
23680.000	0.008
23690.000	0.005
23700.000	0.004
23710.000	0.003
23720.000	0.002
23730.000	0.002
23740.000	0.002
23750.000	0.002
23760.000	0.003
23770.000	0.003
23780.000	0.002
23790.000	0.002
23800.000	0.003
23810.000	0.002
23820.000	0.002
23830.000	0.002
23840.000	0.002
23850.000	0.002
23860.000	0.002
23870.000	0.002
23880.000	0.002
23890.000	0.002
23900.000	0.002
23910.000	0.002
23920.000	0.002
23930.000	0.002
23940.000	0.002
23950.000	0.002
23960.000	0.002
23970.000	0.002
23980.000	0.002
23990.000	0.002
24000.000	0.002
24010.000	0.002
24020.000	0.002
24030.000	0.002
24040.000	0.003
24050.000	0.002
24060.000	0.002
24070.000	0.002
24080.000	0.002
24090.000	0.003
24100.000	0.002
24110.000	0.002
24120.000	0.002
24130.000	0.002
24140.000	0.002
24150.000	0.002
24160.000	0.003
24170.000	0.003
24180.000	0.002
24190.000	0.003
24200.000	0.002
24210.000	0.002
24220.000	0.002
24230.000	0.002
24240.000	0.002
24250.000	0.002
24260.000	0.002
24270.000	0.002
24280.000	0.002
24290.000	0.002
24300.000	0.003
24310.000	0.003
24320.000	0.002
24330.000	0.002
24340.000	0.002
24350.000	0.003
24360.000	0.003
24370.000	0.003
24380.000	0.002
24390.000	0.002
24400.000	0.002
24410.000	0.003
24420.000	0.003
24430.000	0.003
24440.000	0.002
24450.000	0.003
24460.000	0.004
24470.000	0.004
24480.000	0.005
24490.000	0.006
24500.000	0.007
24510.000	0.013
24520.000	0.023
24530.000	0.046
24540.000	0.097
24550.000	0.172
24560.000	0.291
24570.000	0.422
24580.000	0.525
24590.000	0.534
24600.000	0.446
24610.000	0.291
24620.000	0.169
24630.000	0.081
24640.000	0.040
24650.000	0.023
24660.000	0.013
24670.000	0.008
24680.000	0.007
24690.000	0.006
24700.000	0.005
24710.000	0.004
24720.000	0.004
24730.000	0.004
24740.000	0.003
24750.000	0.003
24760.000	0.003
24770.000	0.003
24780.000	0.003
24790.000	0.003
24800.000	0.002
24810.000	0.002
24820.000	0.002
24830.000	0.003
24840.000	0.002
24850.000	0.003
24860.000	0.002
24870.000	0.002
24880.000	0.002
24890.000	0.002
24900.000	0.002
24910.000	0.001
24920.000	0.002
24930.000	0.002
24940.000	0.002
24950.000	0.002
24960.000	0.002
24970.000	0.002
24980.000	0.002
24990.000	0.002
25000.000	0.002
25010.000	0.002
25020.000	0.002
25030.000	0.002
25040.000	0.002
25050.000	0.002
25060.000	0.002
25070.000	0.002
25080.000	0.002
25090.000	0.002
25100.000	0.002
25110.000	0.002
25120.000	0.002
25130.000	0.002
25140.000	0.002
25150.000	0.002
25160.000	0.002
25170.000	0.002
25180.000	0.002
25190.000	0.002
25200.000	0.002
25210.000	0.002
25220.000	0.002
25230.000	0.002
25240.000	0.002
25250.000	0.003
25260.000	0.003
25270.000	0.003
25280.000	0.003
25290.000	0.003
25300.000	0.003
25310.000	0.002
25320.000	0.002
25330.000	0.002
25340.000	0.003
25350.000	0.002
25360.000	0.002
25370.000	0.002
25380.000	0.003
25390.000	0.002
25400.000	0.002
25410.000	0.002
25420.000	0.002
25430.000	0.002
25440.000	0.001
25450.000	0.002
25460.000	0.002
25470.000	0.002
25480.000	0.002
25490.000	0.002
25500.000	0.002
25510.000	0.002
25520.000	0.002
25530.000	0.002
25540.000	0.001
25550.000	0.002
25560.000	0.002
25570.000	0.002
25580.000	0.002
25590.000	0.001
25600.000	0.002
25610.000	0.002
25620.000	0.002
25630.000	0.002
25640.000	0.002
25650.000	0.002
25660.000	0.002
25670.000	0.002
25680.000	0.002
25690.000	0.002
25700.000	0.002
25710.000	0.002
25720.000	0.002
25730.000	0.002
25740.000	0.002
25750.000	0.001
25760.000	0.002
25770.000	0.002
25780.000	0.002
25790.000	0.002
25800.000	0.002
25810.000	0.002
25820.000	0.002
25830.000	0.002
25840.000	0.002
25850.000	0.002
25860.000	0.002
25870.000	0.002
25880.000	0.002
25890.000	0.002
25900.000	0.002
25910.000	0.002
25920.000	0.001
25930.000	0.002
25940.000	0.002
25950.000	0.002
25960.000	0.002
25970.000	0.002
25980.000	0.002
25990.000	0.002
26000.000	0.002
26010.000	0.002
26020.000	0.002
26030.000	0.001
26040.000	0.001
26050.000	0.002
26060.000	0.001
26070.000	0.002
26080.000	0.002
26090.000	0.002
26100.000	0.002
26110.000	0.002
26120.000	0.002
26130.000	0.002
26140.000	0.001
26150.000	0.001
26160.000	0.002
26170.000	0.002
26180.000	0.002
26190.000	0.002
26200.000	0.002
26210.000	0.002
26220.000	0.002
26230.000	0.002
26240.000	0.002
26250.000	0.002
26260.000	0.002
26270.000	0.002
26280.000	0.002
26290.000	0.002
26300.000	0.002
26310.000	0.002
26320.000	0.002
26330.000	0.002
26340.000	0.002
26350.000	0.002
26360.000	0.001
26370.000	0.002
26380.000	0.002
26390.000	0.002
26400.000	0.002
26410.000	0.002
26420.000	0.002
26430.000	0.002
26440.000	0.002
26450.000	0.002
26460.000	0.002
26470.000	0.002
26480.000	0.002
26490.000	0.002
26500.000	0.002
26510.000	0.002
26520.000	0.002
26530.000	0.002
26540.000	0.002
26550.000	0.002
26560.000	0.002
26570.000	0.002
26580.000	0.002
26590.000	0.002
26600.000	0.002
26610.000	0.002
26620.000	0.001
26630.000	0.002
26640.000	0.002
26650.000	0.001
26660.000	0.002
26670.000	0.002
26680.000	0.001
26690.000	0.002
26700.000	0.002
26710.000	0.003
26720.000	0.003
26730.000	0.003
26740.000	0.002
26750.000	0.002
26760.000	0.002
26770.000	0.001
26780.000	0.001
26790.000	0.002
26800.000	0.002
26810.000	0.002
26820.000	0.002
26830.000	0.002
26840.000	0.002
26850.000	0.002
26860.000	0.002
26870.000	0.002
26880.000	0.002
26890.000	0.002
26900.000	0.002
26910.000	0.001
26920.000	0.002
26930.000	0.002
26940.000	0.002
26950.000	0.002
26960.000	0.002
26970.000	0.001
26980.000	0.001
26990.000	0.002
27000.000	0.001
27010.000	0.001
27020.000	0.002
27030.000	0.002
27040.000	0.002
27050.000	0.002
27060.000	0.001
27070.000	0.002
27080.000	0.002
27090.000	0.002
27100.000	0.001
27110.000	0.001
27120.000	0.002
27130.000	0.001
27140.000	0.001
27150.000	0.001
27160.000	0.001
27170.000	0.002
27180.000	0.001
27190.000	0.002
27200.000	0.002
27210.000	0.002
27220.000	0.002
27230.000	0.002
27240.000	0.002
27250.000	0.002
27260.000	0.002
27270.000	0.002
27280.000	0.001
27290.000	0.001
27300.000	0.001
27310.000	0.001
27320.000	0.002
27330.000	0.002
27340.000	0.002
27350.000	0.002
27360.000	0.002
27370.000	0.002
27380.000	0.002
27390.000	0.002
27400.000	0.001
27410.000	0.001
27420.000	0.002
27430.000	0.002
27440.000	0.002
27450.000	0.002
27460.000	0.002
27470.000	0.002
27480.000	0.002
27490.000	0.002
27500.000	0.002
27510.000	0.001
27520.000	0.002
27530.000	0.002
27540.000	0.002
27550.000	0.002
27560.000	0.002
27570.000	0.002
27580.000	0.002
27590.000	0.002
27600.000	0.002
27610.000	0.002
27620.000	0.002
27630.000	0.002
27640.000	0.001
27650.000	0.001
27660.000	0.002
27670.000	0.002
27680.000	0.002
27690.000	0.002
27700.000	0.002
27710.000	0.002
27720.000	0.003
27730.000	0.003
27740.000	0.005
27750.000	0.007
27760.000	0.012
27770.000	0.020
27780.000	0.028
27790.000	0.039
27800.000	0.053
27810.000	0.060
27820.000	0.054
27830.000	0.042
27840.000	0.027
27850.000	0.015
27860.000	0.007
27870.000	0.005
27880.000	0.003
27890.000	0.002
27900.000	0.002
27910.000	0.002
27920.000	0.001
27930.000	0.002
27940.000	0.002
27950.000	0.002
27960.000	0.002
27970.000	0.002
27980.000	0.002
27990.000	0.002
28000.000	0.002
28010.000	0.002
28020.000	0.001
28030.000	0.002
28040.000	0.002
28050.000	0.001
28060.000	0.002
28070.000	0.002
28080.000	0.002
28090.000	0.002
28100.000	0.002
28110.000	0.002
28120.000	0.002
28130.000	0.002
28140.000	0.002
28150.000	0.002
28160.000	0.001
28170.000	0.002
28180.000	0.002
28190.000	0.002
28200.000	0.002
28210.000	0.002
28220.000	0.002
28230.000	0.002
28240.000	0.001
28250.000	0.001
28260.000	0.001
28270.000	0.001
28280.000	0.001
28290.000	0.002
28300.000	0.002
28310.000	0.002
28320.000	0.002
28330.000	0.001
28340.000	0.002
28350.000	0.001
28360.000	0.002
28370.000	0.002
28380.000	0.001
28390.000	0.001
28400.000	0.002
28410.000	0.001
28420.000	0.002
28430.000	0.002
28440.000	0.002
28450.000	0.002
28460.000	0.002
28470.000	0.001
28480.000	0.002
28490.000	0.001
28500.000	0.002
28510.000	0.002
28520.000	0.002
28530.000	0.002
28540.000	0.002
28550.000	0.002
28560.000	0.002
28570.000	0.002
28580.000	0.001
28590.000	0.001
28600.000	0.001
28610.000	0.002
28620.000	0.001
28630.000	0.002
28640.000	0.002
28650.000	0.002
28660.000	0.002
28670.000	0.001
28680.000	0.002
28690.000	0.002
28700.000	0.002
28710.000	0.001
28720.000	0.002
28730.000	0.002
28740.000	0.002
28750.000	0.002
28760.000	0.002
28770.000	0.002
28780.000	0.002
28790.000	0.001
28800.000	0.002
28810.000	0.001
28820.000	0.001
28830.000	0.001
28840.000	0.002
28850.000	0.002
28860.000	0.002
28870.000	0.002
28880.000	0.001
28890.000	0.002
28900.000	0.002
28910.000	0.002
28920.000	0.002
28930.000	0.002
28940.000	0.002
28950.000	0.002
28960.000	0.002
28970.000	0.002
28980.000	0.002
28990.000	0.002
29000.000	0.002
29010.000	0.001
29020.000	0.002
29030.000	0.002
29040.000	0.002
29050.000	0.002
29060.000	0.002
29070.000	0.002
29080.000	0.002
29090.000	0.002
29100.000	0.003
29110.000	0.004
29120.000	0.006
29130.000	0.010
29140.000	0.019
29150.000	0.031
29160.000	0.049
29170.000	0.072
29180.000	0.108
29190.000	0.153
29200.000	0.206
29210.000	0.244
29220.000	0.253
29230.000	0.223
29240.000	0.167
29250.000	0.102
29260.000	0.057
29270.000	0.034
29280.000	0.029
29290.000	0.032
29300.000	0.037
29310.000	0.049
29320.000	0.069
29330.000	0.082
29340.000	0.083
29350.000	0.068
29360.000	0.049
29370.000	0.029
29380.000	0.015
29390.000	0.007
29400.000	0.005
29410.000	0.004
29420.000	0.003
29430.000	0.003
29440.000	0.002
29450.000	0.002
29460.000	0.002
29470.000	0.002
29480.000	0.002
29490.000	0.002
29500.000	0.002
29510.000	0.002
29520.000	0.002
29530.000	0.002
29540.000	0.002
29550.000	0.002
29560.000	0.002
29570.000	0.002
29580.000	0.002
29590.000	0.002
29600.000	0.002
29610.000	0.002
29620.000	0.002
29630.000	0.002
29640.000	0.002
29650.000	0.002
29660.000	0.002
29670.000	0.002
29680.000	0.002
29690.000	0.002
29700.000	0.002
29710.000	0.002
29720.000	0.002
29730.000	0.001
29740.000	0.002
29750.000	0.001
29760.000	0.002
29770.000	0.001
29780.000	0.002
29790.000	0.001
29800.000	0.002
29810.000	0.002
29820.000	0.002
29830.000	0.002
29840.000	0.002
29850.000	0.001
29860.000	0.002
29870.000	0.002
29880.000	0.002
29890.000	0.002
29900.000	0.001
29910.000	0.001
29920.000	0.002
29930.000	0.002
29940.000	0.001
29950.000	0.002
29960.000	0.002
29970.000	0.002
29980.000	0.002
29990.000	0.002
30000.000	0.002
30010.000	0.002
30020.000	0.002
30030.000	0.002
30040.000	0.002
30050.000	0.001
30060.000	0.002
30070.000	0.002
30080.000	0.001
30090.000	0.001
30100.000	0.001
30110.000	0.002
30120.000	0.001
30130.000	0.002
30140.000	0.002
30150.000	0.002
30160.000	0.002
30170.000	0.002
30180.000	0.002
30190.000	0.002
30200.000	0.001
30210.000	0.001
30220.000	0.002
30230.000	0.002
30240.000	0.002
30250.000	0.002
30260.000	0.002
30270.000	0.002
30280.000	0.002
30290.000	0.002
30300.000	0.002
30310.000	0.001
30320.000	0.001
30330.000	0.002
30340.000	0.002
30350.000	0.002
30360.000	0.002
30370.000	0.002
30380.000	0.002
30390.000	0.001
30400.000	0.001
30410.000	0.002
30420.000	0.001
30430.000	0.002
30440.000	0.001
30450.000	0.002
30460.000	0.002
30470.000	0.002
30480.000	0.002
30490.000	0.001
30500.000	0.001
30510.000	0.001
30520.000	0.002
30530.000	0.002
30540.000	0.002
30550.000	0.002
30560.000	0.003
30570.000	0.003
30580.000	0.004
30590.000	0.006
30600.000	0.009
30610.000	0.018
30620.000	0.029
30630.000	0.046
30640.000	0.066
30650.000	0.097
30660.000	0.138
30670.000	0.193
30680.000	0.264
30690.000	0.340
30700.000	0.395
30710.000	0.394
30720.000	0.333
30730.000	0.245
30740.000	0.146
30750.000	0.073
30760.000	0.034
30770.000	0.018
30780.000	0.010
30790.000	0.007
30800.000	0.005
30810.000	0.004
30820.000	0.003
30830.000	0.003
30840.000	0.003
30850.000	0.002
30860.000	0.002
30870.000	0.002
30880.000	0.002
30890.000	0.002
30900.000	0.002
30910.000	0.002
30920.000	0.002
30930.000	0.002
30940.000	0.002
30950.000	0.002
30960.000	0.002
30970.000	0.001
30980.000	0.001
30990.000	0.002
31000.000	0.001
31010.000	0.001
31020.000	0.002
31030.000	0.002
31040.000	0.002
31050.000	0.002
31060.000	0.002
31070.000	0.001
31080.000	0.001
31090.000	0.002
31100.000	0.002
31110.000	0.002
31120.000	0.001
31130.000	0.002
31140.000	0.001
31150.000	0.001
31160.000	0.001
31170.000	0.001
31180.000	0.002
31190.000	0.002
31200.000	0.002
31210.000	0.001
31220.000	0.001
31230.000	0.002
31240.000	0.001
31250.000	0.002
31260.000	0.002
31270.000	0.001
31280.000	0.002
31290.000	0.001
31300.000	0.001
31310.000	0.001
31320.000	0.001
31330.000	0.001
31340.000	0.002
31350.000	0.001
31360.000	0.001
31370.000	0.001
31380.000	0.001
31390.000	0.001
31400.000	0.001
31410.000	0.001
31420.000	0.002
31430.000	0.001
31440.000	0.001
31450.000	0.002
31460.000	0.001
31470.000	0.001
31480.000	0.001
31490.000	0.002
31500.000	0.002
31510.000	0.001
31520.000	0.001
31530.000	0.001
31540.000	0.001
31550.000	0.001
31560.000	0.002
31570.000	0.001
31580.000	0.002
31590.000	0.001
31600.000	0.001
31610.000	0.001
31620.000	0.001
31630.000	0.001
31640.000	0.001
31650.000	0.001
31660.000	0.001
31670.000	0.001
31680.000	0.001
31690.000	0.001
31700.000	0.001
31710.000	0.001
31720.000	0.002
31730.000	0.002
31740.000	0.001
31750.000	0.001
31760.000	0.001
31770.000	0.001
31780.000	0.001
31790.000	0.001
31800.000	0.001
31810.000	0.001
31820.000	0.001
31830.000	0.001
31840.000	0.001
31850.000	0.001
31860.000	0.001
31870.000	0.001
31880.000	0.001
31890.000	0.002
31900.000	0.001
31910.000	0.001
31920.000	0.001
31930.000	0.001
31940.000	0.001
31950.000	0.002
31960.000	0.001
31970.000	0.001
31980.000	0.001
31990.000	0.001
32000.000	0.002
32010.000	0.001
32020.000	0.002
32030.000	0.001
32040.000	0.002
32050.000	0.001
32060.000	0.002
32070.000	0.002
32080.000	0.002
32090.000	0.002
32100.000	0.001
32110.000	0.002
32120.000	0.001
32130.000	0.002
32140.000	0.001
32150.000	0.001
32160.000	0.001
32170.000	0.001
32180.000	0.001
32190.000	0.001
32200.000	0.001
32210.000	0.001
32220.000	0.001
32230.000	0.001
32240.000	0.001
32250.000	0.002
32260.000	0.001
32270.000	0.001
32280.000	0.001
32290.000	0.001
32300.000	0.001
32310.000	0.001
32320.000	0.001
32330.000	0.001
32340.000	0.001
32350.000	0.001
32360.000	0.002
32370.000	0.001
32380.000	0.001
32390.000	0.001
32400.000	0.001
32410.000	0.001
32420.000	0.001
32430.000	0.001
32440.000	0.001
32450.000	0.001
32460.000	0.002
32470.000	0.001
32480.000	0.001
32490.000	0.001
32500.000	0.001
32510.000	0.001
32520.000	0.001
32530.000	0.001
32540.000	0.001
32550.000	0.002
32560.000	0.002
32570.000	0.001
32580.000	0.001
32590.000	0.001
32600.000	0.001
32610.000	0.001
32620.000	0.001
32630.000	0.001
32640.000	0.001
32650.000	0.001
32660.000	0.002
32670.000	0.001
32680.000	0.002
32690.000	0.002
32700.000	0.001
32710.000	0.001
32720.000	0.001
32730.000	0.001
32740.000	0.001
32750.000	0.001
32760.000	0.001
32770.000	0.002
32780.000	0.001
32790.000	0.001
32800.000	0.001
32810.000	0.001
32820.000	0.001
32830.000	0.002
32840.000	0.002
32850.000	0.001
32860.000	0.000
32870.000	0.001
32880.000	0.001
32890.000	0.001
32900.000	0.001
32910.000	0.001
32920.000	0.002
32930.000	0.001
32940.000	0.001
32950.000	0.001
32960.000	0.001
32970.000	0.001
32980.000	0.001
32990.000	0.001
33000.000	0.001
33010.000	0.001
33020.000	0.001
33030.000	0.001
33040.000	0.001
33050.000	0.001
33060.000	0.001
33070.000	0.001
33080.000	0.001
33090.000	0.001
33100.000	0.001
33110.000	0.000
33120.000	0.001
33130.000	0.000
33140.000	0.001
33150.000	0.000
33160.000	0.001
33170.000	0.001
33180.000	0.002
33190.000	0.001
33200.000	0.002
33210.000	0.002
33220.000	0.001
33230.000	0.001
33240.000	0.001
33250.000	0.001
33260.000	0.001
33270.000	0.002
33280.000	0.001
33290.000	0.001
33300.000	0.001
33310.000	0.001
33320.000	0.002
33330.000	0.001
33340.000	0.001
33350.000	0.001
33360.000	0.001
33370.000	0.001
33380.000	0.001
33390.000	0.001
33400.000	0.001
33410.000	0.001
33420.000	0.001
33430.000	0.002
33440.000	0.001
33450.000	0.001
33460.000	0.001
33470.000	0.001
33480.000	0.001
33490.000	0.001
33500.000	0.001
33510.000	0.001
33520.000	0.000
33530.000	0.000
33540.000	0.001
33550.000	0.001
33560.000	0.002
33570.000	0.002
33580.000	0.002
33590.000	0.002
33600.000	0.004
33610.000	0.004
33620.000	0.005
33630.000	0.007
33640.000	0.008
33650.000	0.009
33660.000	0.014
33670.000	0.018
33680.000	0.022
33690.000	0.025
33700.000	0.027
33710.000	0.022
33720.000	0.017
33730.000	0.011
33740.000	0.008
33750.000	0.007
33760.000	0.007
33770.000	0.008
33780.000	0.010
33790.000	0.013
33800.000	0.013
33810.000	0.011
33820.000	0.008
33830.000	0.006
33840.000	0.003
33850.000	0.002
33860.000	0.001
33870.000	0.001
33880.000	0.001
33890.000	0.001
33900.000	0.001
33910.000	0.001
33920.000	0.001
33930.000	0.001
33940.000	0.001
33950.000	0.001
33960.000	0.001
33970.000	0.001
33980.000	0.000
33990.000	0.000
34000.000	0.001
34010.000	0.001
34020.000	0.002
34030.000	0.002
34040.000	0.002
34050.000	0.001
34060.000	0.001
34070.000	0.001
34080.000	0.001
34090.000	0.001
34100.000	0.000
34110.000	0.000
34120.000	0.000
34130.000	0.001
34140.000	0.001
34150.000	0.001
34160.000	0.001
34170.000	0.001
34180.000	0.001
34190.000	0.000
34200.000	0.001
34210.000	0.001
34220.000	0.001
34230.000	0.001
34240.000	0.001
34250.000	0.001
34260.000	0.001
34270.000	0.000
34280.000	0.001
34290.000	0.001
34300.000	0.001
34310.000	0.001
34320.000	0.000
34330.000	0.001
34340.000	0.001
34350.000	0.001
34360.000	0.001
34370.000	0.000
34380.000	0.001
34390.000	0.002
34400.000	0.001
34410.000	0.001
34420.000	0.001
34430.000	0.000
34440.000	0.000
34450.000	0.000
34460.000	0.001
34470.000	0.001
34480.000	0.001
34490.000	0.001
34500.000	0.000
34510.000	0.000
34520.000	0.001
34530.000	0.001
34540.000	0.001
34550.000	0.001
34560.000	0.001
34570.000	0.002
34580.000	0.001
34590.000	0.002
34600.000	0.001
34610.000	0.001
34620.000	0.001
34630.000	0.001
34640.000	0.001
34650.000	0.001
34660.000	0.001
34670.000	-0.000
34680.000	0.001
34690.000	0.001
34700.000	0.001
34710.000	0.001
34720.000	0.001
34730.000	0.000
34740.000	0.001
34750.000	0.000
34760.000	0.001
34770.000	0.001
34780.000	0.001
34790.000	0.001
34800.000	0.002
34810.000	0.001
34820.000	0.001
34830.000	0.001
34840.000	0.001
34850.000	0.000
34860.000	0.001
34870.000	0.001
34880.000	0.001
34890.000	0.001
34900.000	0.001
34910.000	0.001
34920.000	0.001
34930.000	0.000
34940.000	0.001
34950.000	0.001
34960.000	0.001
34970.000	0.001
34980.000	0.001
34990.000	-0.000
35000.000	-0.000
35010.000	0.000
35020.000	0.000
35030.000	0.001
35040.000	0.000
35050.000	0.000
35060.000	0.000
35070.000	0.001
35080.000	0.001
35090.000	0.001
35100.000	0.001
35110.000	0.001
35120.000	0.001
35130.000	0.001
35140.000	0.001
35150.000	0.001
35160.000	-0.000
35170.000	0.000
35180.000	0.000
35190.000	0.001
35200.000	0.001
35210.000	0.001
35220.000	0.000
35230.000	0.001
35240.000	0.001
35250.000	0.001
35260.000	0.001
35270.000	0.001
35280.000	0.001
35290.000	0.001
35300.000	0.001
35310.000	0.000
35320.000	0.001
35330.000	0.001
35340.000	0.001
35350.000	0.001
35360.000	0.000
35370.000	0.001
35380.000	0.001
35390.000	0.001
35400.000	0.001
35410.000	0.001
35420.000	0.001
35430.000	0.001
35440.000	0.001
35450.000	0.001
35460.000	0.000
35470.000	0.000
35480.000	0.001
35490.000	0.001
35500.000	0.000
35510.000	0.000
35520.000	0.000
35530.000	0.000
35540.000	0.000
35550.000	0.001
35560.000	0.000
35570.000	0.001
35580.000	0.001
35590.000	0.001
35600.000	0.001
35610.000	0.001
35620.000	0.001
35630.000	0.001
35640.000	0.001
35650.000	0.001
35660.000	0.001
35670.000	0.001
35680.000	0.001
35690.000	0.001
35700.000	0.001
35710.000	0.001
35720.000	0.000
35730.000	0.001
35740.000	0.001
35750.000	0.001
35760.000	0.001
35770.000	0.000
35780.000	0.000
35790.000	0.000
35800.000	0.001
35810.000	0.000
35820.000	0.001
35830.000	0.001
35840.000	0.000
35850.000	0.001
35860.000	0.001
35870.000	0.001
35880.000	0.001
35890.000	0.000
35900.000	0.000
35910.000	0.001
35920.000	0.001
35930.000	0.001
35940.000	0.001
35950.000	0.000
35960.000	0.000
35970.000	0.001
35980.000	0.001
35990.000	0.001
36000.000	0.001
36010.000	0.001
36020.000	0.001
36030.000	0.001
36040.000	0.001
36050.000	0.001
36060.000	0.001
36070.000	0.000
36080.000	0.000
36090.000	0.000
36100.000	0.001
36110.000	0.001
36120.000	0.001
36130.000	0.001
36140.000	0.000
36150.000	0.001
36160.000	0.000
36170.000	0.000
36180.000	0.000
36190.000	0.000
36200.000	0.001
36210.000	0.001
36220.000	0.001
36230.000	0.001
36240.000	0.001
36250.000	0.000
36260.000	0.001
36270.000	0.000
36280.000	0.001
36290.000	0.001
36300.000	0.001
36310.000	0.000
36320.000	0.001
36330.000	0.001
36340.000	0.001
36350.000	0.001
36360.000	0.001
36370.000	0.000
36380.000	0.000
36390.000	0.000
36400.000	0.000
36410.000	0.001
36420.000	0.001
36430.000	0.001
36440.000	0.000
36450.000	0.001
36460.000	0.000
36470.000	0.000
36480.000	0.002
36490.000	0.001
36500.000	0.001
36510.000	0.001
36520.000	0.002
36530.000	0.001
36540.000	0.002
36550.000	0.002
36560.000	0.004
36570.000	0.004
36580.000	0.005
36590.000	0.007
36600.000	0.007
36610.000	0.007
36620.000	0.008
36630.000	0.010
36640.000	0.008
36650.000	0.008
36660.000	0.006
36670.000	0.004
36680.000	0.003
36690.000	0.002
36700.000	0.001
36710.000	0.001
36720.000	0.001
36730.000	0.000
36740.000	0.000
36750.000	0.000
36760.000	0.001
36770.000	0.001
36780.000	0.001
36790.000	0.000
36800.000	0.001
36810.000	0.000
36820.000	0.000
36830.000	0.000
36840.000	0.001
36850.000	0.000
36860.000	0.001
36870.000	0.000
36880.000	-0.000
36890.000	0.000
36900.000	0.000
36910.000	0.001
36920.000	0.001
36930.000	0.001
36940.000	0.000
36950.000	0.001
36960.000	0.001
36970.000	0.000
36980.000	0.000
36990.000	0.000
37000.000	0.001
37010.000	0.000
37020.000	0.000
37030.000	0.001
37040.000	0.000
37050.000	-0.000
37060.000	0.000
37070.000	0.001
37080.000	0.001
37090.000	0.001
37100.000	0.001
37110.000	0.000
37120.000	0.001
37130.000	0.001
37140.000	0.001
37150.000	0.001
37160.000	0.001
37170.000	0.000
37180.000	0.000
37190.000	0.000
37200.000	0.000
37210.000	0.000
37220.000	0.001
37230.000	0.001
37240.000	0.001
37250.000	0.001
37260.000	0.000
37270.000	0.000
37280.000	0.001
37290.000	0.001
37300.000	0.001
37310.000	0.001
37320.000	0.001
37330.000	0.000
37340.000	0.000
37350.000	0.000
37360.000	0.000
37370.000	0.001
37380.000	0.001
37390.000	0.001
37400.000	0.000
37410.000	0.001
37420.000	0.001
37430.000	0.001
37440.000	0.001
37450.000	0.001
37460.000	0.001
37470.000	0.000
37480.000	0.000
37490.000	0.000
37500.000	-0.000
37510.000	0.000
37520.000	0.000
37530.000	0.001
37540.000	0.000
37550.000	0.000
37560.000	0.000
37570.000	0.001
37580.000	0.000
37590.000	0.002
37600.000	0.001
37610.000	0.001
37620.000	0.001
37630.000	0.000
37640.000	0.001
37650.000	0.001
37660.000	0.001
37670.000	0.000
37680.000	0.001
37690.000	0.001
37700.000	0.001
37710.000	0.000
37720.000	0.001
37730.000	0.001
37740.000	0.000
37750.000	0.000
37760.000	0.001
37770.000	0.000
37780.000	0.001
37790.000	0.000
37800.000	0.001
37810.000	0.002
37820.000	0.002
37830.000	0.001
37840.000	0.001
37850.000	0.001
37860.000	0.001
37870.000	0.002
37880.000	0.003
37890.000	0.002
37900.000	0.003
37910.000	0.004
37920.000	0.005
37930.000	0.006
37940.000	0.007
37950.000	0.008
37960.000	0.008
37970.000	0.008
37980.000	0.007
37990.000	0.005
38000.000	0.003
38010.000	0.002
38020.000	0.001
38030.000	0.001
38040.000	0.001
38050.000	0.000
38060.000	0.001
38070.000	0.000
38080.000	0.001
38090.000	0.000
38100.000	0.000
38110.000	-0.000
38120.000	0.001
38130.000	0.001
38140.000	0.001
38150.000	0.001
38160.000	0.001
38170.000	0.001
38180.000	0.001
38190.000	0.001
38200.000	-0.000
38210.000	0.000
38220.000	-0.000
38230.000	0.000
38240.000	-0.000
38250.000	0.000
38260.000	0.000
38270.000	0.000
38280.000	0.001
38290.000	0.001
38300.000	0.001
38310.000	0.000
38320.000	0.001
38330.000	0.000
38340.000	0.000
38350.000	-0.000
38360.000	0.000
38370.000	-0.000
38380.000	0.000
38390.000	0.001
38400.000	0.001
38410.000	0.001
38420.000	0.001
38430.000	0.001
38440.000	0.000
38450.000	0.000
38460.000	0.000
38470.000	0.000
38480.000	0.001
38490.000	0.001
38500.000	0.001
38510.000	0.002
38520.000	0.002
38530.000	0.003
38540.000	0.004
38550.000	0.005
38560.000	0.005
38570.000	0.006
38580.000	0.006
38590.000	0.007
38600.000	0.008
38610.000	0.010
38620.000	0.013
38630.000	0.015
38640.000	0.015
38650.000	0.015
38660.000	0.011
38670.000	0.007
38680.000	0.004
38690.000	0.002
38700.000	0.001
38710.000	0.001
38720.000	0.000
38730.000	0.001
38740.000	0.001
38750.000	0.001
38760.000	0.001
38770.000	0.001
38780.000	0.001
38790.000	0.000
38800.000	0.000
38810.000	0.001
38820.000	0.001
38830.000	0.001
38840.000	0.001
38850.000	0.000
38860.000	0.000
38870.000	0.000
38880.000	0.001
38890.000	0.001
38900.000	0.000
38910.000	0.001
38920.000	0.000
38930.000	-0.000
38940.000	0.001
38950.000	0.001
38960.000	0.001
38970.000	0.000
38980.000	0.000
38990.000	0.000
39000.000	0.000
39010.000	0.001
39020.000	0.001
39030.000	0.000
39040.000	0.000
39050.000	0.000
39060.000	0.000
39070.000	0.000
39080.000	0.000
39090.000	0.000
39100.000	0.001
39110.000	0.001
39120.000	0.000
39130.000	0.000
39140.000	0.001
39150.000	0.001
39160.000	0.001
39170.000	0.000
39180.000	0.001
39190.000	0.000
39200.000	0.000
39210.000	0.000
39220.000	0.000
39230.000	0.000
39240.000	0.000
39250.000	0.000
39260.000	0.000
39270.000	0.000
39280.000	0.001
39290.000	0.001
39300.000	0.000
39310.000	0.001
39320.000	0.000
39330.000	0.000
39340.000	-0.000
39350.000	0.000
39360.000	0.000
39370.000	0.001
39380.000	0.000
39390.000	0.000
39400.000	0.000
39410.000	0.000
39420.000	-0.000
39430.000	0.000
39440.000	0.000
39450.000	0.000
39460.000	0.000
39470.000	0.000
39480.000	0.000
39490.000	0.001
39500.000	0.001
39510.000	0.001
39520.000	0.001
39530.000	0.001
39540.000	0.000
39550.000	0.000
39560.000	-0.000
39570.000	0.001
39580.000	0.001
39590.000	0.001
39600.000	0.000
39610.000	0.000
39620.000	0.000
39630.000	0.000
39640.000	0.001
39650.000	-0.000
39660.000	0.000
39670.000	0.001
39680.000	0.000
39690.000	0.001
39700.000	0.000
39710.000	0.000
39720.000	0.000
39730.000	0.000
39740.000	-0.000
39750.000	0.000
39760.000	0.001
39770.000	0.001
39780.000	0.002
39790.000	0.002
39800.000	0.003
39810.000	0.003
39820.000	0.003
39830.000	0.004
39840.000	0.005
39850.000	0.005
39860.000	0.006
39870.000	0.008
39880.000	0.010
39890.000	0.011
39900.000	0.013
39910.000	0.015
39920.000	0.016
39930.000	0.014
39940.000	0.012
39950.000	0.007
39960.000	0.005
39970.000	0.003
39980.000	0.002
39990.000	0.002
40000.000	0.001
40010.000	0.001
40020.000	0.001
40030.000	0.000
40040.000	0.001
40050.000	0.001
40060.000	0.000
40070.000	0.001
40080.000	0.001
40090.000	0.001
40100.000	0.001
40110.000	0.001
40120.000	0.000
40130.000	0.001
40140.000	0.000
40150.000	0.000
40160.000	0.000
40170.000	0.000
40180.000	0.001
40190.000	0.001
40200.000	0.001
40210.000	-0.000
40220.000	0.000
40230.000	0.000
40240.000	0.000
40250.000	0.000
40260.000	0.000
40270.000	0.001
40280.000	0.000
40290.000	0.000
40300.000	-0.000
40310.000	0.000
40320.000	0.000
40330.000	0.001
40340.000	0.001
40350.000	0.000
40360.000	-0.000
40370.000	-0.000
40380.000	0.000
40390.000	0.001
40400.000	0.001
40410.000	0.001
40420.000	0.001
40430.000	0.000
40440.000	0.001
40450.000	0.000
40460.000	0.000
40470.000	0.000
40480.000	0.000
40490.000	0.000
40500.000	0.000
40510.000	0.001
40520.000	0.001
40530.000	0.001
40540.000	0.001
40550.000	0.000
40560.000	0.000
40570.000	0.000
40580.000	0.000
40590.000	0.001
40600.000	0.000
40610.000	0.001
40620.000	0.001
40630.000	0.001
40640.000	0.000
40650.000	0.001
40660.000	0.001
40670.000	0.000
40680.000	0.000
40690.000	0.000
40700.000	0.001
40710.000	0.000
40720.000	0.001
40730.000	0.001
40740.000	0.001
40750.000	0.000
40760.000	0.001
40770.000	0.001
40780.000	0.000
40790.000	0.000
40800.000	0.001
40810.000	0.000
40820.000	0.000
40830.000	0.000
40840.000	0.001
40850.000	0.001
40860.000	0.000
40870.000	0.001
40880.000	0.001
40890.000	0.000
40900.000	0.000
40910.000	0.000
40920.000	0.000
40930.000	-0.000
40940.000	0.000
40950.000	0.000
40960.000	0.000
40970.000	0.000
40980.000	0.001
40990.000	0.001
41000.000	0.000
41010.000	0.000
41020.000	0.001
41030.000	0.000
41040.000	0.000
41050.000	0.000
41060.000	0.001
41070.000	0.001
41080.000	0.001
41090.000	0.001
41100.000	0.000
41110.000	0.000
41120.000	0.000
41130.000	0.000
41140.000	0.000
41150.000	0.000
41160.000	0.001
41170.000	0.001
41180.000	-0.000
41190.000	0.000
41200.000	0.000
41210.000	0.000
41220.000	0.000
41230.000	0.001
41240.000	0.001
41250.000	0.000
41260.000	0.001
41270.000	0.001
41280.000	0.000
41290.000	0.001
41300.000	0.001
41310.000	0.001
41320.000	0.000
41330.000	0.001
41340.000	0.001
41350.000	0.001
41360.000	0.001
41370.000	0.001
41380.000	0.000
41390.000	0.000
41400.000	0.000
41410.000	0.001
41420.000	0.000
41430.000	0.000
41440.000	0.000
41450.000	0.000
41460.000	0.000
41470.000	0.000
41480.000	0.000
41490.000	-0.000
41500.000	0.000
41510.000	0.000
41520.000	0.001
41530.000	0.001
41540.000	0.000
41550.000	0.000
41560.000	-0.000
41570.000	-0.000
41580.000	0.000
41590.000	0.000
41600.000	0.000
41610.000	0.001
41620.000	0.001
41630.000	0.000
41640.000	0.000
41650.000	0.000
41660.000	0.000
41670.000	-0.000
41680.000	0.001
41690.000	0.000
41700.000	0.000
41710.000	0.000
41720.000	0.000
41730.000	0.000
41740.000	0.001
41750.000	0.000
41760.000	0.000
41770.000	0.000
41780.000	0.000
41790.000	0.000
41800.000	0.001
41810.000	0.002
41820.000	0.001
41830.000	0.001
41840.000	0.000
41850.000	0.001
41860.000	0.001
41870.000	0.001
41880.000	0.000
41890.000	0.001
41900.000	0.000
41910.000	0.000
41920.000	-0.000
41930.000	0.000
41940.000	0.000
41950.000	0.000
41960.000	0.000
41970.000	0.000
41980.000	0.000
41990.000	0.000
42000.000	0.000
42010.000	0.000
42020.000	0.000
42030.000	0.001
42040.000	0.001
42050.000	0.000
42060.000	0.000
42070.000	0.001
42080.000	0.000
42090.000	0.001
42100.000	0.000
42110.000	0.000
42120.000	0.000
42130.000	-0.000
42140.000	0.000
42150.000	0.000
42160.000	0.001
42170.000	0.001
42180.000	0.001
42190.000	0.001
42200.000	0.000
42210.000	0.001
42220.000	-0.000
42230.000	-0.000
42240.000	0.000
42250.000	0.000
42260.000	0.001
42270.000	0.000
42280.000	0.001
42290.000	0.000
42300.000	0.000
42310.000	0.000
42320.000	-0.000
42330.000	0.000
42340.000	0.000
42350.000	0.001
42360.000	0.001
42370.000	0.000
42380.000	0.001
42390.000	0.000
42400.000	0.000
42410.000	0.001
42420.000	0.001
42430.000	0.000
42440.000	0.000
42450.000	-0.000
42460.000	-0.000
42470.000	-0.000
42480.000	0.000
42490.000	0.000
42500.000	-0.000
42510.000	0.000
42520.000	0.000
42530.000	0.001
42540.000	0.001
42550.000	0.001
42560.000	0.000
42570.000	-0.000
42580.000	0.000
42590.000	-0.000
42600.000	0.000
42610.000	0.001
42620.000	0.000
42630.000	0.001
42640.000	0.001
42650.000	0.001
42660.000	-0.000
42670.000	-0.000
42680.000	0.000
42690.000	0.001
42700.000	0.000
42710.000	0.000
42720.000	0.000
42730.000	0.001
42740.000	0.001
42750.000	0.000
42760.000	0.001
42770.000	-0.000
42780.000	0.001
42790.000	0.001
42800.000	0.000
42810.000	0.000
42820.000	0.000
42830.000	0.001
42840.000	0.001
42850.000	0.001
42860.000	0.000
42870.000	0.001
42880.000	0.000
42890.000	0.000
42900.000	0.000
42910.000	0.000
42920.000	0.000
42930.000	0.001
42940.000	0.000
42950.000	0.000
42960.000	0.001
42970.000	0.000
42980.000	-0.000
42990.000	0.000
43000.000	-0.000
43010.000	0.001
43020.000	0.000
43030.000	0.000
43040.000	0.000
43050.000	0.001
43060.000	0.000
43070.000	0.001
43080.000	0.000
43090.000	0.000
43100.000	0.000
43110.000	0.000
43120.000	-0.000
43130.000	0.000
43140.000	0.000
43150.000	0.000
43160.000	0.000
43170.000	0.001
43180.000	0.000
43190.000	0.000
43200.000	-0.000
43210.000	0.000
43220.000	0.000
43230.000	0.000
43240.000	0.000
43250.000	0.000
43260.000	0.000
43270.000	0.001
43280.000	-0.000
43290.000	0.001
43300.000	0.001
43310.000	0.000
43320.000	0.000
43330.000	0.001
43340.000	0.001
43350.000	0.001
43360.000	0.001
43370.000	0.000
43380.000	-0.000
43390.000	0.000
43400.000	0.000
43410.000	0.000
43420.000	0.000
43430.000	-0.000
43440.000	0.000
43450.000	0.000
43460.000	0.000
43470.000	0.000
43480.000	0.000
43490.000	0.001
43500.000	0.000
43510.000	0.001
43520.000	0.000
43530.000	0.001
43540.000	0.001
43550.000	-0.000
43560.000	0.000
43570.000	0.000
43580.000	-0.000
43590.000	0.000
43600.000	0.000
43610.000	0.000
43620.000	0.000
43630.000	0.001
43640.000	0.001
43650.000	0.000
43660.000	0.001
43670.000	0.000
43680.000	0.000
43690.000	0.000
43700.000	-0.000
43710.000	0.000
43720.000	0.000
43730.000	0.001
43740.000	0.001
43750.000	0.001
43760.000	0.001
43770.000	0.001
43780.000	0.001
43790.000	0.000
43800.000	0.001
43810.000	0.000
43820.000	-0.000
43830.000	-0.000
43840.000	0.000
43850.000	0.000
43860.000	0.000
43870.000	-0.000
43880.000	0.000
43890.000	0.001
43900.000	-0.000
43910.000	0.000
43920.000	0.000
43930.000	-0.000
43940.000	0.000
43950.000	0.000
43960.000	0.001
43970.000	0.001
43980.000	0.001
43990.000	0.000
44000.000	0.000
44010.000	0.001
44020.000	-0.000
44030.000	0.001
44040.000	0.000
44050.000	0.000
44060.000	-0.000
44070.000	0.000
44080.000	0.000
44090.000	0.000
44100.000	0.000
44110.000	0.001
44120.000	0.001
44130.000	0.000
44140.000	0.001
44150.000	0.000
44160.000	0.000
44170.000	0.001
44180.000	0.000
44190.000	-0.000
44200.000	0.000
44210.000	0.000
44220.000	0.000
44230.000	-0.000
44240.000	-0.000
44250.000	0.000
44260.000	0.001
44270.000	0.000
44280.000	0.000
44290.000	0.000
44300.000	0.000
44310.000	0.000
44320.000	0.000
44330.000	0.000
44340.000	0.000
44350.000	0.000
44360.000	0.000
44370.000	0.001
44380.000	0.000
44390.000	0.000
44400.000	0.000
44410.000	0.001
44420.000	0.000
44430.000	0.001
44440.000	0.000
44450.000	0.001
44460.000	0.000
44470.000	0.000
44480.000	0.000
44490.000	0.000
44500.000	0.001
44510.000	0.000
44520.000	0.001
44530.000	0.000
44540.000	0.000
44550.000	0.001
44560.000	0.001
44570.000	0.001
44580.000	0.001
44590.000	0.000
44600.000	0.001
44610.000	0.000
44620.000	0.001
44630.000	0.000
44640.000	0.000
44650.000	0.001
44660.000	0.000
44670.000	-0.000
44680.000	0.000
44690.000	0.001
44700.000	0.000
44710.000	0.001
44720.000	0.000
44730.000	0.001
44740.000	-0.000
44750.000	0.000
44760.000	0.000
44770.000	-0.000
44780.000	0.001
44790.000	0.001
44800.000	0.000
44810.000	0.001
44820.000	0.001
44830.000	0.001
44840.000	-0.000
44850.000	0.000
44860.000	-0.000
44870.000	0.000
44880.000	0.000
44890.000	0.001
44900.000	0.000
44910.000	0.000
44920.000	0.000
44930.000	0.000
44940.000	0.000
44950.000	0.000
44960.000	0.000
44970.000	-0.000
44980.000	0.000
44990.000	-0.000
45000.000	0.000
45010.000	0.000
45020.000	0.001
45030.000	0.000
45040.000	0.000
45050.000	0.000
45060.000	0.000
45070.000	-0.000
45080.000	0.001
45090.000	0.001
45100.000	0.001
45110.000	0.001
45120.000	0.000
45130.000	0.000
45140.000	-0.000
45150.000	0.000
45160.000	0.000
45170.000	-0.000
45180.000	0.000
45190.000	0.000
45200.000	0.000
45210.000	0.000
45220.000	0.001
45230.000	0.001
45240.000	0.001
45250.000	0.000
45260.000	0.001
45270.000	0.000
45280.000	0.000
45290.000	0.000
45300.000	0.001
45310.000	0.001
45320.000	0.000
45330.000	0.001
45340.000	0.001
45350.000	0.001
45360.000	0.001
45370.000	0.000
45380.000	0.000
45390.000	0.000
45400.000	0.000
45410.000	0.000
45420.000	0.000
45430.000	0.000
45440.000	0.000
45450.000	0.001
45460.000	0.000
45470.000	-0.000
45480.000	0.001
45490.000	0.000
45500.000	0.000
45510.000	0.001
45520.000	-0.000
45530.000	0.000
45540.000	0.000
45550.000	0.001
45560.000	0.001
45570.000	0.000
45580.000	0.000
45590.000	0.001
45600.000	0.000
45610.000	-0.000
45620.000	0.001
45630.000	0.000
45640.000	0.000
45650.000	-0.000
45660.000	0.000
45670.000	0.000
45680.000	0.000
45690.000	0.000
45700.000	0.001
45710.000	0.001
45720.000	0.000
45730.000	0.000
45740.000	-0.000
45750.000	-0.000
45760.000	0.000
45770.000	0.001
45780.000	0.000
45790.000	0.000
45800.000	0.000
45810.000	0.001
45820.000	0.001
45830.000	0.001
45840.000	0.000
45850.000	0.000
45860.000	0.000
45870.000	0.000
45880.000	0.000
45890.000	0.000
45900.000	-0.000
45910.000	0.000
45920.000	0.000
45930.000	0.000
45940.000	0.000
45950.000	0.000
45960.000	0.001
45970.000	0.001
45980.000	0.000
45990.000	-0.000
46000.000	0.000
46010.000	0.000
46020.000	0.000
46030.000	0.000
46040.000	0.001
46050.000	0.000
46060.000	0.000
46070.000	0.000
46080.000	0.000
46090.000	0.001
46100.000	0.000
46110.000	0.001
46120.000	0.000
46130.000	0.000
46140.000	-0.000
46150.000	-0.000
46160.000	0.000
46170.000	-0.000
46180.000	0.000
46190.000	-0.000
46200.000	0.000
46210.000	0.001
46220.000	0.000
46230.000	0.000
46240.000	0.001
46250.000	0.000
46260.000	0.001
46270.000	0.000
46280.000	0.000
46290.000	0.001
46300.000	0.000
46310.000	0.000
46320.000	0.000
46330.000	0.001
46340.000	0.000
46350.000	0.000
46360.000	0.000
46370.000	-0.000
46380.000	0.000
46390.000	0.000
46400.000	0.001
46410.000	0.000
46420.000	0.000
46430.000	-0.000
46440.000	0.000
46450.000	0.000
46460.000	0.001
46470.000	0.000
46480.000	0.001
46490.000	0.000
46500.000	0.001
46510.000	0.001
46520.000	0.001
46530.000	0.001
46540.000	0.001
46550.000	0.000
46560.000	0.000
46570.000	0.000
46580.000	-0.000
46590.000	0.001
46600.000	0.000
46610.000	0.001
46620.000	0.000
46630.000	0.001
46640.000	0.000
46650.000	0.001
46660.000	0.000
46670.000	0.001
46680.000	0.001
46690.000	0.001
46700.000	0.000
46710.000	0.000
46720.000	0.000
46730.000	0.001
46740.000	0.000
46750.000	0.001
46760.000	0.000
46770.000	0.000
46780.000	0.001
46790.000	0.000
46800.000	0.000
46810.000	0.000
46820.000	-0.000
46830.000	0.000
46840.000	0.001
46850.000	0.000
46860.000	0.001
46870.000	0.000
46880.000	-0.000
46890.000	0.000
46900.000	-0.000
46910.000	0.000
46920.000	0.001
46930.000	0.000
46940.000	0.000
46950.000	0.001
46960.000	0.000
46970.000	0.000
46980.000	0.001
46990.000	0.000
47000.000	0.000
47010.000	-0.000
47020.000	0.000
47030.000	0.000
47040.000	0.000
47050.000	0.001
47060.000	0.001
47070.000	0.000
47080.000	0.001
47090.000	0.001
47100.000	0.000
47110.000	0.001
47120.000	0.001
47130.000	0.000
47140.000	0.000
47150.000	0.000
47160.000	0.000
47170.000	0.000
47180.000	-0.000
47190.000	0.001
47200.000	-0.000
47210.000	0.001
47220.000	0.000
47230.000	0.000
47240.000	0.001
47250.000	0.001
47260.000	0.000
47270.000	-0.000
47280.000	-0.000
47290.000	0.000
47300.000	0.000
47310.000	0.000
47320.000	0.001
47330.000	0.001
47340.000	0.001
47350.000	0.000
47360.000	0.000
47370.000	0.000
47380.000	0.000
47390.000	0.000
47400.000	0.001
47410.000	0.000
47420.000	0.000
47430.000	0.000
47440.000	0.001
47450.000	0.001
47460.000	0.001
47470.000	0.001
47480.000	-0.000
47490.000	0.000
47500.000	0.001
47510.000	0.000
47520.000	0.000
47530.000	0.000
47540.000	0.000
47550.000	0.000
47560.000	0.001
47570.000	0.000
47580.000	0.000
47590.000	0.001
47600.000	0.000
47610.000	0.000
47620.000	-0.000
47630.000	0.000
47640.000	0.000
47650.000	0.001
47660.000	0.000
47670.000	0.000
47680.000	0.001
47690.000	0.000
47700.000	0.000
47710.000	0.000
47720.000	0.000
47730.000	0.001
47740.000	0.000
47750.000	0.000
47760.000	0.001
47770.000	-0.000
47780.000	-0.000
47790.000	0.001
47800.000	0.000
47810.000	0.000
47820.000	-0.000
47830.000	-0.000
47840.000	0.000
47850.000	0.000
47860.000	0.000
47870.000	0.000
47880.000	0.000
47890.000	0.001
47900.000	0.000
47910.000	0.000
47920.000	0.000
47930.000	0.000
47940.000	0.000
47950.000	0.001
47960.000	0.000
47970.000	0.001
47980.000	-0.000
47990.000	0.000
48000.000	0.001
48010.000	0.000
48020.000	-0.000
48030.000	0.000
48040.000	0.000
48050.000	0.000
48060.000	0.000
48070.000	-0.000
48080.000	0.002
48090.000	0.001
48100.000	0.001
48110.000	0.001
48120.000	0.000
48130.000	0.000
48140.000	0.000
48150.000	0.000
48160.000	0.000
48170.000	-0.000
48180.000	0.000
48190.000	0.001
48200.000	0.001
48210.000	-0.000
48220.000	-0.000
48230.000	0.000
48240.000	-0.000
48250.000	0.000
48260.000	0.000
48270.000	0.000
48280.000	0.001
48290.000	0.001
48300.000	0.000
48310.000	0.000
48320.000	0.000
48330.000	0.001
48340.000	0.000
48350.000	0.001
48360.000	0.000
48370.000	0.000
48380.000	0.000
48390.000	0.001
48400.000	0.000
48410.000	-0.000
48420.000	0.001
48430.000	0.000
48440.000	-0.000
48450.000	0.000
48460.000	0.000
48470.000	0.000
48480.000	0.000
48490.000	0.000
48500.000	0.000
48501.000	0.000
