0   0
0   0.0009
0   0.0015
0   0.002
0   0.0026
0   0.0032
0   0.0038
0   0.0044
0   0.005
0   0.0056
0   0.0061
0   0.0067
0   0.0074 
0   0.008
0   0.0085
0   0.0091
0   0.0096
0.1 0.0103
0.1 0.0108
0.1 0.0126
0.1 0.0143
0.1 0.0161
0.1 0.0179
0.1 0.0195
0.1 0.0212
0.1 0.0230
0.1 0.0248
0.1 0.0265
0.1 0.0281
0.1 0.03
0.1 0.0318
0.1 0.0334
0.1 0.0352
0.1 0.037
0.1 0.0386
0.1 0.0405
0.1 0.0421
0.1 0.0439
0.1 0.0456
0.1 0.0474
0.1 0.0491
0.1 0.0509
0.2 0.0526
0.2 0.0545
0.2 0.0562
0.2 0.0579
0.2 0.0596
0.2 0.0614
0.2 0.0631
0.2 0.0649
0.2 0.0666
0.2 0.0684
0.2 0.0702
