0.000000	0.992000	1.597200
1.000000E-5	0.992000	1.597200
2.000000E-5	0.992000	1.597200
3.000000E-5	0.992000	1.597200
4.000000E-5	0.992000	1.597200
5.000000E-5	0.992000	1.597200
6.000000E-5	0.992000	1.597600
7.000000E-5	0.992000	1.597200
8.000000E-5	0.992000	1.597200
9.000000E-5	0.992000	1.597600
0.000100	0.992000	1.597600
0.000110	0.992000	1.597600
0.000120	0.992000	1.597200
0.000130	0.992000	1.597200
0.000140	0.992000	1.597600
0.000150	0.992000	1.597200
0.000160	0.992000	1.597600
0.000170	0.992000	1.597200
0.000180	0.992000	1.597600
0.000190	0.992000	1.597600
0.000200	0.992000	1.597600
0.000210	0.992000	1.597600
0.000220	0.992000	1.597200
0.000230	0.992000	1.597200
0.000240	0.992000	1.597200
0.000250	0.992000	1.597200
0.000260	0.992000	1.597200
0.000270	0.992000	1.597600
0.000280	0.992000	1.597600
0.000290	0.992000	1.597600
0.000300	0.992000	1.597600
0.000310	0.992000	1.597600
0.000320	0.992000	1.597600
0.000330	0.992000	1.597600
0.000340	0.992000	1.597600
0.000350	0.992000	1.597600
0.000360	0.992000	1.597600
0.000370	0.992000	1.597600
0.000380	0.992000	1.597600
0.000390	0.992000	1.597600
0.000400	0.992000	1.597600
0.000410	0.992000	1.597600
0.000420	0.992000	1.597600
0.000430	0.992000	1.597600
0.000440	0.992000	1.597600
0.000450	0.992000	1.597600
0.000460	0.992000	1.597600
0.000470	0.992000	1.597600
0.000480	0.992000	1.597600
0.000490	0.992000	1.597600
0.000500	0.992000	1.597600
0.000510	0.992000	1.597600
0.000520	0.992000	1.597600
0.000530	0.992000	1.597600
0.000540	0.992000	1.597600
0.000550	0.992000	1.597600
0.000560	0.992000	1.597600
0.000570	0.992000	1.598000
0.000580	0.992000	1.597600
0.000590	0.992000	1.597600
0.000600	0.992000	1.597600
0.000610	0.992000	1.597600
0.000620	0.992000	1.597600
0.000630	0.992000	1.597600
0.000640	0.992000	1.597600
0.000650	0.992000	1.598000
0.000660	0.992000	1.597600
0.000670	0.992000	1.597600
0.000680	0.992000	1.597600
0.000690	0.992000	1.597600
0.000700	0.992000	1.597600
0.000710	0.992000	1.597600
0.000720	0.992000	1.597600
0.000730	0.992000	1.597600
0.000740	0.992000	1.598000
0.000750	0.992000	1.597600
0.000760	0.992000	1.597600
0.000770	0.992000	1.597600
0.000780	0.992000	1.597600
0.000790	0.992000	1.598000
0.000800	0.992000	1.598000
0.000810	0.992000	1.597600
0.000820	0.992000	1.598000
0.000830	0.992000	1.597600
0.000840	0.992000	1.598000
0.000850	0.992000	1.597600
0.000860	0.992000	1.598000
0.000870	0.992000	1.598000
0.000880	0.992000	1.598000
0.000890	0.992000	1.598000
0.000900	0.992000	1.598000
0.000910	0.992000	1.597600
0.000920	0.992000	1.597600
0.000930	0.992000	1.598000
0.000940	0.992000	1.597600
0.000950	0.992000	1.598000
0.000960	0.992000	1.597600
0.000970	0.992000	1.598000
0.000980	0.992000	1.597600
0.000990	0.992000	1.598000
0.001000	0.992000	1.598000
0.001010	0.992000	1.598000
0.001020	0.992000	1.597600
0.001030	0.992000	1.597600
0.001040	0.992000	1.598000
0.001050	0.992000	1.598000
0.001060	0.992000	1.597600
0.001070	0.992000	1.597600
0.001080	0.992000	1.597600
0.001090	0.992000	1.598000
0.001100	0.992000	1.598000
0.001110	0.992000	1.598000
0.001120	0.992000	1.598000
0.001130	0.992000	1.597600
0.001140	0.992000	1.598000
0.001150	0.992000	1.597600
0.001160	0.992000	1.598000
0.001170	0.992000	1.598000
0.001180	0.992000	1.597600
0.001190	0.992000	1.598000
0.001200	0.992000	1.598000
0.001210	0.992000	1.598000
0.001220	0.992000	1.598000
0.001230	0.992000	1.598000
0.001240	0.992000	1.598000
0.001250	0.992000	1.598000
0.001260	0.992000	1.598000
0.001270	0.992000	1.598000
0.001280	0.992000	1.598000
0.001290	0.992000	1.598000
0.001300	0.992000	1.598000
0.001310	0.992000	1.598000
0.001320	0.992000	1.598000
0.001330	0.992000	1.598000
0.001340	0.992000	1.597600
0.001350	0.992000	1.598000
0.001360	0.992000	1.598000
0.001370	0.992000	1.598000
0.001380	0.992000	1.598000
0.001390	0.992000	1.598000
0.001400	0.992000	1.598400
0.001410	0.992000	1.598000
0.001420	0.992000	1.598000
0.001430	0.992000	1.598000
0.001440	0.992000	1.598000
0.001450	0.992000	1.598000
0.001460	0.992000	1.598400
0.001470	0.992000	1.598000
0.001480	0.992000	1.598000
0.001490	0.992000	1.598000
0.001500	0.992000	1.598000
0.001510	0.992000	1.598000
0.001520	0.992000	1.598000
0.001530	0.992000	1.598000
0.001540	0.992000	1.598000
0.001550	0.992000	1.598000
0.001560	0.992000	1.598000
0.001570	0.992000	1.598000
0.001580	0.992000	1.598000
0.001590	0.992000	1.598000
0.001600	0.992000	1.598000
0.001610	0.992000	1.598000
0.001620	0.992000	1.598000
0.001630	0.992000	1.598000
0.001640	0.992000	1.598000
0.001650	0.992000	1.598000
0.001660	0.992000	1.598000
0.001670	0.992000	1.598000
0.001680	0.992000	1.598000
0.001690	0.992000	1.598400
0.001700	2.040000	1.598000
0.001710	2.696000	1.598000
0.001720	2.728000	1.598000
0.001730	2.728000	1.597600
0.001740	2.728000	1.598000
0.001750	2.728000	1.598000
0.001760	2.728000	1.598000
0.001770	2.720000	1.598000
0.001780	2.720000	1.598000
0.001790	2.720000	1.598000
0.001800	2.712000	1.598000
0.001810	2.712000	1.598000
0.001820	2.712000	1.598000
0.001830	2.712000	1.598000
0.001840	2.704000	1.598000
0.001850	2.704000	1.598000
0.001860	2.704000	1.598000
0.001870	2.696000	1.598000
0.001880	2.696000	1.598000
0.001890	2.696000	1.598000
0.001900	2.696000	1.598000
0.001910	2.696000	1.598000
0.001920	2.688000	1.598000
0.001930	2.688000	1.598000
0.001940	2.688000	1.598000
0.001950	2.688000	1.598000
0.001960	2.680000	1.598000
0.001970	2.680000	1.598000
0.001980	2.672000	1.598000
0.001990	2.672000	1.598000
0.002000	2.672000	1.598400
0.002010	2.672000	1.598400
0.002020	2.664000	1.598400
0.002030	2.664000	1.598000
0.002040	2.664000	1.598000
0.002050	2.664000	1.598000
0.002060	2.664000	1.598000
0.002070	2.664000	1.598000
0.002080	2.656000	1.598000
0.002090	2.656000	1.598000
0.002100	2.656000	1.598400
0.002110	2.648000	1.598000
0.002120	2.648000	1.598000
0.002130	2.648000	1.598000
0.002140	2.648000	1.598000
0.002150	2.648000	1.598400
0.002160	2.640000	1.598000
0.002170	2.640000	1.598000
0.002180	2.640000	1.598000
0.002190	2.640000	1.598000
0.002200	2.640000	1.598000
0.002210	2.632000	1.598400
0.002220	2.632000	1.598000
0.002230	2.632000	1.598000
0.002240	2.632000	1.598000
0.002250	2.632000	1.598400
0.002260	2.632000	1.598000
0.002270	2.624000	1.598000
0.002280	2.624000	1.598000
0.002290	2.624000	1.598000
0.002300	2.624000	1.598000
0.002310	2.624000	1.598400
0.002320	2.616000	1.598000
0.002330	2.616000	1.598000
0.002340	2.616000	1.598000
0.002350	2.616000	1.598400
0.002360	2.616000	1.598000
0.002370	2.616000	1.598400
0.002380	2.608000	1.598000
0.002390	2.608000	1.598000
0.002400	2.608000	1.598400
0.002410	2.608000	1.598000
0.002420	2.608000	1.598000
0.002430	2.600000	1.598000
0.002440	2.600000	1.598000
0.002450	2.600000	1.598000
0.002460	2.600000	1.598000
0.002470	2.600000	1.598000
0.002480	2.600000	1.598400
0.002490	2.592000	1.598400
0.002500	2.600000	1.598000
0.002510	2.592000	1.598000
0.002520	2.592000	1.598000
0.002530	2.592000	1.598400
0.002540	2.592000	1.598400
0.002550	2.592000	1.598400
0.002560	2.592000	1.598000
0.002570	2.592000	1.598000
0.002580	2.592000	1.598000
0.002590	2.584000	1.598000
0.002600	2.584000	1.598000
0.002610	2.584000	1.598000
0.002620	2.584000	1.598000
0.002630	2.584000	1.598000
0.002640	2.584000	1.598000
0.002650	2.576000	1.598000
0.002660	2.576000	1.598000
0.002670	2.576000	1.598000
0.002680	2.576000	1.598400
0.002690	2.576000	1.598400
0.002700	2.568000	1.598400
0.002710	2.568000	1.598000
0.002720	2.568000	1.598000
0.002730	2.568000	1.598400
0.002740	2.568000	1.598000
0.002750	2.568000	1.598000
0.002760	2.568000	1.598000
0.002770	2.568000	1.598000
0.002780	2.568000	1.598000
0.002790	2.560000	1.598000
0.002800	2.560000	1.598000
0.002810	2.560000	1.598400
0.002820	2.560000	1.598000
0.002830	2.560000	1.598000
0.002840	2.552000	1.598000
0.002850	2.560000	1.598400
0.002860	2.560000	1.598000
0.002870	2.552000	1.598000
0.002880	2.552000	1.598000
0.002890	2.552000	1.598000
0.002900	2.552000	1.598000
0.002910	2.552000	1.598000
0.002920	2.544000	1.598000
0.002930	2.552000	1.598000
0.002940	2.552000	1.598000
0.002950	2.544000	1.598000
0.002960	2.544000	1.598000
0.002970	2.544000	1.598000
0.002980	2.544000	1.598000
0.002990	2.544000	1.598000
0.003000	2.544000	1.598000
0.003010	2.544000	1.598000
0.003020	2.536000	1.598000
0.003030	2.536000	1.598000
0.003040	2.536000	1.598000
0.003050	2.536000	1.598000
0.003060	2.536000	1.598000
0.003070	2.536000	1.598000
0.003080	2.536000	1.598000
0.003090	2.536000	1.598000
0.003100	2.528000	1.598000
0.003110	2.536000	1.598000
0.003120	2.528000	1.598000
0.003130	2.528000	1.598000
0.003140	2.528000	1.598000
0.003150	2.528000	1.598000
0.003160	2.528000	1.598000
0.003170	2.528000	1.598000
0.003180	2.528000	1.598000
0.003190	2.528000	1.598000
0.003200	2.528000	1.598000
0.003210	2.528000	1.598000
0.003220	2.528000	1.598000
0.003230	2.528000	1.598000
0.003240	2.520000	1.598000
0.003250	2.520000	1.597600
0.003260	2.520000	1.598000
0.003270	2.520000	1.598000
0.003280	2.520000	1.598000
0.003290	2.520000	1.598000
0.003300	2.520000	1.598000
0.003310	2.520000	1.598000
0.003320	2.512000	1.598000
0.003330	2.512000	1.598000
0.003340	2.512000	1.598000
0.003350	2.512000	1.598000
0.003360	2.512000	1.598000
0.003370	2.512000	1.598000
0.003380	2.512000	1.597600
0.003390	2.512000	1.598000
0.003400	2.512000	1.598000
0.003410	2.504000	1.597600
0.003420	2.512000	1.597600
0.003430	2.504000	1.597600
0.003440	2.504000	1.597600
0.003450	2.504000	1.597600
0.003460	2.504000	1.597600
0.003470	2.504000	1.597600
0.003480	2.504000	1.598000
0.003490	2.504000	1.597600
0.003500	2.504000	1.597600
0.003510	2.504000	1.597600
0.003520	2.504000	1.597600
0.003530	2.504000	1.597600
0.003540	2.504000	1.597600
0.003550	2.496000	1.597600
0.003560	2.496000	1.597600
0.003570	2.496000	1.597200
0.003580	2.496000	1.597200
0.003590	2.496000	1.597200
0.003600	2.496000	1.597200
0.003610	2.496000	1.597200
0.003620	2.496000	1.597200
0.003630	2.488000	1.596800
0.003640	2.488000	1.596800
0.003650	2.488000	1.596800
0.003660	2.496000	1.596800
0.003670	2.488000	1.596800
0.003680	2.488000	1.596400
0.003690	2.488000	1.596400
0.003700	2.488000	1.596400
0.003710	2.488000	1.596400
0.003720	2.488000	1.596000
0.003730	2.488000	1.596000
0.003740	2.488000	1.595600
0.003750	2.488000	1.595600
0.003760	2.480000	1.595200
0.003770	2.488000	1.595200
0.003780	2.480000	1.594800
0.003790	2.480000	1.594400
0.003800	2.480000	1.594000
0.003810	2.480000	1.594000
0.003820	2.480000	1.593200
0.003830	2.480000	1.592800
0.003840	2.472000	1.592000
0.003850	2.472000	1.591200
0.003860	2.472000	1.590800
0.003870	2.472000	1.589600
0.003880	2.472000	1.588800
0.003890	2.472000	1.588000
0.003900	2.472000	1.586800
0.003910	2.472000	1.585200
0.003920	2.472000	1.584000
0.003930	2.472000	1.582400
0.003940	2.472000	1.580400
0.003950	2.472000	1.578400
0.003960	2.472000	1.576800
0.003970	2.472000	1.574800
0.003980	2.472000	1.572800
0.003990	2.472000	1.570800
0.004000	2.472000	1.569200
0.004010	2.464000	1.566800
0.004020	2.464000	1.565200
0.004030	2.464000	1.563600
0.004040	2.464000	1.562000
0.004050	2.464000	1.560800
0.004060	2.464000	1.559200
0.004070	2.464000	1.558400
0.004080	2.464000	1.557600
0.004090	2.464000	1.556800
0.004100	2.464000	1.556400
0.004110	2.464000	1.555600
0.004120	2.464000	1.555600
0.004130	2.464000	1.555200
0.004140	2.456000	1.555200
0.004150	2.464000	1.554400
0.004160	2.456000	1.554400
0.004170	2.456000	1.554800
0.004180	2.456000	1.554400
0.004190	2.456000	1.554400
0.004200	2.456000	1.554800
0.004210	2.456000	1.554800
0.004220	2.456000	1.554800
0.004230	2.456000	1.554800
0.004240	2.456000	1.554800
0.004250	2.456000	1.555200
0.004260	2.448000	1.555200
0.004270	2.456000	1.555200
0.004280	2.448000	1.555200
0.004290	2.456000	1.555600
0.004300	2.448000	1.555600
0.004310	2.448000	1.555600
0.004320	2.448000	1.555600
0.004330	2.448000	1.555600
0.004340	2.448000	1.555600
0.004350	2.448000	1.556000
0.004360	2.448000	1.555600
0.004370	2.448000	1.556000
0.004380	2.448000	1.556000
0.004390	2.448000	1.556000
0.004400	2.448000	1.556000
0.004410	2.448000	1.556400
0.004420	2.440000	1.556400
0.004430	2.440000	1.556400
0.004440	2.440000	1.556400
0.004450	2.440000	1.556800
0.004460	2.440000	1.556800
0.004470	2.440000	1.556800
0.004480	2.440000	1.556800
0.004490	2.440000	1.557200
0.004500	2.440000	1.557200
0.004510	2.440000	1.557200
0.004520	2.440000	1.557200
0.004530	2.440000	1.557600
0.004540	2.440000	1.557600
0.004550	2.440000	1.557600
0.004560	2.432000	1.558000
0.004570	2.432000	1.558000
0.004580	2.440000	1.558000
0.004590	2.432000	1.558000
0.004600	2.432000	1.558000
0.004610	2.432000	1.558400
0.004620	2.432000	1.558400
0.004630	2.432000	1.558800
0.004640	2.432000	1.558800
0.004650	2.432000	1.558800
0.004660	2.432000	1.558800
0.004670	2.432000	1.559200
0.004680	2.432000	1.559200
0.004690	2.432000	1.559200
0.004700	2.432000	1.559200
0.004710	2.424000	1.559600
0.004720	2.424000	1.559600
0.004730	2.424000	1.559600
0.004740	2.432000	1.559600
0.004750	2.424000	1.560000
0.004760	2.424000	1.560000
0.004770	2.424000	1.560000
0.004780	2.424000	1.560000
0.004790	2.424000	1.560400
0.004800	2.424000	1.560400
0.004810	2.424000	1.560400
0.004820	2.424000	1.560800
0.004830	2.424000	1.560800
0.004840	2.424000	1.560800
0.004850	2.424000	1.561200
0.004860	2.424000	1.561200
0.004870	2.424000	1.561200
0.004880	2.424000	1.561200
0.004890	2.416000	1.561600
0.004900	2.424000	1.561600
0.004910	2.416000	1.561600
0.004920	2.416000	1.561600
0.004930	2.416000	1.561600
0.004940	2.416000	1.562000
0.004950	2.416000	1.562000
0.004960	2.416000	1.562400
0.004970	2.416000	1.562400
0.004980	2.416000	1.562400
0.004990	2.416000	1.562800
0.005000	2.416000	1.562800
0.005010	2.408000	1.562800
0.005020	2.408000	1.562800
0.005030	2.408000	1.562800
0.005040	2.416000	1.562800
0.005050	2.408000	1.563200
0.005060	2.408000	1.563200
0.005070	2.408000	1.563200
0.005080	2.408000	1.563600
0.005090	2.408000	1.563600
0.005100	2.408000	1.563600
0.005110	2.408000	1.563600
0.005120	2.408000	1.564000
0.005130	2.408000	1.564000
0.005140	2.408000	1.564000
0.005150	2.408000	1.564000
0.005160	2.408000	1.564000
0.005170	2.408000	1.564400
0.005180	2.400000	1.564400
0.005190	2.408000	1.564400
0.005200	2.408000	1.564800
0.005210	2.408000	1.564800
0.005220	2.400000	1.564800
0.005230	2.408000	1.564800
0.005240	2.408000	1.564800
0.005250	2.400000	1.565200
0.005260	2.400000	1.565200
0.005270	2.400000	1.565200
0.005280	2.400000	1.565600
0.005290	2.400000	1.565600
0.005300	2.400000	1.565600
0.005310	2.400000	1.565600
0.005320	2.400000	1.566000
0.005330	2.400000	1.566000
0.005340	2.400000	1.566000
0.005350	2.400000	1.566000
0.005360	2.400000	1.566000
0.005370	2.400000	1.566400
0.005380	2.400000	1.566400
0.005390	2.392000	1.566800
0.005400	2.392000	1.566800
0.005410	2.392000	1.566400
0.005420	2.392000	1.566800
0.005430	2.392000	1.566800
0.005440	2.392000	1.566800
0.005450	2.392000	1.566800
0.005460	2.392000	1.566800
0.005470	2.392000	1.567200
0.005480	2.392000	1.567200
0.005490	2.392000	1.567200
0.005500	2.392000	1.567200
0.005510	2.392000	1.567600
0.005520	2.392000	1.567600
0.005530	2.392000	1.567600
0.005540	2.384000	1.568000
0.005550	2.392000	1.567600
0.005560	2.392000	1.568000
0.005570	2.392000	1.568000
0.005580	2.392000	1.568000
0.005590	2.384000	1.568400
0.005600	2.384000	1.568400
0.005610	2.384000	1.568400
0.005620	2.384000	1.568400
0.005630	2.392000	1.568400
0.005640	2.384000	1.568400
0.005650	2.384000	1.568800
0.005660	2.384000	1.568800
0.005670	2.384000	1.568800
0.005680	2.384000	1.569200
0.005690	2.384000	1.569200
0.005700	2.384000	1.569200
0.005710	2.384000	1.569200
0.005720	2.384000	1.569200
0.005730	2.384000	1.569600
0.005740	2.384000	1.569600
0.005750	2.384000	1.569600
0.005760	2.384000	1.569600
0.005770	2.384000	1.569600
0.005780	2.384000	1.570000
0.005790	2.384000	1.570000
0.005800	2.376000	1.570000
0.005810	2.384000	1.570000
0.005820	2.384000	1.570000
0.005830	2.376000	1.570000
0.005840	2.376000	1.570400
0.005850	2.376000	1.570400
0.005860	2.376000	1.570400
0.005870	2.376000	1.570400
0.005880	2.384000	1.570400
0.005890	2.376000	1.570800
0.005900	2.376000	1.570800
0.005910	2.376000	1.570800
0.005920	2.376000	1.570800
0.005930	2.376000	1.571200
0.005940	2.376000	1.571200
0.005950	2.376000	1.571200
0.005960	2.376000	1.571600
0.005970	2.376000	1.571200
0.005980	2.376000	1.571600
0.005990	2.376000	1.571600
0.006000	2.376000	1.571600
0.006010	2.376000	1.571600
0.006020	2.368000	1.571600
0.006030	2.376000	1.572000
0.006040	2.376000	1.572000
0.006050	2.368000	1.572000
0.006060	2.368000	1.572000
0.006070	2.368000	1.572000
0.006080	2.368000	1.572400
0.006090	2.376000	1.572400
0.006100	2.368000	1.572400
0.006110	2.368000	1.572400
0.006120	2.368000	1.572400
0.006130	2.368000	1.572800
0.006140	2.368000	1.572400
0.006150	2.368000	1.572800
0.006160	2.368000	1.572800
0.006170	2.368000	1.572800
0.006180	2.368000	1.572800
0.006190	2.368000	1.572800
0.006200	2.368000	1.573200
0.006210	2.368000	1.573200
0.006220	2.368000	1.573200
0.006230	2.368000	1.573200
0.006240	2.368000	1.573600
0.006250	2.368000	1.573200
0.006260	2.368000	1.573600
0.006270	2.360000	1.573600
0.006280	2.368000	1.573600
0.006290	2.360000	1.573600
0.006300	2.360000	1.573600
0.006310	2.368000	1.574000
0.006320	2.360000	1.574000
0.006330	2.360000	1.574000
0.006340	2.368000	1.574000
0.006350	2.360000	1.574000
0.006360	2.360000	1.574000
0.006370	2.360000	1.574000
0.006380	2.360000	1.574000
0.006390	2.360000	1.574000
0.006400	2.360000	1.574400
0.006410	2.360000	1.574400
0.006420	2.360000	1.574400
0.006430	2.360000	1.574800
0.006440	2.360000	1.574400
0.006450	2.360000	1.574800
0.006460	2.360000	1.574800
0.006470	2.360000	1.574800
0.006480	2.360000	1.574800
0.006490	2.360000	1.574800
0.006500	2.360000	1.574800
0.006510	2.360000	1.574800
0.006520	2.360000	1.575200
0.006530	2.360000	1.575200
0.006540	2.360000	1.575200
0.006550	2.360000	1.575200
0.006560	2.360000	1.575600
0.006570	2.352000	1.575600
0.006580	2.360000	1.575600
0.006590	2.352000	1.575600
0.006600	2.352000	1.575600
0.006610	2.360000	1.575600
0.006620	2.352000	1.575600
0.006630	2.352000	1.576000
0.006640	2.352000	1.576000
0.006650	2.352000	1.576000
0.006660	2.352000	1.576000
0.006670	2.352000	1.576000
0.006680	2.352000	1.576000
0.006690	2.352000	1.576400
0.006700	2.352000	1.576400
0.006710	2.352000	1.576400
0.006720	2.352000	1.576400
0.006730	2.352000	1.576400
0.006740	2.352000	1.576400
0.006750	2.352000	1.576400
0.006760	2.352000	1.576800
0.006770	2.352000	1.576400
0.006780	2.352000	1.576800
0.006790	2.352000	1.576800
0.006800	2.352000	1.576800
0.006810	2.352000	1.576800
0.006820	2.352000	1.576800
0.006830	2.344000	1.576800
0.006840	2.352000	1.576800
0.006850	2.352000	1.576800
0.006860	2.352000	1.577200
0.006870	2.344000	1.577200
0.006880	2.352000	1.577200
0.006890	2.344000	1.577200
0.006900	2.344000	1.577200
0.006910	2.352000	1.577600
0.006920	2.344000	1.577600
0.006930	2.344000	1.577600
0.006940	2.344000	1.577600
0.006950	2.344000	1.577600
0.006960	2.344000	1.578000
0.006970	2.344000	1.578000
0.006980	2.344000	1.578000
0.006990	2.344000	1.578000
0.007000	2.344000	1.578000
0.007010	2.344000	1.578000
0.007020	2.344000	1.578000
0.007030	2.344000	1.578000
0.007040	2.344000	1.578400
0.007050	2.344000	1.578400
0.007060	2.344000	1.578400
0.007070	2.344000	1.578400
0.007080	2.344000	1.578400
0.007090	2.344000	1.578400
0.007100	2.344000	1.578400
0.007110	2.344000	1.578400
0.007120	2.344000	1.578800
0.007130	2.344000	1.578800
0.007140	2.344000	1.578800
0.007150	2.344000	1.578800
0.007160	2.344000	1.578800
0.007170	2.344000	1.578800
0.007180	2.344000	1.578800
0.007190	2.344000	1.579200
0.007200	2.344000	1.578800
0.007210	2.344000	1.579200
0.007220	2.344000	1.579200
0.007230	2.344000	1.579200
0.007240	2.344000	1.579200
0.007250	2.336000	1.579200
0.007260	2.344000	1.579200
0.007270	2.336000	1.579200
0.007280	2.336000	1.579200
0.007290	2.344000	1.579200
0.007300	2.344000	1.579200
0.007310	2.344000	1.579200
0.007320	2.336000	1.579600
0.007330	2.336000	1.579600
0.007340	2.336000	1.579600
0.007350	2.336000	1.579600
0.007360	2.336000	1.580000
0.007370	2.336000	1.579600
0.007380	2.336000	1.580000
0.007390	2.336000	1.580000
0.007400	2.336000	1.580000
0.007410	2.336000	1.580000
0.007420	2.336000	1.580000
0.007430	2.336000	1.580000
0.007440	2.336000	1.580400
0.007450	2.336000	1.580400
0.007460	2.336000	1.580400
0.007470	2.336000	1.580400
0.007480	2.336000	1.580400
0.007490	2.336000	1.580400
0.007500	2.336000	1.580400
0.007510	2.336000	1.580800
0.007520	2.336000	1.580800
0.007530	2.336000	1.580400
0.007540	2.336000	1.580800
0.007550	2.336000	1.580400
0.007560	2.336000	1.580800
0.007570	2.336000	1.580800
0.007580	2.328000	1.580800
0.007590	2.336000	1.580800
0.007600	2.336000	1.580800
0.007610	2.336000	1.580800
0.007620	2.336000	1.581200
0.007630	2.328000	1.581200
0.007640	2.336000	1.581200
0.007650	2.328000	1.581200
0.007660	2.328000	1.581200
0.007670	2.336000	1.581200
0.007680	2.328000	1.581200
0.007690	2.336000	1.581200
0.007700	2.328000	1.581600
0.007710	2.336000	1.581600
0.007720	2.328000	1.581600
0.007730	2.328000	1.581600
0.007740	2.328000	1.581600
0.007750	2.328000	1.581600
0.007760	2.336000	1.581600
0.007770	2.336000	1.581600
0.007780	2.336000	1.581600
0.007790	2.328000	1.581600
0.007800	2.328000	1.582000
0.007810	2.328000	1.582000
0.007820	2.328000	1.582000
0.007830	2.328000	1.582000
0.007840	2.328000	1.582000
0.007850	2.328000	1.582000
0.007860	2.328000	1.582000
0.007870	2.328000	1.582000
0.007880	2.328000	1.582000
0.007890	2.328000	1.582400
0.007900	2.328000	1.582000
0.007910	2.328000	1.582400
0.007920	2.328000	1.582400
0.007930	2.328000	1.582400
0.007940	2.328000	1.582400
0.007950	2.328000	1.582400
0.007960	2.328000	1.582800
0.007970	2.328000	1.582400
0.007980	2.328000	1.582800
0.007990	2.328000	1.582400
0.008000	2.328000	1.582800
0.008010	2.328000	1.582800
0.008020	2.328000	1.582800
0.008030	2.328000	1.582800
0.008040	2.328000	1.582800
0.008050	2.328000	1.582800
0.008060	2.328000	1.582800
0.008070	2.328000	1.582800
0.008080	2.328000	1.582800
0.008090	2.328000	1.582800
0.008100	2.328000	1.583200
0.008110	2.328000	1.582800
0.008120	2.320000	1.583200
0.008130	2.328000	1.583200
0.008140	2.328000	1.583200
0.008150	2.328000	1.583200
0.008160	2.320000	1.583200
0.008170	2.320000	1.583200
0.008180	2.328000	1.583200
0.008190	2.328000	1.583200
0.008200	2.328000	1.583200
0.008210	2.320000	1.583600
0.008220	2.320000	1.583600
0.008230	2.320000	1.583600
0.008240	2.328000	1.583600
0.008250	2.320000	1.583600
0.008260	2.320000	1.583600
0.008270	2.320000	1.583600
0.008280	2.320000	1.584000
0.008290	2.320000	1.584000
0.008300	2.320000	1.584000
0.008310	2.320000	1.584000
0.008320	2.320000	1.583600
0.008330	2.320000	1.584000
0.008340	2.320000	1.584000
0.008350	2.320000	1.584000
0.008360	2.320000	1.584000
0.008370	2.320000	1.584000
0.008380	2.320000	1.584000
0.008390	2.320000	1.584000
0.008400	2.320000	1.584000
0.008410	2.320000	1.584000
0.008420	2.320000	1.584000
0.008430	2.320000	1.584400
0.008440	2.320000	1.584400
0.008450	2.320000	1.584400
0.008460	2.320000	1.584400
0.008470	2.320000	1.584400
0.008480	2.320000	1.584400
0.008490	2.320000	1.584400
0.008500	2.320000	1.584800
0.008510	2.320000	1.584800
0.008520	2.320000	1.584800
0.008530	2.320000	1.584800
0.008540	2.320000	1.584400
0.008550	2.320000	1.584800
0.008560	2.320000	1.584800
0.008570	2.320000	1.584800
0.008580	2.320000	1.584800
0.008590	2.320000	1.584800
0.008600	2.320000	1.584800
0.008610	2.320000	1.584800
0.008620	2.320000	1.584800
0.008630	2.320000	1.584800
0.008640	2.320000	1.585200
0.008650	2.320000	1.585200
0.008660	2.320000	1.585200
0.008670	2.312000	1.585200
0.008680	2.320000	1.585200
0.008690	2.312000	1.585200
0.008700	2.312000	1.585200
0.008710	2.312000	1.585200
0.008720	2.312000	1.585200
0.008730	2.312000	1.585200
0.008740	2.320000	1.585200
0.008750	2.320000	1.585600
0.008760	2.312000	1.585600
0.008770	2.312000	1.585600
0.008780	2.312000	1.585600
0.008790	2.312000	1.585600
0.008800	2.312000	1.585600
0.008810	2.312000	1.585600
0.008820	2.312000	1.585600
0.008830	2.312000	1.585600
0.008840	2.320000	1.586000
0.008850	2.312000	1.585600
0.008860	2.312000	1.586000
0.008870	2.320000	1.586000
0.008880	2.312000	1.586000
0.008890	2.312000	1.585600
0.008900	2.312000	1.585600
0.008910	2.312000	1.586000
0.008920	2.312000	1.586000
0.008930	2.312000	1.586000
0.008940	2.312000	1.586000
0.008950	2.312000	1.586000
0.008960	2.312000	1.586000
0.008970	2.312000	1.586000
0.008980	2.312000	1.586000
0.008990	2.312000	1.586000
0.009000	2.312000	1.586400
0.009010	2.312000	1.586400
0.009020	2.312000	1.586000
0.009030	2.312000	1.586400
0.009040	2.312000	1.586400
0.009050	2.312000	1.586400
0.009060	2.312000	1.586400
0.009070	2.312000	1.586400
0.009080	2.312000	1.586400
0.009090	2.312000	1.586400
0.009100	2.312000	1.586400
0.009110	2.312000	1.586400
0.009120	2.312000	1.586400
0.009130	2.312000	1.586400
0.009140	2.312000	1.586400
0.009150	2.312000	1.586800
0.009160	2.312000	1.586400
0.009170	2.312000	1.586800
0.009180	2.312000	1.586400
0.009190	2.312000	1.586800
0.009200	2.312000	1.586800
0.009210	2.312000	1.586800
0.009220	2.312000	1.586800
0.009230	2.312000	1.586800
0.009240	2.312000	1.586800
0.009250	2.312000	1.586800
0.009260	2.312000	1.586800
0.009270	2.312000	1.587200
0.009280	2.312000	1.586800
0.009290	2.312000	1.587200
0.009300	2.312000	1.587200
0.009310	2.312000	1.587200
0.009320	2.312000	1.587200
0.009330	2.304000	1.587200
0.009340	2.312000	1.587200
0.009350	2.304000	1.587200
0.009360	2.312000	1.587200
0.009370	2.312000	1.587200
0.009380	2.304000	1.587200
0.009390	2.304000	1.587200
0.009400	2.304000	1.587600
0.009410	2.312000	1.587200
0.009420	2.304000	1.587600
0.009430	2.312000	1.587600
0.009440	2.304000	1.587200
0.009450	2.304000	1.587600
0.009460	2.312000	1.587600
0.009470	2.304000	1.587600
0.009480	2.312000	1.587600
0.009490	2.304000	1.587600
0.009500	2.304000	1.587600
0.009510	2.304000	1.587600
0.009520	2.304000	1.587600
0.009530	2.312000	1.587600
0.009540	2.304000	1.587600
0.009550	2.304000	1.587600
0.009560	2.304000	1.587600
0.009570	2.304000	1.587600
0.009580	2.304000	1.587600
0.009590	2.304000	1.588000
0.009600	2.304000	1.588000
0.009610	2.304000	1.588000
0.009620	2.304000	1.588000
0.009630	2.304000	1.587600
0.009640	2.304000	1.588000
0.009650	2.304000	1.588000
0.009660	2.304000	1.588000
0.009670	2.304000	1.588000
0.009680	2.304000	1.588000
0.009690	2.312000	1.588000
0.009700	2.304000	1.588000
0.009710	2.304000	1.588400
0.009720	2.304000	1.588400
0.009730	2.304000	1.588400
0.009740	2.304000	1.588400
0.009750	2.304000	1.588400
0.009760	2.304000	1.588400
0.009770	2.304000	1.588400
0.009780	2.304000	1.588400
0.009790	2.304000	1.588400
0.009800	2.304000	1.588400
0.009810	2.304000	1.588400
0.009820	2.304000	1.588400
0.009830	2.304000	1.588400
0.009840	2.304000	1.588400
0.009850	2.304000	1.588400
0.009860	2.304000	1.588400
0.009870	2.304000	1.588400
0.009880	2.304000	1.588400
0.009890	2.304000	1.588800
0.009900	2.304000	1.588800
0.009910	2.304000	1.588800
0.009920	2.304000	1.588800
0.009930	2.304000	1.588800
0.009940	2.304000	1.588800
0.009950	2.304000	1.588800
0.009960	2.304000	1.588800
0.009970	2.304000	1.588800
0.009980	2.304000	1.588800
0.009990	2.304000	1.588800
0.010000	2.304000	1.588800
0.010010	2.296000	1.588800
0.010020	2.304000	1.588800
0.010030	2.304000	1.588800
0.010040	2.304000	1.588800
0.010050	2.304000	1.588800
0.010060	2.304000	1.588800
0.010070	2.304000	1.588800
0.010080	2.304000	1.588800
0.010090	2.304000	1.589200
0.010100	2.304000	1.589200
0.010110	2.304000	1.589200
0.010120	2.304000	1.589200
0.010130	2.296000	1.589200
0.010140	2.304000	1.589200
0.010150	2.304000	1.589200
0.010160	2.304000	1.589200
0.010170	2.296000	1.589200
0.010180	2.304000	1.589200
0.010190	2.296000	1.589600
0.010200	2.304000	1.589200
0.010210	2.296000	1.589600
0.010220	2.296000	1.589600
0.010230	2.296000	1.589200
0.010240	2.296000	1.589600
0.010250	2.296000	1.589600
0.010260	2.296000	1.589600
0.010270	2.296000	1.589200
0.010280	2.296000	1.589600
0.010290	2.296000	1.589600
0.010300	2.296000	1.589600
0.010310	2.296000	1.589600
0.010320	2.296000	1.589600
0.010330	2.304000	1.589600
0.010340	2.296000	1.589600
0.010350	2.296000	1.589600
0.010360	2.296000	1.589600
0.010370	2.296000	1.589600
0.010380	2.296000	1.589600
0.010390	2.296000	1.590000
0.010400	2.296000	1.589600
0.010410	2.296000	1.590000
0.010420	2.296000	1.589600
0.010430	2.296000	1.590000
0.010440	2.296000	1.590000
0.010450	2.296000	1.590000
0.010460	2.296000	1.589600
0.010470	2.296000	1.590000
0.010480	2.296000	1.590000
0.010490	2.296000	1.589600
0.010500	2.296000	1.589600
0.010510	2.296000	1.590000
0.010520	2.296000	1.590000
0.010530	2.296000	1.590000
0.010540	2.296000	1.590000
0.010550	2.296000	1.590000
0.010560	2.296000	1.590000
0.010570	2.296000	1.590000
0.010580	2.296000	1.590000
0.010590	2.296000	1.590000
0.010600	2.296000	1.590000
0.010610	2.296000	1.590400
0.010620	2.296000	1.590400
0.010630	2.296000	1.590400
0.010640	2.296000	1.590400
0.010650	2.296000	1.590000
0.010660	2.296000	1.590000
0.010670	2.296000	1.590000
0.010680	2.296000	1.590000
0.010690	2.296000	1.590000
0.010700	2.296000	1.590000
0.010710	2.296000	1.590400
0.010720	2.296000	1.590400
0.010730	2.296000	1.590400
0.010740	2.296000	1.590400
0.010750	2.296000	1.590800
0.010760	2.296000	1.590400
0.010770	2.296000	1.590800
0.010780	2.296000	1.590400
0.010790	2.296000	1.590800
0.010800	2.296000	1.590800
0.010810	2.296000	1.590800
0.010820	2.296000	1.590800
0.010830	2.296000	1.590800
0.010840	2.296000	1.590800
0.010850	2.296000	1.590800
0.010860	2.296000	1.590800
0.010870	2.296000	1.590800
0.010880	2.296000	1.590800
0.010890	2.296000	1.590800
0.010900	2.296000	1.590800
0.010910	2.296000	1.590800
0.010920	2.296000	1.590800
0.010930	2.296000	1.590800
0.010940	2.296000	1.590800
0.010950	2.296000	1.590800
0.010960	2.296000	1.590800
0.010970	2.296000	1.590800
0.010980	2.296000	1.590800
0.010990	2.296000	1.591200
0.011000	2.296000	1.590800
0.011010	2.296000	1.590800
0.011020	2.296000	1.590800
0.011030	2.288000	1.591200
0.011040	2.296000	1.591200
0.011050	2.296000	1.591200
0.011060	2.296000	1.591200
0.011070	2.296000	1.590800
0.011080	2.296000	1.591200
0.011090	2.296000	1.591200
0.011100	2.296000	1.591200
0.011110	2.296000	1.591200
0.011120	2.296000	1.591200
0.011130	2.296000	1.591200
0.011140	2.296000	1.591200
0.011150	2.296000	1.591200
0.011160	2.296000	1.591200
0.011170	2.288000	1.591200
0.011180	2.296000	1.591200
0.011190	2.296000	1.591200
0.011200	2.296000	1.591200
0.011210	2.288000	1.591200
0.011220	2.296000	1.591600
0.011230	2.296000	1.591200
0.011240	2.296000	1.591600
0.011250	2.296000	1.591600
0.011260	2.296000	1.591600
0.011270	2.296000	1.591600
0.011280	2.296000	1.591600
0.011290	2.296000	1.591600
0.011300	2.296000	1.591600
0.011310	2.296000	1.591600
0.011320	2.296000	1.591600
0.011330	2.296000	1.591600
0.011340	2.296000	1.591600
0.011350	2.296000	1.591600
0.011360	2.296000	1.591600
0.011370	2.296000	1.591600
0.011380	2.288000	1.591600
0.011390	2.288000	1.591600
0.011400	2.296000	1.591600
0.011410	2.288000	1.591600
0.011420	2.288000	1.591600
0.011430	2.296000	1.591600
0.011440	2.296000	1.592000
0.011450	2.288000	1.592000
0.011460	2.288000	1.591600
0.011470	2.296000	1.591600
0.011480	2.296000	1.591600
0.011490	2.288000	1.592000
0.011500	2.296000	1.592000
0.011510	2.288000	1.592000
0.011520	2.288000	1.592000
0.011530	2.296000	1.592000
0.011540	2.288000	1.592000
0.011550	2.288000	1.592000
0.011560	2.288000	1.592000
0.011570	2.288000	1.592000
0.011580	2.288000	1.592000
0.011590	2.296000	1.592000
0.011600	2.288000	1.592000
0.011610	2.288000	1.592000
0.011620	2.288000	1.592000
0.011630	2.288000	1.592000
0.011640	2.288000	1.592400
0.011650	2.288000	1.592000
0.011660	2.288000	1.592000
0.011670	2.296000	1.592000
0.011680	2.288000	1.592000
0.011690	2.288000	1.592400
0.011700	2.288000	1.592400
0.011710	2.288000	1.592000
0.011720	2.288000	1.592000
0.011730	2.288000	1.592400
0.011740	2.288000	1.592400
0.011750	2.288000	1.592400
0.011760	2.296000	1.592400
0.011770	2.296000	1.592400
0.011780	2.288000	1.592000
0.011790	2.288000	1.592000
0.011800	2.288000	1.592400
0.011810	2.288000	1.592400
0.011820	2.288000	1.592400
0.011830	2.288000	1.592400
0.011840	2.288000	1.592400
0.011850	2.288000	1.592400
0.011860	2.288000	1.592400
0.011870	2.288000	1.592400
0.011880	2.288000	1.592400
0.011890	2.288000	1.592400
0.011900	2.288000	1.592400
0.011910	2.288000	1.592400
0.011920	2.288000	1.592400
0.011930	2.288000	1.592400
0.011940	2.288000	1.592400
0.011950	2.288000	1.592400
0.011960	2.288000	1.592400
0.011970	2.288000	1.592400
0.011980	2.288000	1.592400
0.011990	2.288000	1.592400
0.012000	2.288000	1.592400
0.012010	2.288000	1.592800
0.012020	2.288000	1.592800
0.012030	2.288000	1.592800
0.012040	2.288000	1.592800
0.012050	2.288000	1.592800
0.012060	2.288000	1.592800
0.012070	2.288000	1.592800
0.012080	2.288000	1.592800
0.012090	2.288000	1.592800
0.012100	2.288000	1.592800
0.012110	2.288000	1.592800
0.012120	2.288000	1.592800
0.012130	2.288000	1.592800
0.012140	2.288000	1.592800
0.012150	2.288000	1.592800
0.012160	2.288000	1.592800
0.012170	2.288000	1.592800
0.012180	2.288000	1.592800
0.012190	2.288000	1.592800
0.012200	2.288000	1.593200
0.012210	2.288000	1.592800
0.012220	2.288000	1.593200
0.012230	2.288000	1.592800
0.012240	2.288000	1.592800
0.012250	2.288000	1.592800
0.012260	2.288000	1.592800
0.012270	2.288000	1.592800
0.012280	2.288000	1.592800
0.012290	2.280000	1.593200
0.012300	2.288000	1.592800
0.012310	2.288000	1.593200
0.012320	2.288000	1.593200
0.012330	2.288000	1.593200
0.012340	2.288000	1.593200
0.012350	2.288000	1.592800
0.012360	2.288000	1.592800
0.012370	2.288000	1.593200
0.012380	2.288000	1.593200
0.012390	2.288000	1.593200
0.012400	2.288000	1.593200
0.012410	2.288000	1.593200
0.012420	2.288000	1.593200
0.012430	2.288000	1.593200
0.012440	2.288000	1.593200
0.012450	2.288000	1.593200
0.012460	2.288000	1.593200
0.012470	2.288000	1.593200
0.012480	2.288000	1.593200
0.012490	2.288000	1.593200
0.012500	2.288000	1.593200
0.012510	2.288000	1.593200
0.012520	2.288000	1.593200
0.012530	2.288000	1.593600
0.012540	2.288000	1.593600
0.012550	2.288000	1.593600
0.012560	2.288000	1.593200
0.012570	2.288000	1.593200
0.012580	2.288000	1.593200
0.012590	2.288000	1.593200
0.012600	2.288000	1.593200
0.012610	2.288000	1.593600
0.012620	2.288000	1.593200
0.012630	2.288000	1.593600
0.012640	2.288000	1.593600
0.012650	2.288000	1.593600
0.012660	2.288000	1.593600
0.012670	2.288000	1.593600
0.012680	2.288000	1.593600
0.012690	2.288000	1.593600
0.012700	2.288000	1.593600
0.012710	2.288000	1.593600
0.012720	2.288000	1.593600
0.012730	2.288000	1.593600
0.012740	2.288000	1.593600
0.012750	2.288000	1.593600
0.012760	2.288000	1.593600
0.012770	2.288000	1.593600
0.012780	2.288000	1.593600
0.012790	2.288000	1.593600
0.012800	2.288000	1.593600
0.012810	2.288000	1.593600
0.012820	2.288000	1.593600
0.012830	2.288000	1.593600
0.012840	2.288000	1.593600
0.012850	2.280000	1.594000
0.012860	2.288000	1.594000
0.012870	2.288000	1.594000
0.012880	2.288000	1.593600
0.012890	2.288000	1.593600
0.012900	2.288000	1.593600
0.012910	2.288000	1.594000
0.012920	2.280000	1.593600
0.012930	2.288000	1.593600
0.012940	2.288000	1.594000
0.012950	2.288000	1.594000
0.012960	2.288000	1.593600
0.012970	2.288000	1.594000
0.012980	2.288000	1.594000
0.012990	2.288000	1.594000
0.013000	2.280000	1.594000
0.013010	2.288000	1.594000
0.013020	2.280000	1.594000
0.013030	2.288000	1.594000
0.013040	2.288000	1.594000
0.013050	2.288000	1.594000
0.013060	2.288000	1.594000
0.013070	2.288000	1.594000
0.013080	2.280000	1.594000
0.013090	2.288000	1.594000
0.013100	2.280000	1.594000
0.013110	2.280000	1.594000
0.013120	2.288000	1.594000
0.013130	2.288000	1.594000
0.013140	2.288000	1.594000
0.013150	2.288000	1.594400
0.013160	2.280000	1.594000
0.013170	2.288000	1.594000
0.013180	2.280000	1.594000
0.013190	2.288000	1.594000
0.013200	2.280000	1.594000
0.013210	2.288000	1.594000
0.013220	2.280000	1.594000
0.013230	2.280000	1.594000
0.013240	2.288000	1.594000
0.013250	2.280000	1.594000
0.013260	2.288000	1.594000
0.013270	2.280000	1.594400
0.013280	2.288000	1.594400
0.013290	2.280000	1.594000
0.013300	2.280000	1.594400
0.013310	2.280000	1.594400
0.013320	2.280000	1.594400
0.013330	2.288000	1.594400
0.013340	2.288000	1.594400
0.013350	2.280000	1.594400
0.013360	2.280000	1.594400
0.013370	2.280000	1.594400
0.013380	2.280000	1.594000
0.013390	2.280000	1.594400
0.013400	2.288000	1.594400
0.013410	2.288000	1.594400
0.013420	2.288000	1.594400
0.013430	2.288000	1.594400
0.013440	2.288000	1.594400
0.013450	2.288000	1.594400
0.013460	2.280000	1.594400
0.013470	2.280000	1.594400
0.013480	2.288000	1.594400
0.013490	2.280000	1.594400
0.013500	2.280000	1.594400
0.013510	2.288000	1.594400
0.013520	2.280000	1.594400
0.013530	2.280000	1.594400
0.013540	2.288000	1.594400
0.013550	2.288000	1.594400
0.013560	2.280000	1.594400
0.013570	2.280000	1.594400
0.013580	2.280000	1.594400
0.013590	2.280000	1.594400
0.013600	2.280000	1.594400
0.013610	2.280000	1.594400
0.013620	2.280000	1.594400
0.013630	2.280000	1.594400
0.013640	2.280000	1.594800
0.013650	2.280000	1.594800
0.013660	2.280000	1.594800
0.013670	2.280000	1.594800
0.013680	2.288000	1.594400
0.013690	2.280000	1.594400
0.013700	2.280000	1.594800
0.013710	2.280000	1.594800
0.013720	2.280000	1.594800
0.013730	2.280000	1.594800
0.013740	2.280000	1.594800
0.013750	2.280000	1.594800
0.013760	2.280000	1.594800
0.013770	2.280000	1.594800
0.013780	2.280000	1.594800
0.013790	2.280000	1.594400
0.013800	2.280000	1.594800
0.013810	2.280000	1.594800
0.013820	2.280000	1.594800
0.013830	2.280000	1.594800
0.013840	2.288000	1.594800
0.013850	2.280000	1.594800
0.013860	2.280000	1.594800
0.013870	2.280000	1.594800
0.013880	2.280000	1.595200
0.013890	2.280000	1.594800
0.013900	2.280000	1.594800
0.013910	2.280000	1.594800
0.013920	2.280000	1.594800
0.013930	2.280000	1.594800
0.013940	2.280000	1.594800
0.013950	2.280000	1.594800
0.013960	2.280000	1.595200
0.013970	2.280000	1.594800
0.013980	2.280000	1.594800
0.013990	2.280000	1.594800
0.014000	2.280000	1.594800
0.014010	2.280000	1.594800
0.014020	2.280000	1.594800
0.014030	2.288000	1.594800
0.014040	2.280000	1.594800
0.014050	2.280000	1.594800
0.014060	2.280000	1.594800
0.014070	2.280000	1.594800
0.014080	2.280000	1.594800
0.014090	2.280000	1.594800
0.014100	2.280000	1.595200
0.014110	2.280000	1.594800
0.014120	2.280000	1.595200
0.014130	2.280000	1.595200
0.014140	2.280000	1.595200
0.014150	2.280000	1.594800
0.014160	2.280000	1.594800
0.014170	2.280000	1.594800
0.014180	2.280000	1.594800
0.014190	2.280000	1.594800
0.014200	2.280000	1.595200
0.014210	2.280000	1.595200
0.014220	2.280000	1.595200
0.014230	2.280000	1.595200
0.014240	2.280000	1.594800
0.014250	2.280000	1.594800
0.014260	2.280000	1.595200
0.014270	2.280000	1.595200
0.014280	2.280000	1.595600
0.014290	2.280000	1.595200
0.014300	2.280000	1.595200
0.014310	2.280000	1.595200
0.014320	2.280000	1.595200
0.014330	2.280000	1.595200
0.014340	2.280000	1.595200
0.014350	2.280000	1.595200
0.014360	2.280000	1.595200
0.014370	2.280000	1.595200
0.014380	2.280000	1.595200
0.014390	2.280000	1.595200
0.014400	2.280000	1.595200
0.014410	2.280000	1.595200
0.014420	2.280000	1.595200
0.014430	2.280000	1.595200
0.014440	2.280000	1.595200
0.014450	2.280000	1.595200
0.014460	2.280000	1.595200
0.014470	2.280000	1.595200
0.014480	2.280000	1.595600
0.014490	2.280000	1.595200
0.014500	2.280000	1.595600
0.014510	2.280000	1.595600
0.014520	2.280000	1.595200
0.014530	2.280000	1.595600
0.014540	2.280000	1.595200
0.014550	2.280000	1.595200
0.014560	2.280000	1.595200
0.014570	2.280000	1.595200
0.014580	2.280000	1.595200
0.014590	2.280000	1.595200
0.014600	2.280000	1.595200
0.014610	2.280000	1.595600
0.014620	2.280000	1.595200
0.014630	2.280000	1.595600
0.014640	2.280000	1.595600
0.014650	2.280000	1.595600
0.014660	2.280000	1.595600
0.014670	2.280000	1.595200
0.014680	2.280000	1.595600
0.014690	2.280000	1.595200
0.014700	2.280000	1.595600
0.014710	2.280000	1.595600
0.014720	2.280000	1.595600
0.014730	2.280000	1.595600
0.014740	2.280000	1.595600
0.014750	2.280000	1.595600
0.014760	2.280000	1.595600
0.014770	2.280000	1.595600
0.014780	2.280000	1.595200
0.014790	2.280000	1.595600
0.014800	2.280000	1.595600
0.014810	2.280000	1.595600
0.014820	2.280000	1.595600
0.014830	2.280000	1.595600
0.014840	2.280000	1.595600
0.014850	2.280000	1.595600
0.014860	2.280000	1.595600
0.014870	2.280000	1.595600
0.014880	2.280000	1.595600
0.014890	2.280000	1.595600
0.014900	2.288000	1.595600
0.014910	2.280000	1.595600
0.014920	2.280000	1.595600
0.014930	2.280000	1.595600
0.014940	2.280000	1.595600
0.014950	2.280000	1.595600
0.014960	2.280000	1.595600
0.014970	2.280000	1.595600
0.014980	2.280000	1.595600
0.014990	2.280000	1.595600
0.015000	2.280000	1.595600
0.015010	2.280000	1.595600
0.015020	2.280000	1.595600
0.015030	2.280000	1.595600
0.015040	2.280000	1.595600
0.015050	2.280000	1.595600
0.015060	2.280000	1.596000
0.015070	2.280000	1.596000
0.015080	2.280000	1.595600
0.015090	2.288000	1.595600
0.015100	2.280000	1.595600
0.015110	2.280000	1.596000
0.015120	2.280000	1.596000
0.015130	2.280000	1.596000
0.015140	2.280000	1.595600
0.015150	2.280000	1.595600
0.015160	2.280000	1.596000
0.015170	2.280000	1.596000
0.015180	2.280000	1.596000
0.015190	2.280000	1.596000
0.015200	2.280000	1.596000
0.015210	2.280000	1.595600
0.015220	2.280000	1.596000
0.015230	2.280000	1.596000
0.015240	2.280000	1.596000
0.015250	2.280000	1.596000
0.015260	2.280000	1.596000
0.015270	2.280000	1.596000
0.015280	2.280000	1.596000
0.015290	2.280000	1.596000
0.015300	2.280000	1.596000
0.015310	2.280000	1.596000
0.015320	2.280000	1.596400
0.015330	2.280000	1.596000
0.015340	2.280000	1.596000
0.015350	2.280000	1.596000
0.015360	2.280000	1.596000
0.015370	2.280000	1.596000
0.015380	2.280000	1.596000
0.015390	2.280000	1.596000
0.015400	2.280000	1.596000
0.015410	2.280000	1.596000
0.015420	2.280000	1.596000
0.015430	2.280000	1.596400
0.015440	2.280000	1.596400
0.015450	2.280000	1.596000
0.015460	2.280000	1.596000
0.015470	2.280000	1.596000
0.015480	2.280000	1.596000
0.015490	2.280000	1.596000
0.015500	2.280000	1.596000
0.015510	2.280000	1.596000
0.015520	2.280000	1.596000
0.015530	2.280000	1.596000
0.015540	2.280000	1.596000
0.015550	2.280000	1.596000
0.015560	2.280000	1.596000
0.015570	2.280000	1.596000
0.015580	2.280000	1.596400
0.015590	2.280000	1.596400
0.015600	2.280000	1.596000
0.015610	2.280000	1.596400
0.015620	2.280000	1.596400
0.015630	2.280000	1.596400
0.015640	2.280000	1.596400
0.015650	2.280000	1.596000
0.015660	2.280000	1.596400
0.015670	2.280000	1.596400
0.015680	2.280000	1.596400
0.015690	2.280000	1.596400
0.015700	2.280000	1.596400
0.015710	2.280000	1.596400
0.015720	2.280000	1.596000
0.015730	2.280000	1.596400
0.015740	2.280000	1.596400
0.015750	2.280000	1.596400
0.015760	2.280000	1.596000
0.015770	2.280000	1.596400
0.015780	2.280000	1.596400
0.015790	2.280000	1.596400
0.015800	2.280000	1.596400
0.015810	2.280000	1.596400
0.015820	2.280000	1.596400
0.015830	2.280000	1.596400
0.015840	2.280000	1.596400
0.015850	2.280000	1.596400
0.015860	2.280000	1.596400
0.015870	2.280000	1.596400
0.015880	2.280000	1.596400
0.015890	2.280000	1.596400
0.015900	2.280000	1.596400
0.015910	2.280000	1.596400
0.015920	2.280000	1.596400
0.015930	2.280000	1.596400
0.015940	2.280000	1.596400
0.015950	2.280000	1.596400
0.015960	2.280000	1.596400
0.015970	2.280000	1.596400
0.015980	2.280000	1.596400
0.015990	2.280000	1.596400
0.016000	2.280000	1.596400
0.016010	2.280000	1.596400
0.016020	2.280000	1.596400
0.016030	2.280000	1.596400
0.016040	2.280000	1.596400
0.016050	2.280000	1.596400
0.016060	2.280000	1.596400
0.016070	2.280000	1.596400
0.016080	2.280000	1.596400
0.016090	2.280000	1.596400
0.016100	2.280000	1.596400
0.016110	2.280000	1.596400
0.016120	2.280000	1.596400
0.016130	2.280000	1.596400
0.016140	2.280000	1.596400
0.016150	2.280000	1.596400
0.016160	2.280000	1.596400
0.016170	2.280000	1.596400
0.016180	2.280000	1.596400
0.016190	2.280000	1.596400
0.016200	2.280000	1.596400
0.016210	2.280000	1.596800
0.016220	2.280000	1.596800
0.016230	2.280000	1.596800
0.016240	2.280000	1.596400
0.016250	2.280000	1.596400
0.016260	2.280000	1.596800
0.016270	2.280000	1.596400
0.016280	2.280000	1.596400
0.016290	2.280000	1.596800
0.016300	2.280000	1.596800
0.016310	2.280000	1.596800
0.016320	2.280000	1.596800
0.016330	2.280000	1.596800
0.016340	2.280000	1.596800
0.016350	2.280000	1.596400
0.016360	2.280000	1.596800
0.016370	2.280000	1.596800
0.016380	2.280000	1.596800
0.016390	2.280000	1.596800
0.016400	2.280000	1.596800
0.016410	2.280000	1.596800
0.016420	2.280000	1.596800
0.016430	2.280000	1.596800
0.016440	2.280000	1.596800
0.016450	2.280000	1.596800
0.016460	2.280000	1.596800
0.016470	2.280000	1.596800
0.016480	2.280000	1.596800
0.016490	2.280000	1.596800
0.016500	2.280000	1.596800
0.016510	2.280000	1.596800
0.016520	2.280000	1.596800
0.016530	2.280000	1.596800
0.016540	2.280000	1.596800
0.016550	2.280000	1.596800
0.016560	2.280000	1.596800
0.016570	2.280000	1.596800
0.016580	2.280000	1.596800
0.016590	2.280000	1.596800
0.016600	2.280000	1.596800
0.016610	2.280000	1.596800
0.016620	2.280000	1.596800
0.016630	2.280000	1.596800
0.016640	2.280000	1.597200
0.016650	2.280000	1.596800
0.016660	2.280000	1.596800
0.016670	2.280000	1.596800
0.016680	2.280000	1.596800
0.016690	2.272000	1.596800
0.016700	2.280000	1.597200
0.016710	2.280000	1.596800
0.016720	2.280000	1.596800
0.016730	2.280000	1.596800
0.016740	2.280000	1.596800
0.016750	2.280000	1.596800
0.016760	2.280000	1.596800
0.016770	2.280000	1.596800
0.016780	2.280000	1.596800
0.016790	2.280000	1.596800
0.016800	2.280000	1.597200
0.016810	2.280000	1.596800
0.016820	2.280000	1.596800
0.016830	2.280000	1.596800
0.016840	2.280000	1.596800
0.016850	2.280000	1.597200
0.016860	2.280000	1.596800
0.016870	2.280000	1.596800
0.016880	2.280000	1.596800
0.016890	2.280000	1.596800
0.016900	2.280000	1.597200
0.016910	2.280000	1.596800
0.016920	2.280000	1.597200
0.016930	2.280000	1.596800
0.016940	2.280000	1.597200
0.016950	2.280000	1.597200
0.016960	2.280000	1.597200
0.016970	2.280000	1.596800
0.016980	2.280000	1.597200
0.016990	2.280000	1.596800
0.017000	2.280000	1.597200
0.017010	2.280000	1.597200
0.017020	2.280000	1.596800
0.017030	2.280000	1.597200
0.017040	2.280000	1.596800
0.017050	2.280000	1.596800
0.017060	2.280000	1.596800
0.017070	2.280000	1.596800
0.017080	2.280000	1.597200
0.017090	2.280000	1.596800
0.017100	2.280000	1.597200
0.017110	2.280000	1.597200
0.017120	2.280000	1.597200
0.017130	2.280000	1.597200
0.017140	2.280000	1.597200
0.017150	2.280000	1.597200
0.017160	2.280000	1.596800
0.017170	2.280000	1.597200
0.017180	2.280000	1.597200
0.017190	2.280000	1.597200
0.017200	2.280000	1.597200
0.017210	2.280000	1.596800
0.017220	2.280000	1.597200
0.017230	2.280000	1.596800
0.017240	2.280000	1.597200
0.017250	2.280000	1.597200
0.017260	2.280000	1.597200
0.017270	2.280000	1.596800
0.017280	2.280000	1.597200
0.017290	2.280000	1.597200
0.017300	2.280000	1.597200
0.017310	2.280000	1.597200
0.017320	2.280000	1.597200
0.017330	2.280000	1.597200
0.017340	2.280000	1.597200
0.017350	2.280000	1.597200
0.017360	2.280000	1.597200
0.017370	2.280000	1.597200
0.017380	2.280000	1.597200
0.017390	2.280000	1.597200
0.017400	2.280000	1.597200
0.017410	2.280000	1.597200
0.017420	2.280000	1.597200
0.017430	2.280000	1.597200
0.017440	2.280000	1.597200
0.017450	2.280000	1.597200
0.017460	2.280000	1.597200
0.017470	2.280000	1.597200
0.017480	2.280000	1.597200
0.017490	2.280000	1.597200
0.017500	2.280000	1.597200
0.017510	2.280000	1.597200
0.017520	2.280000	1.597200
0.017530	2.280000	1.597600
0.017540	2.280000	1.597200
0.017550	2.280000	1.597200
0.017560	2.280000	1.597200
0.017570	2.280000	1.597600
0.017580	2.280000	1.597200
0.017590	2.280000	1.597200
0.017600	2.280000	1.597200
0.017610	2.280000	1.597200
0.017620	2.280000	1.597200
0.017630	2.280000	1.597200
0.017640	2.280000	1.597200
0.017650	2.280000	1.597200
0.017660	2.280000	1.597200
0.017670	2.280000	1.597200
0.017680	2.280000	1.597600
0.017690	2.280000	1.597200
0.017700	2.280000	1.597200
0.017710	2.280000	1.597600
0.017720	2.280000	1.597200
0.017730	2.280000	1.597600
0.017740	2.280000	1.597200
0.017750	2.280000	1.597600
0.017760	2.280000	1.597200
0.017770	2.280000	1.597600
0.017780	2.280000	1.597600
0.017790	2.280000	1.597600
0.017800	2.280000	1.597600
0.017810	2.280000	1.597600
0.017820	2.280000	1.597600
0.017830	2.272000	1.597600
0.017840	2.280000	1.597200
0.017850	2.280000	1.597600
0.017860	2.280000	1.597600
0.017870	2.280000	1.597600
0.017880	2.280000	1.597600
0.017890	2.280000	1.597200
0.017900	2.280000	1.597200
0.017910	2.280000	1.597600
0.017920	2.280000	1.597200
0.017930	2.280000	1.597200
0.017940	2.280000	1.597600
0.017950	2.280000	1.597600
0.017960	2.280000	1.597600
0.017970	2.280000	1.597600
0.017980	2.280000	1.597200
0.017990	2.280000	1.597200
0.018000	2.280000	1.597600
0.018010	2.280000	1.597200
0.018020	2.280000	1.597600
0.018030	2.280000	1.597600
0.018040	2.280000	1.597600
0.018050	2.280000	1.597600
0.018060	2.280000	1.597600
0.018070	2.280000	1.597600
0.018080	2.280000	1.597600
0.018090	2.280000	1.597600
0.018100	2.280000	1.597200
0.018110	2.280000	1.597600
0.018120	2.280000	1.597600
0.018130	2.280000	1.597600
0.018140	2.280000	1.597600
0.018150	2.272000	1.597200
0.018160	2.280000	1.597600
0.018170	2.280000	1.597600
0.018180	2.280000	1.597600
0.018190	2.280000	1.597600
0.018200	2.280000	1.597600
0.018210	2.272000	1.597600
0.018220	2.272000	1.597600
0.018230	2.280000	1.597600
0.018240	2.280000	1.597600
0.018250	2.280000	1.597600
0.018260	2.280000	1.597600
0.018270	2.272000	1.597600
0.018280	2.280000	1.597600
0.018290	2.280000	1.597600
0.018300	2.280000	1.597600
0.018310	2.280000	1.597600
0.018320	2.280000	1.597600
0.018330	2.280000	1.597600
0.018340	2.280000	1.597600
0.018350	2.280000	1.597600
0.018360	1.808000	1.597600
0.018370	0.992000	1.598000
0.018380	0.992000	1.597600
0.018390	0.992000	1.597600
0.018400	0.992000	1.597600
0.018410	0.992000	1.597600
0.018420	0.992000	1.598000
0.018430	0.992000	1.598000
0.018440	0.992000	1.597600
0.018450	0.992000	1.598000
0.018460	0.992000	1.597600
0.018470	0.992000	1.598000
0.018480	0.992000	1.598000
0.018490	0.992000	1.598000
0.018500	0.992000	1.597600
0.018510	0.992000	1.598000
0.018520	0.992000	1.597600
0.018530	0.992000	1.598000
0.018540	0.992000	1.598000
0.018550	0.992000	1.598000
0.018560	0.992000	1.598000
0.018570	0.992000	1.597600
0.018580	0.992000	1.597600
0.018590	0.992000	1.597600
0.018600	0.992000	1.598000
0.018610	0.992000	1.598000
0.018620	0.992000	1.598000
0.018630	0.992000	1.598000
0.018640	0.992000	1.598000
0.018650	0.992000	1.597600
0.018660	0.992000	1.598000
0.018670	0.992000	1.598000
0.018680	0.992000	1.598000
0.018690	0.992000	1.598000
0.018700	0.992000	1.598000
0.018710	0.992000	1.598000
0.018720	0.992000	1.598000
0.018730	0.992000	1.598000
0.018740	0.992000	1.598000
0.018750	0.992000	1.598000
0.018760	0.992000	1.598000
0.018770	0.992000	1.598000
0.018780	0.992000	1.598000
0.018790	0.992000	1.598000
0.018800	0.992000	1.598000
0.018810	0.992000	1.598000
0.018820	0.992000	1.597600
0.018830	0.992000	1.598000
0.018840	0.992000	1.598000
0.018850	0.992000	1.598000
0.018860	0.992000	1.598000
0.018870	0.992000	1.598000
0.018880	0.992000	1.597600
0.018890	0.992000	1.598000
0.018900	0.992000	1.598000
0.018910	0.992000	1.597600
0.018920	0.992000	1.598000
0.018930	0.992000	1.598000
0.018940	0.992000	1.598000
0.018950	0.992000	1.598000
0.018960	0.992000	1.597600
0.018970	0.992000	1.597600
0.018980	0.992000	1.598000
0.018990	0.992000	1.598000
0.019000	0.992000	1.598000
0.019010	0.992000	1.598000
0.019020	0.992000	1.598000
0.019030	0.992000	1.598000
0.019040	0.992000	1.598000
0.019050	0.992000	1.598000
0.019060	0.992000	1.598000
0.019070	0.992000	1.598000
0.019080	0.992000	1.597600
0.019090	0.992000	1.598000
0.019100	0.992000	1.597600
0.019110	0.992000	1.597600
0.019120	0.992000	1.597600
0.019130	0.992000	1.598000
0.019140	0.992000	1.598000
0.019150	0.992000	1.598000
0.019160	0.992000	1.598000
0.019170	0.992000	1.597600
0.019180	0.992000	1.598000
0.019190	0.992000	1.597600
0.019200	0.992000	1.598000
0.019210	0.992000	1.597600
0.019220	0.992000	1.598000
0.019230	0.992000	1.598000
0.019240	0.992000	1.598000
0.019250	0.992000	1.598000
0.019260	0.992000	1.598000
0.019270	0.992000	1.598000
0.019280	0.992000	1.598000
0.019290	0.992000	1.598000
0.019300	0.992000	1.597600
0.019310	0.992000	1.597600
0.019320	0.992000	1.598000
0.019330	0.992000	1.597600
0.019340	0.992000	1.597600
0.019350	0.992000	1.598000
0.019360	0.992000	1.598000
0.019370	0.992000	1.598000
0.019380	0.992000	1.597600
0.019390	0.992000	1.597600
0.019400	0.992000	1.597600
0.019410	0.992000	1.597600
0.019420	0.992000	1.598000
0.019430	0.992000	1.597600
0.019440	0.992000	1.597600
0.019450	0.992000	1.598000
0.019460	0.992000	1.598000
0.019470	0.992000	1.597600
0.019480	0.992000	1.597600
0.019490	0.992000	1.598000
0.019500	0.992000	1.597600
0.019510	0.992000	1.598000
0.019520	0.992000	1.597600
0.019530	0.992000	1.597600
0.019540	0.992000	1.598000
0.019550	0.992000	1.597600
0.019560	0.992000	1.598000
0.019570	0.992000	1.597600
0.019580	0.992000	1.597600
0.019590	0.992000	1.597600
0.019600	0.992000	1.597600
0.019610	0.992000	1.597600
0.019620	0.992000	1.598000
0.019630	0.992000	1.597600
0.019640	0.992000	1.597600
0.019650	0.992000	1.597600
0.019660	0.992000	1.597600
0.019670	0.992000	1.597600
0.019680	0.992000	1.597600
0.019690	0.992000	1.597600
0.019700	0.992000	1.597600
0.019710	0.992000	1.597200
0.019720	0.992000	1.597600
0.019730	0.992000	1.597600
0.019740	0.992000	1.597600
0.019750	0.992000	1.597600
0.019760	0.992000	1.597600
0.019770	0.992000	1.597600
0.019780	0.992000	1.597600
0.019790	0.992000	1.597600
0.019800	0.992000	1.597600
0.019810	0.992000	1.597600
0.019820	0.992000	1.597600
0.019830	0.992000	1.597600
0.019840	0.992000	1.597600
0.019850	0.992000	1.597600
0.019860	0.992000	1.597600
0.019870	0.992000	1.597600
0.019880	0.992000	1.597600
0.019890	0.992000	1.597600
0.019900	0.992000	1.597600
0.019910	0.992000	1.597200
0.019920	0.992000	1.597600
0.019930	0.992000	1.597600
0.019940	0.992000	1.597600
0.019950	0.992000	1.597200
0.019960	0.992000	1.597600
0.019970	0.992000	1.597200
0.019980	0.992000	1.597200
0.019990	0.992000	1.597200
0.020000	0.992000	1.597200
0.020010	0.992000	1.597200
0.020020	0.992000	1.597200
0.020030	0.992000	1.597200
0.020040	0.992000	1.597200
0.020050	0.992000	1.597200
0.020060	0.992000	1.597200
0.020070	0.992000	1.597200
0.020080	0.992000	1.597200
0.020090	0.992000	1.597200
0.020100	0.992000	1.597200
0.020110	0.992000	1.596800
0.020120	0.992000	1.597200
0.020130	0.992000	1.597200
0.020140	0.992000	1.597200
0.020150	0.992000	1.597200
0.020160	0.992000	1.596800
0.020170	0.992000	1.596800
0.020180	0.992000	1.596800
0.020190	0.992000	1.596800
0.020200	0.992000	1.596800
0.020210	0.992000	1.596800
0.020220	0.992000	1.596800
0.020230	0.992000	1.596800
0.020240	0.992000	1.596400
0.020250	0.992000	1.596400
0.020260	0.992000	1.596400
0.020270	0.992000	1.596400
0.020280	0.992000	1.596400
0.020290	0.992000	1.596000
0.020300	0.992000	1.596000
0.020310	0.992000	1.596000
0.020320	0.992000	1.596000
0.020330	0.992000	1.596000
0.020340	0.992000	1.595600
0.020350	0.992000	1.595600
0.020360	0.992000	1.595600
0.020370	0.992000	1.595600
0.020380	0.992000	1.595200
0.020390	0.992000	1.595200
0.020400	0.992000	1.594800
0.020410	0.992000	1.594800
0.020420	0.992000	1.594800
0.020430	0.992000	1.594400
0.020440	0.992000	1.594400
0.020450	0.992000	1.594000
0.020460	0.992000	1.594000
0.020470	0.992000	1.593600
0.020480	0.992000	1.593600
0.020490	0.992000	1.593200
0.020500	0.992000	1.592800
0.020510	0.992000	1.592400
0.020520	0.992000	1.592000
0.020530	0.992000	1.591600
0.020540	0.992000	1.591200
0.020550	0.992000	1.590400
0.020560	0.992000	1.590400
0.020570	0.992000	1.590000
0.020580	0.992000	1.588800
0.020590	0.992000	1.588400
0.020600	0.992000	1.587600
0.020610	0.992000	1.586800
0.020620	0.992000	1.586000
0.020630	0.992000	1.584800
0.020640	0.992000	1.583600
0.020650	0.992000	1.582400
0.020660	0.992000	1.581200
0.020670	0.992000	1.579600
0.020680	0.992000	1.578400
0.020690	0.992000	1.576800
0.020700	0.992000	1.575600
0.020710	0.992000	1.574000
0.020720	0.992000	1.572400
0.020730	0.992000	1.570400
0.020740	0.992000	1.568800
0.020750	0.992000	1.567600
0.020760	0.992000	1.566000
0.020770	0.992000	1.564800
0.020780	0.992000	1.563200
0.020790	0.992000	1.562000
0.020800	0.992000	1.560800
0.020810	0.992000	1.559600
0.020820	0.992000	1.558800
0.020830	0.992000	1.558000
0.020840	0.992000	1.557200
0.020850	0.992000	1.556800
0.020860	0.992000	1.556400
0.020870	0.992000	1.556000
0.020880	0.992000	1.555600
0.020890	0.992000	1.555200
0.020900	0.992000	1.555200
0.020910	0.992000	1.555200
0.020920	0.992000	1.555200
0.020930	0.992000	1.554800
0.020940	0.992000	1.554800
0.020950	0.992000	1.554800
0.020960	0.992000	1.554800
0.020970	0.992000	1.554800
0.020980	0.992000	1.554800
0.020990	0.992000	1.554800
0.021000	0.992000	1.555200
0.021010	0.992000	1.555200
0.021020	0.992000	1.555200
0.021030	0.992000	1.555200
0.021040	0.992000	1.555200
0.021050	0.992000	1.555600
0.021060	0.992000	1.555600
0.021070	0.992000	1.555600
0.021080	0.992000	1.555600
0.021090	0.992000	1.555200
0.021100	0.992000	1.555600
0.021110	0.992000	1.555600
0.021120	0.992000	1.555600
0.021130	0.992000	1.556000
0.021140	0.992000	1.556000
0.021150	0.992000	1.556000
0.021160	0.992000	1.556400
0.021170	0.992000	1.556400
0.021180	0.992000	1.556400
0.021190	0.992000	1.556400
0.021200	0.992000	1.556400
0.021210	0.992000	1.556800
0.021220	0.992000	1.556800
0.021230	0.992000	1.556800
0.021240	0.992000	1.556800
0.021250	0.992000	1.556800
0.021260	0.992000	1.557200
0.021270	0.992000	1.557600
0.021280	0.992000	1.557600
0.021290	0.992000	1.557600
0.021300	0.992000	1.557600
0.021310	0.992000	1.558000
0.021320	0.992000	1.558000
0.021330	0.992000	1.558000
0.021340	0.992000	1.558000
0.021350	0.992000	1.558400
0.021360	0.992000	1.558400
0.021370	0.992000	1.558400
0.021380	0.992000	1.558400
0.021390	0.992000	1.558800
0.021400	0.992000	1.558800
0.021410	0.992000	1.558800
0.021420	0.992000	1.558800
0.021430	0.992000	1.559200
0.021440	0.992000	1.559200
0.021450	0.992000	1.559200
0.021460	0.992000	1.559600
0.021470	0.992000	1.559600
0.021480	0.992000	1.559600
0.021490	0.992000	1.560000
0.021500	0.992000	1.560000
0.021510	0.992000	1.560400
0.021520	0.992000	1.560400
0.021530	0.992000	1.560400
0.021540	0.992000	1.560800
0.021550	0.992000	1.560800
0.021560	0.992000	1.560800
0.021570	0.992000	1.560800
0.021580	0.992000	1.560800
0.021590	0.992000	1.560800
0.021600	0.992000	1.561200
0.021610	0.992000	1.561200
0.021620	0.992000	1.561200
0.021630	0.992000	1.561200
0.021640	0.992000	1.561600
0.021650	0.992000	1.561600
0.021660	0.992000	1.561600
0.021670	0.992000	1.562000
0.021680	0.992000	1.562000
0.021690	0.992000	1.562400
0.021700	0.992000	1.562400
0.021710	0.992000	1.562400
0.021720	0.992000	1.562400
0.021730	0.992000	1.562400
0.021740	0.992000	1.562800
0.021750	0.992000	1.562800
0.021760	0.992000	1.563200
0.021770	0.992000	1.563200
0.021780	0.992000	1.563200
0.021790	0.992000	1.563200
0.021800	0.992000	1.563200
0.021810	0.992000	1.563600
0.021820	0.992000	1.563600
0.021830	0.992000	1.563600
0.021840	0.992000	1.563600
0.021850	0.992000	1.564000
0.021860	0.992000	1.564000
0.021870	0.992000	1.564000
0.021880	0.992000	1.564400
0.021890	0.992000	1.564400
0.021900	0.992000	1.564400
0.021910	0.992000	1.564400
0.021920	0.992000	1.564800
0.021930	0.992000	1.564800
0.021940	0.992000	1.564800
0.021950	0.992000	1.565200
0.021960	0.992000	1.564800
0.021970	0.992000	1.565200
0.021980	0.992000	1.565200
0.021990	0.992000	1.565200
0.022000	0.992000	1.565200
0.022010	0.992000	1.565600
0.022020	0.992000	1.565600
0.022030	0.992000	1.565600
0.022040	0.992000	1.565600
0.022050	0.992000	1.566000
0.022060	0.992000	1.566000
0.022070	0.992000	1.566000
0.022080	0.992000	1.566000
0.022090	0.992000	1.566000
0.022100	0.992000	1.566400
0.022110	0.992000	1.566400
0.022120	0.992000	1.566400
0.022130	0.992000	1.566800
0.022140	0.992000	1.566800
0.022150	0.992000	1.566800
0.022160	0.992000	1.566800
0.022170	0.992000	1.567200
0.022180	0.992000	1.567200
0.022190	0.992000	1.567200
0.022200	0.992000	1.567200
0.022210	0.992000	1.567200
0.022220	0.992000	1.567600
0.022230	0.992000	1.567600
0.022240	0.992000	1.567600
0.022250	0.992000	1.568000
0.022260	0.992000	1.567600
0.022270	0.992000	1.568000
0.022280	0.992000	1.568000
0.022290	0.992000	1.568000
0.022300	0.992000	1.568400
0.022310	0.992000	1.568400
0.022320	0.992000	1.568400
0.022330	0.992000	1.568400
0.022340	0.992000	1.568400
0.022350	0.992000	1.568400
0.022360	0.992000	1.568800
0.022370	0.992000	1.568800
0.022380	0.992000	1.569200
0.022390	0.992000	1.569200
0.022400	0.992000	1.568800
0.022410	0.992000	1.569200
0.022420	0.992000	1.569200
0.022430	0.992000	1.569200
0.022440	0.992000	1.569600
0.022450	0.992000	1.569600
0.022460	0.992000	1.569600
0.022470	0.992000	1.569600
0.022480	0.992000	1.569600
0.022490	0.992000	1.569600
0.022500	0.992000	1.570000
0.022510	0.992000	1.570000
0.022520	0.992000	1.570000
0.022530	0.992000	1.570000
0.022540	0.992000	1.570400
0.022550	0.992000	1.570400
0.022560	0.992000	1.570400
0.022570	0.992000	1.570400
0.022580	0.992000	1.570400
0.022590	0.992000	1.570400
0.022600	0.992000	1.570800
0.022610	0.992000	1.570800
0.022620	0.992000	1.570800
0.022630	0.992000	1.571200
0.022640	0.992000	1.571200
0.022650	0.992000	1.571200
0.022660	0.992000	1.571200
0.022670	0.992000	1.571200
0.022680	0.992000	1.571600
0.022690	0.992000	1.571200
0.022700	0.992000	1.571600
0.022710	0.992000	1.571600
0.022720	0.992000	1.571600
0.022730	0.992000	1.571600
0.022740	0.992000	1.571600
0.022750	0.992000	1.572000
0.022760	0.992000	1.572000
0.022770	0.992000	1.572000
0.022780	0.992000	1.572000
0.022790	0.992000	1.572000
0.022800	0.992000	1.572000
0.022810	0.992000	1.572400
0.022820	0.992000	1.572400
0.022830	0.992000	1.572400
0.022840	0.992000	1.572800
0.022850	0.992000	1.572800
0.022860	0.992000	1.572800
0.022870	0.992000	1.572800
0.022880	0.992000	1.572800
0.022890	0.992000	1.572800
0.022900	0.992000	1.572800
0.022910	0.992000	1.573200
0.022920	0.992000	1.572800
0.022930	0.992000	1.573200
0.022940	0.992000	1.573200
0.022950	0.992000	1.573600
0.022960	0.992000	1.573600
0.022970	0.992000	1.573600
0.022980	0.992000	1.573600
0.022990	0.992000	1.573600
0.023000	0.992000	1.573600
0.023010	0.992000	1.574000
0.023020	0.992000	1.574000
0.023030	0.992000	1.574000
0.023040	0.992000	1.574000
0.023050	0.992000	1.574000
0.023060	0.992000	1.574000
0.023070	0.992000	1.574000
0.023080	0.992000	1.574000
0.023090	0.992000	1.574400
0.023100	0.992000	1.574000
0.023110	0.992000	1.574400
0.023120	0.992000	1.574400
0.023130	0.992000	1.574400
0.023140	0.992000	1.574400
0.023150	0.992000	1.574800
0.023160	0.992000	1.574800
0.023170	0.992000	1.574800
0.023180	0.992000	1.574800
0.023190	0.992000	1.574800
0.023200	0.992000	1.574800
0.023210	0.992000	1.575200
0.023220	0.992000	1.575200
0.023230	0.992000	1.575200
0.023240	0.992000	1.575200
0.023250	0.992000	1.575200
0.023260	0.992000	1.575200
0.023270	0.992000	1.575600
0.023280	0.992000	1.575600
0.023290	0.992000	1.575600
0.023300	0.992000	1.575600
0.023310	0.992000	1.575600
0.023320	0.992000	1.576000
0.023330	0.992000	1.576000
0.023340	0.992000	1.576000
0.023350	0.992000	1.576000
0.023360	0.992000	1.576000
0.023370	0.992000	1.576000
0.023380	0.992000	1.576000
0.023390	0.992000	1.576400
0.023400	0.992000	1.576400
0.023410	0.992000	1.576400
0.023420	0.992000	1.576400
0.023430	0.992000	1.576400
0.023440	0.992000	1.576400
0.023450	0.992000	1.576800
0.023460	0.992000	1.576800
0.023470	0.992000	1.576800
0.023480	0.992000	1.576800
0.023490	0.992000	1.576800
0.023500	0.992000	1.576800
0.023510	0.992000	1.576800
0.023520	0.992000	1.576800
0.023530	0.992000	1.576800
0.023540	0.992000	1.577200
0.023550	0.992000	1.576800
0.023560	0.992000	1.577200
0.023570	0.992000	1.577200
0.023580	0.992000	1.577200
0.023590	0.992000	1.577600
0.023600	0.992000	1.577600
0.023610	0.992000	1.577600
0.023620	0.992000	1.577600
0.023630	0.992000	1.577600
0.023640	0.992000	1.577600
0.023650	0.992000	1.577600
0.023660	0.992000	1.578000
0.023670	0.992000	1.577600
0.023680	0.992000	1.577600
0.023690	0.992000	1.578000
0.023700	0.992000	1.578000
0.023710	0.992000	1.578000
0.023720	0.992000	1.578400
0.023730	0.992000	1.578000
0.023740	0.992000	1.578400
0.023750	0.992000	1.578400
0.023760	0.992000	1.578400
0.023770	0.992000	1.578400
0.023780	0.992000	1.578400
0.023790	0.992000	1.578400
0.023800	0.992000	1.578400
0.023810	0.992000	1.578800
0.023820	0.992000	1.578800
0.023830	0.992000	1.578800
0.023840	0.992000	1.578800
0.023850	0.992000	1.578800
0.023860	0.992000	1.578800
0.023870	0.992000	1.578800
0.023880	0.992000	1.578800
0.023890	0.992000	1.579200
0.023900	0.992000	1.579200
0.023910	0.992000	1.579200
0.023920	0.992000	1.579200
0.023930	0.992000	1.578800
0.023940	0.992000	1.579200
0.023950	0.992000	1.579200
0.023960	0.992000	1.579600
0.023970	0.992000	1.579600
0.023980	0.992000	1.579600
0.023990	0.992000	1.579600
0.024000	0.992000	1.579600
0.024010	0.992000	1.579600
0.024020	0.992000	1.579600
0.024030	0.992000	1.580000
0.024040	0.992000	1.579600
0.024050	0.992000	1.580000
0.024060	0.992000	1.580000
0.024070	0.992000	1.580000
0.024080	0.992000	1.580000
0.024090	0.992000	1.580000
0.024100	0.992000	1.580400
0.024110	0.992000	1.580000
0.024120	0.992000	1.580400
0.024130	0.992000	1.580000
0.024140	0.992000	1.580400
0.024150	0.992000	1.580400
0.024160	0.992000	1.580400
0.024170	0.992000	1.580400
0.024180	0.992000	1.580400
0.024190	0.992000	1.580800
0.024200	0.992000	1.580800
0.024210	0.992000	1.580800
0.024220	0.992000	1.580800
0.024230	0.992000	1.580800
0.024240	0.992000	1.580800
0.024250	0.992000	1.580800
0.024260	0.992000	1.580800
0.024270	0.992000	1.580800
0.024280	0.992000	1.581200
0.024290	0.992000	1.581200
0.024300	0.992000	1.581200
0.024310	0.992000	1.581200
0.024320	0.992000	1.581200
0.024330	0.992000	1.581200
0.024340	0.992000	1.581200
0.024350	0.992000	1.581200
0.024360	0.992000	1.581200
0.024370	0.992000	1.581600
0.024380	0.992000	1.581600
0.024390	0.992000	1.581600
0.024400	0.992000	1.581600
0.024410	0.992000	1.581600
0.024420	0.992000	1.581600
0.024430	0.992000	1.581600
0.024440	0.992000	1.581600
0.024450	0.992000	1.581600
0.024460	0.992000	1.581600
0.024470	0.992000	1.582000
0.024480	0.992000	1.582000
0.024490	0.992000	1.582000
0.024500	0.992000	1.582000
0.024510	0.992000	1.582000
0.024520	0.992000	1.582000
0.024530	0.992000	1.582000
0.024540	0.992000	1.582000
0.024550	0.992000	1.582400
0.024560	0.992000	1.582400
0.024570	0.992000	1.582400
0.024580	0.992000	1.582400
0.024590	0.992000	1.582400
0.024600	0.992000	1.582400
0.024610	0.992000	1.582400
0.024620	0.992000	1.582800
0.024630	0.992000	1.582800
0.024640	0.992000	1.582800
0.024650	0.992000	1.582800
0.024660	0.992000	1.582800
0.024670	0.992000	1.582400
0.024680	0.992000	1.582800
0.024690	0.992000	1.582800
0.024700	0.992000	1.582800
0.024710	0.992000	1.582800
0.024720	0.992000	1.582800
0.024730	0.992000	1.582800
0.024740	0.992000	1.582800
0.024750	0.992000	1.583200
0.024760	0.992000	1.583200
0.024770	0.992000	1.583200
0.024780	0.992000	1.583200
0.024790	0.992000	1.583200
0.024800	0.992000	1.583200
0.024810	0.992000	1.583600
0.024820	0.992000	1.583600
0.024830	0.992000	1.583600
0.024840	0.992000	1.583600
0.024850	0.992000	1.583600
0.024860	0.992000	1.583600
0.024870	0.992000	1.583600
0.024880	0.992000	1.583600
0.024890	0.992000	1.583600
0.024900	0.992000	1.583600
0.024910	0.992000	1.583600
0.024920	0.992000	1.583600
0.024930	0.992000	1.583600
0.024940	0.992000	1.583600
0.024950	0.992000	1.584000
0.024960	0.992000	1.584000
0.024970	0.992000	1.584000
0.024980	0.992000	1.584000
0.024990	0.992000	1.584000
