Time - Plot 0	Amplitude - Plot 0	
0	-0.00678072	
1	-0.0194279	
2	-0.00840216	
3	-0.0418038	
4	-0.0126179	
5	-0.0148879	
6	-0.0268866	
7	-0.0220222	
8	-0.0152122	
9	-0.0226708	
10	-0.0242923	
11	-0.0165093	
12	-0.0268866	
13	-0.026238	
14	0.000677899	
15	-0.00872644	
16	-0.0314266	
17	-0.035318	
18	-0.0168336	
19	-0.00937502	
20	-0.0223465	
21	-0.0174822	
22	-0.0268866	
23	-0.0142393	
24	-0.0255894	
25	-0.0265623	
26	-0.0129422	
27	-0.0165093	
28	-0.0223465	
29	-0.0268866	
30	-0.028508	
31	-0.0135908	
32	-0.0278594	
33	-0.0145636	
34	-0.035318	
35	-0.0161851	
36	-0.0236437	
37	-0.0259137	
38	-0.0229951	
39	-0.0135908	
40	-0.0226708	
41	-0.0366152	
42	-0.0395338	
43	-0.0405066	
44	-0.0246165	
45	-0.0304537	
46	-0.0171579	
47	-0.0242923	
48	-0.0187794	
49	-0.0187794	
50	-0.0226708	
51	0.00229934	
52	-0.0187794	
53	-0.026238	
54	-0.0246165	
55	-0.0346695	
56	-0.0281837	
57	-0.00969931	
58	-0.0379123	
59	-0.0161851	
60	-0.0291566	
61	-0.021698	
62	-0.0126179	
63	-0.0278594	
64	-0.0301294	
65	-0.0392095	
66	-0.0210494	
67	-0.028508	
68	-0.0317509	
69	-0.0249408	
70	-0.0135908	
71	-0.0126179	
72	-0.023968	
73	-0.0191037	
74	-0.0398581	
75	-0.0135908	
76	-0.0184551	
77	-0.00937502	
78	-0.0158608	
79	-0.00386213	
80	-0.00580785	
81	-0.00872644	
82	-0.0197522	
83	-0.0249408	
84	-0.0165093	
85	-0.0226708	
86	-0.0294809	
87	-0.0246165	
88	-0.023968	
89	-0.0106722	
90	-0.0100236	
91	-0.0298051	
92	-0.0213737	
93	-0.0233194	
94	-0.0210494	
95	-0.0298051	
96	-0.0191037	
97	-0.0275351	
98	-0.00969931	
99	-0.0298051	
100	-0.00807787	
101	-0.026238	
102	-0.0204008	
103	-0.0197522	
104	-0.0126179	
105	-0.0122936	
106	-0.0275351	
107	-0.0431009	
108	-0.0336966	
109	-0.0405066	
110	-0.00775358	
111	-0.0191037	
112	-0.0311023	
113	-0.0236437	
114	-0.0379123	
115	-0.0178065	
116	-0.0210494	
117	-0.0268866	
118	-0.00872644	
119	-0.0362909	
120	-0.0291566	
121	-0.0174822	
122	-0.0294809	
123	-0.0171579	
124	-0.0255894	
125	-0.0152122	
126	-0.021698	
127	-0.0294809	
128	-0.0194279	
129	-0.0343452	
130	-0.0236437	
131	-0.0178065	
132	-0.0346695	
133	-0.0178065	
134	-0.0155365	
135	-0.0495867	
136	-0.0109965	
137	-0.0168336	
138	-0.026238	
139	-0.0298051	
140	-0.0165093	
141	-0.0178065	
142	-0.0311023	
143	-0.0207251	
144	-0.013915	
145	-0.0200765	
146	-0.0100236	
147	-0.0236437	
148	-0.0126179	
149	-0.0246165	
150	-0.0259137	
151	-0.0268866	
152	-0.0126179	
153	-0.0187794	
154	-0.0405066	
155	-0.0401824	
156	-0.0165093	
157	-0.0223465	
158	-0.0184551	
159	-0.0340209	
160	-0.0259137	
161	-0.0249408	
162	-0.0236437	
163	-0.0379123	
164	-0.0255894	
165	-0.0191037	
166	-0.0184551	
167	-0.021698	
168	-0.0145636	
169	-0.0242923	
170	-0.011645	
171	-0.0178065	
172	-0.0161851	
173	-0.0236437	
174	-0.0320752	
175	-0.00159211	
176	-0.0343452	
177	-0.0200765	
178	-0.0213737	
179	-0.0113207	
180	-0.0165093	
181	-0.0236437	
182	-0.026238	
183	-0.00386213	
184	-0.0246165	
185	-0.0340209	
186	-0.021698	
187	-0.021698	
188	-0.0171579	
189	-0.0184551	
190	-0.0207251	
191	-0.0194279	
192	-0.045371	
193	-0.0301294	
194	-0.0272108	
195	-0.0275351	
196	-0.0155365	
197	-0.0372638	
198	-0.013915	
199	-0.0165093	
200	-0.0252651	
201	-0.0142393	
202	-0.0119693	
203	-0.0288323	
204	-0.0129422	
205	-0.0220222	
206	-0.0145636	
207	-0.0268866	
208	-0.0255894	
209	-0.0148879	
210	-0.0106722	
211	-0.00580785	
212	-0.0148879	
213	-0.0320752	
214	-0.0204008	
215	-0.0148879	
216	-0.0281837	
217	-0.0233194	
218	-0.0197522	
219	-0.0317509	
220	-0.0207251	
221	-0.0204008	
222	-0.0301294	
223	-0.0259137	
224	-0.023968	
225	-0.0382366	
226	-0.00645643	
227	-0.0323994	
228	-0.0366152	
229	-0.0181308	
230	-0.0246165	
231	-0.0194279	
232	-0.0268866	
233	-0.0272108	
234	-0.0359666	
235	-0.0356423	
236	-0.021698	
237	-0.0447224	
238	-0.0197522	
239	-0.0152122	
240	-0.0165093	
241	-0.0155365	
242	-0.0294809	
243	-0.0226708	
244	-0.0317509	
245	-0.033048	
246	-0.0184551	
247	-0.028508	
248	-0.0288323	
249	-0.0336966	
250	-0.00872644	
251	-0.0246165	
252	-0.0161851	
253	-0.0252651	
254	-0.0268866	
255	-0.0181308	
256	-0.0171579	
257	-0.0184551	
258	-0.00937502	
259	-0.0259137	
260	-0.0268866	
261	-0.00483499	
262	-0.00872644	
263	-0.0132665	
264	-0.00775358	
265	-0.0272108	
266	-0.0356423	
267	-0.0226708	
268	-0.0388852	
269	-0.0233194	
270	-0.0142393	
271	-0.0197522	
272	-0.0220222	
273	-0.0278594	
274	-0.0220222	
275	-0.0100236	
276	-0.0242923	
277	-0.0437495	
278	-0.0126179	
279	-0.0171579	
280	-0.035318	
281	-0.0314266	
282	-0.0184551	
283	-0.0161851	
284	-0.0207251	
285	-0.0213737	
286	-0.0194279	
287	-0.0275351	
288	-0.0122936	
289	-0.0223465	
290	-0.0152122	
291	-0.0242923	
292	-0.028508	
293	-0.0317509	
294	-0.026238	
295	-0.0135908	
296	-0.0109965	
297	-0.0311023	
298	-0.0314266	
299	-0.0165093	
300	-0.0119693	
301	-0.023968	
302	-0.033048	
303	-0.023968	
304	-0.0119693	
305	-0.026238	
306	-0.0369395	
307	-0.00969931	
308	-0.030778	
309	-0.0174822	
310	-0.0191037	
311	-0.0148879	
312	-0.0421281	
313	-0.0210494	
314	-0.0210494	
315	-0.0129422	
316	-0.0204008	
317	-0.0148879	
318	-0.0246165	
319	-0.0301294	
320	-0.0359666	
321	-0.028508	
322	-0.0103479	
323	-0.0463438	
324	-0.0327237	
325	-0.0148879	
326	-0.0236437	
327	-0.0323994	
328	-0.0171579	
329	-0.00905073	
330	-0.021698	
331	-0.0142393	
332	-0.0207251	
333	-0.0265623	
334	-0.0272108	
335	-0.0168336	
336	-0.0268866	
337	-0.0421281	
338	-0.0197522	
339	-0.00840216	
340	-0.0200765	
341	-0.026238	
342	-0.0346695	
343	-0.0460195	
344	-0.0298051	
345	-0.0265623	
346	-0.0255894	
347	-0.0161851	
348	-0.0317509	
349	-0.0242923	
350	-0.0304537	
351	-0.0191037	
352	-0.0233194	
353	-0.0379123	
354	-0.0220222	
355	-0.0142393	
356	-0.0333723	
357	-0.0473167	
358	-0.0135908	
359	-0.0210494	
360	-0.0200765	
361	-0.0204008	
362	-0.0233194	
363	-0.0142393	
364	-0.0129422	
365	-0.0311023	
366	-0.00872644	
367	-0.0145636	
368	-0.0200765	
369	-0.0356423	
370	-0.0223465	
371	-0.00742929	
372	-0.0178065	
373	-0.0281837	
374	-0.0327237	
375	-0.0126179	
376	-0.0301294	
377	-0.00969931	
378	-0.00969931	
379	-0.0165093	
380	-0.0184551	
381	-0.0181308	
382	-0.013915	
383	-0.0314266	
384	-0.0369395	
385	-0.0109965	
386	-0.0194279	
387	-0.0200765	
388	-0.0229951	
389	-0.0275351	
390	-0.0155365	
391	-0.00678072	
392	-0.0168336	
393	-0.0294809	
394	-0.0126179	
395	-0.0158608	
396	-0.0178065	
397	-0.0152122	
398	-0.0174822	
399	-0.0233194	
400	-0.0171579	
401	-0.00775358	
402	-0.0197522	
403	-0.0178065	
404	-0.0132665	
405	-0.0268866	
406	-0.033048	
407	-0.0220222	
408	-0.0252651	
409	-0.0204008	
410	-0.0129422	
411	-0.0165093	
412	-0.0142393	
413	-0.0278594	
414	-0.047641	
415	-0.0106722	
416	-0.0242923	
417	-0.0398581	
418	-0.0320752	
419	-0.0184551	
420	-0.0252651	
421	-0.00969931	
422	-0.0265623	
423	-0.0168336	
424	-0.026238	
425	-0.0265623	
426	-0.0281837	
427	-0.0272108	
428	-0.0181308	
429	-0.0223465	
430	-0.0311023	
431	-0.0278594	
432	-0.0249408	
433	-0.0320752	
434	-0.0155365	
435	-0.026238	
436	-0.0152122	
437	-0.0398581	
438	-0.0311023	
439	-0.0236437	
440	-0.0207251	
441	-0.0304537	
442	-0.0229951	
443	-0.023968	
444	-0.0197522	
445	-0.0207251	
446	-0.0174822	
447	-0.0171579	
448	-0.0220222	
449	-0.0122936	
450	-0.0181308	
451	-0.0236437	
452	-0.0158608	
453	-0.0314266	
454	-0.0311023	
455	-0.0288323	
456	-0.0272108	
457	-0.0226708	
458	-0.0142393	
459	-0.0113207	
460	-0.0207251	
461	-0.0161851	
462	-0.0174822	
463	-0.0109965	
464	-0.00515928	
465	-0.0145636	
466	-0.00905073	
467	-0.0249408	
468	-0.0252651	
469	-0.0298051	
470	-0.0106722	
471	-0.0259137	
472	-0.0298051	
473	-0.0226708	
474	-0.0291566	
475	-0.00483499	
476	-0.0327237	
477	-0.00840216	
478	0.000353611	
479	-0.0220222	
480	0.00651508	
481	-0.0113207	
482	-0.013915	
483	-0.0443981	
484	-0.0421281	
485	-0.0223465	
486	-0.00807787	
487	-0.0207251	
488	-0.00386213	
489	-0.0392095	
490	-0.0281837	
491	-0.0132665	
492	-0.021698	
493	-0.0148879	
494	-0.0191037	
495	-0.0174822	
496	-0.033048	
497	-0.0320752	
498	-0.0122936	
499	-0.0252651	
500	-0.00710501	
501	-0.0398581	
502	-0.00418642	
503	-0.023968	
504	-0.0246165	
505	-0.0288323	
506	-0.0213737	
507	-0.0132665	
508	-0.0414795	
509	-0.0148879	
510	-0.0207251	
511	-0.0191037	
512	-0.0226708	
513	-0.0207251	
514	-0.0200765	
515	0.00165076	
516	-0.0210494	
517	-0.0210494	
518	-0.0210494	
519	-0.00321355	
520	-0.0229951	
521	-0.0252651	
522	-0.0113207	
523	-0.0184551	
524	-0.0291566	
525	-0.0207251	
526	-0.0336966	
527	-0.0158608	
528	-0.0165093	
529	-0.0178065	
530	-0.0168336	
531	-0.0158608	
532	-0.00872644	
533	-0.0359666	
534	-0.00256498	
535	-0.0152122	
536	-0.0255894	
537	-0.028508	
538	-0.0106722	
539	-0.0268866	
540	-0.0158608	
541	-0.035318	
542	-0.0343452	
543	-0.0259137	
544	-0.0168336	
545	-0.0119693	
546	-0.00872644	
547	-0.0181308	
548	-0.021698	
549	-0.0294809	
550	-0.0288323	
551	-0.0294809	
552	-0.033048	
553	-0.0148879	
554	-0.0194279	
555	-0.0268866	
556	-0.0204008	
557	-0.0197522	
558	-0.0294809	
559	2.93236E-5	
560	-0.0191037	
561	-0.0272108	
562	-0.0366152	
563	-0.0236437	
564	-0.0197522	
565	-0.0103479	
566	-0.0213737	
567	-0.0268866	
568	-0.0343452	
569	-0.0210494	
570	-0.0252651	
571	-0.0304537	
572	-0.0174822	
573	-0.0281837	
574	-0.0242923	
575	-0.0113207	
576	-0.0226708	
577	-0.0204008	
578	-0.00969931	
579	-0.0129422	
580	-0.0191037	
581	-0.00969931	
582	-0.0132665	
583	-0.00321355	
584	0.00262363	
585	-0.00548357	
586	-0.023968	
587	-0.0242923	
588	-0.0174822	
589	-0.0191037	
590	-0.0168336	
591	-0.0492624	
592	-0.0294809	
593	-0.0288323	
594	-0.0220222	
595	-0.0265623	
596	-0.0265623	
597	-0.0259137	
598	-0.0135908	
599	-0.0045107	
600	-0.0304537	
601	-0.00775358	
602	-0.023968	
603	-0.0301294	
604	-0.00775358	
605	-0.0294809	
606	-0.00224069	
607	-0.0184551	
608	-0.0298051	
609	-0.0249408	
610	-0.0246165	
611	-0.0145636	
612	-0.0268866	
613	-0.0294809	
614	-0.0265623	
615	-0.0242923	
616	-0.0278594	
617	-0.0194279	
618	-0.0275351	
619	-0.0333723	
620	-0.021698	
621	-0.0255894	
622	-0.0213737	
623	-0.0223465	
624	-0.047641	
625	-0.0226708	
626	-0.037588	
627	-0.0255894	
628	-0.0165093	
629	-0.0220222	
630	-0.0265623	
631	-0.0148879	
632	-0.0181308	
633	-0.00969931	
634	-0.00807787	
635	-0.0379123	
636	-0.0349937	
637	-0.0327237	
638	-0.0155365	
639	-0.0317509	
640	-0.013915	
641	-0.0304537	
642	-0.0275351	
643	-0.0191037	
644	-0.0158608	
645	-0.00937502	
646	-0.0106722	
647	-0.0421281	
648	-0.0278594	
649	-0.0327237	
650	-0.0411552	
651	-0.0223465	
652	-0.0213737	
653	-0.0194279	
654	-0.0126179	
655	-0.0132665	
656	-0.0317509	
657	-0.0246165	
658	-0.021698	
659	-0.030778	
660	-0.00872644	
661	-0.00321355	
662	-0.0155365	
663	-0.0132665	
664	-0.0132665	
665	-0.0369395	
666	-0.0210494	
667	-0.0272108	
668	-0.0213737	
669	-0.0191037	
670	-0.0317509	
671	-0.0336966	
672	-0.0187794	
673	-0.0346695	
674	-0.0265623	
675	-0.0207251	
676	-0.00840216	
677	-0.0323994	
678	-0.023968	
679	-0.0236437	
680	-0.0197522	
681	-0.0165093	
682	-0.0259137	
683	-0.0181308	
684	-0.00742929	
685	-0.0226708	
686	-0.021698	
687	-0.0145636	
688	-0.0333723	
689	-0.0249408	
690	-0.0220222	
691	-0.0281837	
692	-0.0242923	
693	-0.028508	
694	-0.0388852	
695	-0.0171579	
696	-0.0109965	
697	-0.026238	
698	-0.0395338	
699	-0.00969931	
700	-0.0100236	
701	-0.0119693	
702	-0.0187794	
703	-0.0191037	
704	-0.0168336	
705	-0.0207251	
706	-0.021698	
707	-0.0109965	
708	-0.0226708	
709	-0.0122936	
710	-0.0129422	
711	-0.0395338	
712	-0.0291566	
713	-0.0255894	
714	-0.0152122	
715	-0.0301294	
716	-0.0252651	
717	-0.0418038	
718	-0.0184551	
719	-0.0161851	
720	-0.0200765	
721	-0.0200765	
722	-0.0249408	
723	-0.0207251	
724	-0.0142393	
725	-0.0281837	
726	-0.0252651	
727	-0.0401824	
728	-0.0249408	
729	-0.0236437	
730	-0.0187794	
731	-0.0158608	
732	-0.0152122	
733	-0.0333723	
734	-0.0349937	
735	-0.0148879	
736	-0.021698	
737	-0.0122936	
738	-0.0220222	
739	-0.028508	
740	-0.0181308	
741	-0.0233194	
742	-0.037588	
743	-0.0204008	
744	-0.0242923	
745	-0.0178065	
746	-0.0385609	
747	-0.0191037	
748	-0.0320752	
749	-0.0178065	
750	-0.0178065	
751	-0.000294964	
752	-0.0129422	
753	-0.0288323	
754	-0.0362909	
755	-0.0152122	
756	-0.0356423	
757	-0.037588	
758	-0.00224069	
759	-0.035318	
760	-0.0155365	
761	-0.028508	
762	-0.0314266	
763	-0.0392095	
764	-0.0184551	
765	-0.0272108	
766	-0.0340209	
767	-0.0100236	
768	-0.0204008	
769	-0.028508	
770	-0.0252651	
771	-0.0226708	
772	-0.0281837	
773	-0.0408309	
774	-0.0142393	
775	-0.0268866	
776	-0.0165093	
777	-0.00613214	
778	-0.0278594	
779	-0.0233194	
780	-0.0207251	
781	-0.00840216	
782	-0.0165093	
783	-0.0236437	
784	-0.0152122	
785	-0.00580785	
786	-0.00288927	
787	-0.0223465	
788	-0.0333723	
789	-0.0119693	
790	-0.033048	
791	-0.0294809	
792	-0.0191037	
793	-0.030778	
794	-0.0265623	
795	-0.00775358	
796	-0.0207251	
797	-0.0456952	
798	-0.023968	
799	-0.0340209	
800	-0.0281837	
801	-0.0366152	
802	-0.0187794	
803	-0.0204008	
804	-0.0174822	
805	-0.0210494	
806	-0.0148879	
807	-0.0220222	
808	-0.0184551	
809	-0.0191037	
810	-0.0191037	
811	-0.0362909	
812	-0.0298051	
813	-0.0126179	
814	-0.033048	
815	-0.0210494	
816	-0.026238	
817	-0.0210494	
818	-0.0155365	
819	-0.0379123	
820	-0.0126179	
821	-0.0152122	
822	-0.00840216	
823	-0.0113207	
824	-0.0298051	
825	-0.0106722	
826	-0.0197522	
827	-0.033048	
828	-0.0126179	
829	-0.0142393	
830	-0.023968	
831	-0.0233194	
832	-0.0122936	
833	-0.0327237	
834	-0.0327237	
835	-0.00548357	
836	-0.0281837	
837	-0.0207251	
838	-0.0405066	
839	-0.00840216	
840	-0.0204008	
841	-0.0100236	
842	-0.023968	
843	-0.0327237	
844	-0.0249408	
845	-0.023968	
846	-0.0473167	
847	-0.0291566	
848	-0.037588	
849	-0.0210494	
850	-0.0236437	
851	-0.0346695	
852	-0.0158608	
853	-0.0255894	
854	-0.0346695	
855	-0.0385609	
856	-0.00126783	
857	-0.00515928	
858	-0.0178065	
859	-0.0178065	
860	-0.0333723	
861	-0.0126179	
862	-0.0210494	
863	-0.023968	
864	-0.0323994	
865	-0.0223465	
866	-0.0103479	
867	-0.0252651	
868	-0.0301294	
869	-0.035318	
870	-0.0242923	
871	-0.0301294	
872	-0.0362909	
873	-0.0340209	
874	-0.0204008	
875	-0.0161851	
876	-0.0317509	
877	-0.0142393	
878	-0.0294809	
879	-0.0194279	
880	-0.0343452	
881	-0.0129422	
882	-0.0265623	
883	-0.013915	
884	-0.0207251	
885	-0.00872644	
886	-0.00872644	
887	-0.0045107	
888	-0.0122936	
889	-0.0148879	
890	-0.0259137	
891	-0.0145636	
892	-0.021698	
893	-0.0450467	
894	-0.0184551	
895	-0.0265623	
896	-0.013915	
897	-0.0119693	
898	-0.00775358	
899	-0.0242923	
900	-0.0197522	
901	-0.0272108	
902	-0.0152122	
903	-0.0148879	
904	-0.0372638	
905	-0.0223465	
906	-0.00418642	
907	-0.0278594	
908	-0.0255894	
909	-0.0336966	
910	-0.0343452	
911	-0.030778	
912	-0.0106722	
913	-0.0223465	
914	-0.0333723	
915	-0.0311023	
916	-0.011645	
917	-0.0213737	
918	-0.0255894	
919	-0.0366152	
920	-0.0294809	
921	-0.00159211	
922	-0.00840216	
923	-0.0187794	
924	-0.0119693	
925	-0.0174822	
926	-0.00775358	
927	-0.0161851	
928	-0.030778	
929	-0.026238	
930	-0.0200765	
931	-0.0194279	
932	-0.0191037	
933	-0.0171579	
934	-0.00872644	
935	-0.0194279	
936	-0.0252651	
937	-0.0220222	
938	-0.0113207	
939	-0.0298051	
940	-0.0213737	
941	-0.0187794	
942	-0.00872644	
943	-0.021698	
944	-0.0187794	
945	-0.0223465	
946	-0.0320752	
947	-0.0242923	
948	-0.0122936	
949	-0.0142393	
950	-0.011645	
951	-0.0249408	
952	-0.0220222	
953	-0.00645643	
954	-0.0272108	
955	-0.0278594	
956	-0.0145636	
957	-0.00742929	
958	-0.0336966	
959	-0.0184551	
960	-0.0236437	
961	-0.0314266	
962	-0.0301294	
963	-0.0317509	
964	-0.021698	
965	-0.0233194	
966	-0.0210494	
967	-0.0311023	
968	-0.0165093	
969	-0.0129422	
970	-0.0372638	
971	-0.0336966	
972	-0.033048	
973	-0.0246165	
974	-0.0210494	
975	-0.0184551	
976	-0.035318	
977	-0.00937502	
978	-0.0346695	
979	-0.0191037	
980	-0.0272108	
981	-0.0213737	
982	-0.00353784	
983	-0.0281837	
984	-0.0191037	
985	-0.0369395	
986	-0.0369395	
987	-0.0126179	
988	-0.0249408	
989	-0.0288323	
990	-0.0155365	
991	-0.0204008	
992	-0.0317509	
993	-0.0100236	
994	-0.00775358	
995	-0.0252651	
996	-0.0298051	
997	-0.00386213	
998	-0.0434252	
999	-0.0113207	
1000	-0.00613214	
1001	-0.0298051	
1002	-0.0320752	
1003	-0.0197522	
1004	-0.0343452	
1005	-0.0288323	
1006	-0.0155365	
1007	-0.0126179	
1008	-0.0135908	
1009	-0.0268866	
1010	-0.0249408	
1011	-0.0301294	
1012	-0.0194279	
1013	-0.0311023	
1014	-0.0145636	
1015	-0.0178065	
1016	-0.0197522	
1017	-0.0165093	
1018	-0.00807787	
1019	-0.0213737	
1020	-0.0362909	
1021	-0.00710501	
1022	-0.023968	
1023	-0.0265623	
1024	-0.0272108	
1025	-0.0281837	
1026	-0.0340209	
1027	-0.00905073	
1028	-0.00126783	
1029	-0.0294809	
1030	-0.0226708	
1031	-0.0366152	
1032	-0.0233194	
1033	-0.0379123	
1034	-0.0200765	
1035	-0.0359666	
1036	-0.0129422	
1037	-0.0129422	
1038	-0.0207251	
1039	-0.0343452	
1040	-0.030778	
1041	-0.0359666	
1042	-0.0317509	
1043	-0.0129422	
1044	-0.0161851	
1045	-0.00321355	
1046	-0.0272108	
1047	-0.0220222	
1048	-0.0246165	
1049	-0.0194279	
1050	-0.000943539	
1051	-0.0281837	
1052	-0.0165093	
1053	-0.0336966	
1054	-0.0197522	
1055	-0.0213737	
1056	-0.0197522	
1057	-0.0385609	
1058	-0.0106722	
1059	-0.0181308	
1060	-0.0197522	
1061	-0.0210494	
1062	-0.0252651	
1063	-0.023968	
1064	-0.0268866	
1065	-0.0194279	
1066	-0.0181308	
1067	-0.0288323	
1068	-0.0268866	
1069	-0.021698	
1070	-0.0213737	
1071	-0.0314266	
1072	-0.0194279	
1073	-0.0281837	
1074	-0.0148879	
1075	-0.00840216	
1076	-0.0366152	
1077	-0.0145636	
1078	-0.0045107	
1079	-0.0408309	
1080	-0.0268866	
1081	-0.0184551	
1082	-0.00807787	
1083	-0.0161851	
1084	-0.0191037	
1085	-0.0327237	
1086	-0.0242923	
1087	-0.00353784	
1088	-0.0255894	
1089	-0.0268866	
1090	-0.0174822	
1091	-0.0340209	
1092	-0.0197522	
1093	-0.0298051	
1094	-0.0119693	
1095	-0.0233194	
1096	-0.00840216	
1097	-0.0233194	
1098	-0.00515928	
1099	-0.0178065	
1100	-0.0278594	
1101	-0.0197522	
1102	-0.0242923	
1103	-0.0294809	
1104	-0.0145636	
1105	-0.00937502	
1106	-0.0194279	
1107	-0.0184551	
1108	-0.0268866	
1109	-0.0126179	
1110	-0.0291566	
1111	-0.028508	
1112	-0.00710501	
1113	-0.011645	
1114	-0.0346695	
1115	-0.0220222	
1116	-0.0197522	
1117	-0.0165093	
1118	-0.0152122	
1119	-0.0327237	
1120	-0.0233194	
1121	-0.0366152	
1122	-0.0268866	
1123	-0.0135908	
1124	-0.0233194	
1125	-0.0161851	
1126	-0.0249408	
1127	-0.0233194	
1128	-0.000294964	
1129	-0.0174822	
1130	-0.0187794	
1131	-0.0229951	
1132	-0.0197522	
1133	-0.0142393	
1134	-0.0252651	
1135	-0.0184551	
1136	-0.0204008	
1137	-0.021698	
1138	-0.0268866	
1139	-0.0272108	
1140	-0.00937502	
1141	-0.0340209	
1142	-0.0155365	
1143	-0.0178065	
1144	-0.0142393	
1145	-0.0103479	
1146	-0.0236437	
1147	-0.0191037	
1148	-0.0362909	
1149	-0.0122936	
1150	-0.0204008	
1151	-0.0294809	
1152	-0.0229951	
1153	-0.0181308	
1154	-0.0171579	
1155	-0.023968	
1156	-0.0161851	
1157	-0.0229951	
1158	-0.0359666	
1159	-0.0366152	
1160	-0.00969931	
1161	-0.0304537	
1162	-0.054451	
1163	-0.0242923	
1164	-0.0333723	
1165	0.00197505	
1166	-0.0145636	
1167	-0.0129422	
1168	-0.0142393	
1169	-0.0369395	
1170	-0.0103479	
1171	-0.0249408	
1172	-0.0226708	
1173	-0.0184551	
1174	-0.0275351	
1175	-0.0194279	
1176	-0.0197522	
1177	-0.0252651	
1178	-0.0200765	
1179	-0.023968	
1180	-0.00645643	
1181	-0.0194279	
1182	-0.0129422	
1183	-0.0314266	
1184	-0.0320752	
1185	-0.0304537	
1186	-0.0226708	
1187	-0.0242923	
1188	-0.00905073	
1189	-0.0304537	
1190	-0.0148879	
1191	-0.0132665	
1192	-0.0152122	
1193	-0.00580785	
1194	-0.0236437	
1195	-0.0388852	
1196	-0.0440738	
1197	-0.0223465	
1198	-0.0197522	
1199	-0.0142393	
1200	-0.0142393	
1201	-0.00710501	
1202	-0.0113207	
1203	-0.021698	
1204	-0.0236437	
1205	-0.0246165	
1206	-0.0333723	
1207	-0.0165093	
1208	-0.0301294	
1209	-0.0165093	
1210	-0.0301294	
1211	-0.0226708	
1212	-0.0242923	
1213	-0.0210494	
1214	-0.0226708	
1215	-0.0233194	
1216	-0.0171579	
1217	-0.0213737	
1218	-0.0106722	
1219	-0.0210494	
1220	-0.033048	
1221	-0.0200765	
1222	-0.00710501	
1223	-0.0249408	
1224	-0.0320752	
1225	-0.0246165	
1226	-0.0119693	
1227	-0.0213737	
1228	-0.0362909	
1229	-0.0191037	
1230	-0.0152122	
1231	-0.0158608	
1232	-0.00710501	
1233	-0.0135908	
1234	-0.0291566	
1235	-0.0171579	
1236	-0.026238	
1237	-0.0210494	
1238	-0.0200765	
1239	-0.0200765	
1240	-0.0242923	
1241	-0.0178065	
1242	-0.0233194	
1243	-0.00288927	
1244	-0.00321355	
1245	-0.0252651	
1246	-0.0340209	
1247	-0.0223465	
1248	-0.0165093	
1249	-0.0152122	
1250	-0.0427767	
1251	-0.021698	
1252	2.93236E-5	
1253	-0.00645643	
1254	-0.0174822	
1255	-0.0197522	
1256	-0.0242923	
1257	-0.0265623	
1258	-0.00840216	
1259	-0.028508	
1260	-0.0126179	
1261	-0.0200765	
1262	-0.0181308	
1263	-0.00710501	
1264	-0.0233194	
1265	-0.0291566	
1266	-0.023968	
1267	-0.0447224	
1268	-0.0414795	
1269	-0.0255894	
1270	-0.0434252	
1271	-0.0197522	
1272	-0.0122936	
1273	-0.0268866	
1274	-0.0233194	
1275	-0.0252651	
1276	-0.0106722	
1277	-0.0298051	
1278	-0.00969931	
1279	-0.0320752	
1280	-0.0197522	
1281	-0.0320752	
1282	-0.0200765	
1283	-0.0184551	
1284	-0.0194279	
1285	-0.0223465	
1286	-0.0314266	
1287	-0.0278594	
1288	-0.0268866	
1289	-0.0142393	
1290	-0.0272108	
1291	-0.00321355	
1292	-0.0281837	
1293	-0.0155365	
1294	-0.0249408	
1295	-0.0174822	
1296	-0.00515928	
1297	-0.0246165	
1298	-0.0304537	
1299	-0.0268866	
1300	-0.0268866	
1301	-0.0187794	
1302	-0.037588	
1303	-0.0191037	
1304	-0.00872644	
1305	-0.0349937	
1306	-0.0187794	
1307	-0.0132665	
1308	-0.0194279	
1309	-0.0229951	
1310	-0.023968	
1311	-0.0200765	
1312	-0.0226708	
1313	-0.0259137	
1314	-0.0171579	
1315	-0.0191037	
1316	-0.0327237	
1317	-0.0323994	
1318	-0.0207251	
1319	-0.0184551	
1320	-0.0165093	
1321	-0.0187794	
1322	-0.0236437	
1323	-0.013915	
1324	-0.0171579	
1325	-0.00872644	
1326	-0.0236437	
1327	-0.00872644	
1328	-0.0135908	
1329	-0.0106722	
1330	-0.0109965	
1331	-0.0174822	
1332	-0.0171579	
1333	-0.0194279	
1334	-0.0191037	
1335	-0.0421281	
1336	-0.0294809	
1337	-0.0366152	
1338	-0.0304537	
1339	-0.0103479	
1340	-0.0246165	
1341	-0.0398581	
1342	-0.0272108	
1343	-0.0242923	
1344	-0.0233194	
1345	-0.0323994	
1346	-0.0207251	
1347	-0.0184551	
1348	-0.0275351	
1349	-0.0204008	
1350	-0.0226708	
1351	-0.0184551	
1352	-0.0275351	
1353	-0.0268866	
1354	-0.013915	
1355	-0.0145636	
1356	-0.0249408	
1357	-0.0194279	
1358	-0.0268866	
1359	-0.0148879	
1360	-0.0336966	
1361	-0.0223465	
1362	-0.0119693	
1363	-0.0369395	
1364	-0.0171579	
1365	-0.0223465	
1366	-0.011645	
1367	-0.0126179	
1368	-0.0236437	
1369	-0.0165093	
1370	-0.0229951	
1371	-0.0226708	
1372	0.00359649	
1373	-0.0145636	
1374	-0.0178065	
1375	-0.0259137	
1376	-0.023968	
1377	-0.0119693	
1378	-0.0320752	
1379	-0.0204008	
1380	-0.0249408	
1381	-0.0174822	
1382	-0.0320752	
1383	-0.0132665	
1384	-0.0197522	
1385	-0.0298051	
1386	-0.0122936	
1387	-0.0171579	
1388	-0.0252651	
1389	-0.0398581	
1390	-0.0275351	
1391	-0.0109965	
1392	-0.0165093	
1393	-0.0327237	
1394	-0.0191037	
1395	-0.0158608	
1396	-0.0184551	
1397	-0.0207251	
1398	-0.0229951	
1399	-0.0223465	
1400	-0.00418642	
1401	-0.0142393	
1402	-0.0165093	
1403	-0.00969931	
1404	-0.0362909	
1405	-0.013915	
1406	-0.00872644	
1407	-0.0229951	
1408	-0.0165093	
1409	-0.0135908	
1410	-0.0233194	
1411	-0.00969931	
1412	-0.0401824	
1413	-0.013915	
1414	-0.035318	
1415	-0.00742929	
1416	-0.0148879	
1417	-0.0281837	
1418	-0.00288927	
1419	-0.0249408	
1420	-0.0291566	
1421	-0.011645	
1422	-0.0265623	
1423	-0.0126179	
1424	-0.0210494	
1425	-0.0184551	
1426	-0.0229951	
1427	-0.0161851	
1428	-0.0100236	
1429	-0.0148879	
1430	-0.021698	
1431	-0.0229951	
1432	-0.0275351	
1433	-0.0161851	
1434	-0.021698	
1435	-0.0197522	
1436	-0.030778	
1437	-0.0142393	
1438	-0.0272108	
1439	-0.0155365	
1440	-0.030778	
1441	-0.0281837	
1442	-0.0278594	
1443	-0.0187794	
1444	-0.0259137	
1445	-0.0181308	
1446	-0.028508	
1447	-0.00872644	
1448	-0.0129422	
1449	-0.0255894	
1450	-0.00288927	
1451	-0.0236437	
1452	-0.0191037	
1453	-0.0126179	
1454	-0.0158608	
1455	-0.0181308	
1456	-0.0184551	
1457	-0.0333723	
1458	-0.035318	
1459	-0.0191037	
1460	-0.0178065	
1461	-0.00288927	
1462	-0.0171579	
1463	-0.0301294	
1464	-0.0268866	
1465	-0.0398581	
1466	-0.0194279	
1467	-0.0259137	
1468	-0.00386213	
1469	-0.0259137	
1470	-0.0165093	
1471	-0.0246165	
1472	-0.0236437	
1473	-0.0171579	
1474	-0.0106722	
1475	-0.0291566	
1476	-0.0252651	
1477	-0.0288323	
1478	-0.0291566	
1479	-0.0369395	
1480	-0.0272108	
1481	-0.013915	
1482	-0.026238	
1483	-0.0278594	
1484	-0.0246165	
1485	-0.0122936	
1486	-0.013915	
1487	-0.0401824	
1488	-0.0320752	
1489	-0.0372638	
1490	-0.0327237	
1491	-0.0220222	
1492	-0.0229951	
1493	-0.0486138	
1494	-0.0362909	
1495	-0.0252651	
1496	-0.023968	
1497	-0.0265623	
1498	-0.0311023	
1499	-0.0200765	
1500	-0.0204008	
1501	-0.0272108	
1502	-0.00905073	
1503	-0.0191037	
1504	-0.0382366	
1505	-0.0249408	
1506	-0.0275351	
1507	-0.0304537	
1508	-0.0197522	
1509	-0.021698	
1510	-0.0272108	
1511	-0.0233194	
1512	-0.0220222	
1513	-0.0349937	
1514	-0.0272108	
1515	-0.0213737	
1516	-0.0223465	
1517	-0.0294809	
1518	-0.0184551	
1519	-0.0152122	
1520	-0.0233194	
1521	-0.0226708	
1522	-0.0223465	
1523	-0.0181308	
1524	-0.0255894	
1525	-0.023968	
1526	-0.0220222	
1527	-0.0207251	
1528	-0.0155365	
1529	-0.0200765	
1530	-0.045371	
1531	-0.0223465	
1532	-0.0210494	
1533	-0.0145636	
1534	-0.0255894	
1535	-0.0184551	
1536	-0.0278594	
1537	-0.0220222	
1538	-0.0382366	
1539	-0.0184551	
1540	-0.0252651	
1541	-0.0301294	
1542	-0.0171579	
1543	-0.0161851	
1544	-0.0242923	
1545	-0.0184551	
1546	-0.0314266	
1547	-0.026238	
1548	-0.0171579	
1549	-0.0242923	
1550	-0.0229951	
1551	-0.0204008	
1552	-0.00775358	
1553	-0.00353784	
1554	-0.0184551	
1555	-0.0220222	
1556	-0.0226708	
1557	-0.0191037	
1558	-0.0100236	
1559	-0.0213737	
1560	-0.0242923	
1561	-0.026238	
1562	-0.0152122	
1563	-0.0366152	
1564	-0.0298051	
1565	-0.0242923	
1566	-0.0158608	
1567	-0.0304537	
1568	-0.0126179	
1569	-0.0103479	
1570	-0.0385609	
1571	-0.0152122	
1572	-0.0291566	
1573	-0.035318	
1574	-0.037588	
1575	-0.0113207	
1576	-0.0242923	
1577	-0.0249408	
1578	-0.0236437	
1579	-0.00969931	
1580	-0.0275351	
1581	-0.0197522	
1582	-0.0372638	
1583	-0.00613214	
1584	-0.0242923	
1585	-0.0278594	
1586	-0.0275351	
1587	-0.00807787	
1588	-0.0255894	
1589	-0.0281837	
1590	-0.0291566	
1591	-0.0204008	
1592	-0.0161851	
1593	-0.0275351	
1594	-0.0129422	
