0.000000	5.200000	1.619200
0.000400	5.200000	1.618800
0.000800	5.200000	1.618800
0.001200	5.280000	1.618800
0.001600	5.280000	1.618800
0.002000	5.280000	1.618800
0.002400	5.280000	1.618800
0.002800	5.200000	1.618800
0.003200	5.280000	1.618800
0.003600	5.280000	1.618800
0.004000	5.280000	1.618400
0.004400	5.280000	1.618400
0.004800	5.280000	1.619200
0.005200	5.280000	1.619200
0.005600	5.360000	1.618800
0.006000	5.360000	1.618800
0.006400	5.360000	1.618800
0.006800	5.360000	1.618400
0.007200	5.360000	1.618400
0.007600	5.360000	1.618800
0.008000	5.360000	1.618800
0.008400	5.360000	1.618400
0.008800	5.360000	1.619200
0.009200	5.360000	1.618800
0.009600	5.360000	1.618400
0.010000	5.360000	1.618400
0.010400	5.360000	1.618800
0.010800	5.360000	1.618800
0.011200	5.360000	1.619200
0.011600	5.360000	1.618800
0.012000	5.360000	1.619200
0.012400	5.360000	1.619200
0.012800	5.360000	1.618400
0.013200	5.360000	1.618800
0.013600	5.360000	1.618800
0.014000	5.440000	1.618800
0.014400	5.440000	1.618400
0.014800	5.440000	1.619200
0.015200	5.360000	1.618400
0.015600	5.440000	1.618800
0.016000	5.440000	1.618800
0.016400	5.440000	1.618400
0.016800	5.440000	1.619200
0.017200	5.440000	1.618400
0.017600	5.440000	1.618800
0.018000	5.440000	1.618400
0.018400	5.440000	1.618800
0.018800	5.440000	1.618800
0.019200	2.480000	1.619200
0.019600	-3.360000	1.618400
0.020000	-6.240000	1.618400
0.020400	-6.080000	1.618400
0.020800	-6.000000	1.618000
0.021200	-5.920000	1.614800
0.021600	-5.840000	1.599200
0.022000	-5.840000	1.579200
0.022400	-5.760000	1.570800
0.022800	-5.680000	1.575200
0.023200	-5.680000	1.579600
0.023600	-5.600000	1.582800
0.024000	-5.600000	1.586000
0.024400	-5.520000	1.588800
0.024800	-5.520000	1.590800
0.025200	-5.520000	1.593600
0.025600	-5.520000	1.595200
0.026000	-5.440000	1.597200
0.026400	-5.440000	1.598400
0.026800	-5.440000	1.600400
0.027200	-5.440000	1.601600
0.027600	-5.440000	1.602800
0.028000	-5.440000	1.603600
0.028400	-5.360000	1.605200
0.028800	-5.360000	1.605600
0.029200	-5.360000	1.606400
0.029600	-5.360000	1.607600
0.030000	-5.360000	1.607600
0.030400	-5.360000	1.608800
0.030800	-5.360000	1.609200
0.031200	-5.280000	1.610400
0.031600	-5.280000	1.611200
0.032000	-5.280000	1.611200
0.032400	-5.280000	1.611600
0.032800	-5.280000	1.612000
0.033200	-5.280000	1.612800
0.033600	-5.280000	1.613200
0.034000	-5.280000	1.613200
0.034400	-5.280000	1.614000
0.034800	-5.280000	1.614000
0.035200	-5.280000	1.614400
0.035600	-5.280000	1.614800
0.036000	-5.280000	1.615200
0.036400	-5.280000	1.615600
0.036800	-5.280000	1.615600
0.037200	-5.280000	1.616000
0.037600	-5.280000	1.615600
0.038000	-5.280000	1.616400
0.038400	-5.280000	1.616400
0.038800	-5.200000	1.616400
0.039200	-5.280000	1.616800
0.039600	-5.200000	1.616800
0.040000	-5.200000	1.616800
0.040400	-5.200000	1.617600
0.040800	-5.200000	1.616800
0.041200	-5.200000	1.617200
0.041600	-5.200000	1.617200
0.042000	-5.200000	1.617200
0.042400	-5.200000	1.617600
0.042800	-5.200000	1.617600
0.043200	-5.120000	1.617600
0.043600	-5.120000	1.617200
0.044000	-5.120000	1.617600
0.044400	-5.120000	1.618000
0.044800	-5.120000	1.618400
0.045200	-5.120000	1.618000
0.045600	-5.120000	1.618000
0.046000	-5.120000	1.618000
0.046400	-5.120000	1.618400
0.046800	-5.120000	1.619200
0.047200	-5.120000	1.618400
0.047600	-5.120000	1.618800
0.048000	-5.120000	1.619200
0.048400	-5.120000	1.618000
0.048800	-5.120000	1.618400
0.049200	-5.120000	1.618400
0.049600	-5.040000	1.618800
0.050000	-5.120000	1.618800
0.050400	-5.120000	1.618800
0.050800	-5.120000	1.618800
0.051200	-5.120000	1.618400
0.051600	-5.040000	1.619200
0.052000	-5.120000	1.618400
0.052400	-5.120000	1.618800
0.052800	-5.040000	1.618400
0.053200	-5.040000	1.618400
0.053600	-5.120000	1.619200
0.054000	-5.040000	1.619200
0.054400	-5.040000	1.619200
0.054800	-5.040000	1.618800
0.055200	-5.040000	1.618800
0.055600	-5.040000	1.619200
0.056000	-5.040000	1.619200
0.056400	-5.040000	1.618800
0.056800	-5.040000	1.618800
0.057200	-5.040000	1.619200
0.057600	-4.960000	1.619200
0.058000	-5.040000	1.619200
0.058400	-4.960000	1.619200
0.058800	-4.960000	1.618800
0.059200	-4.960000	1.618800
0.059600	-4.960000	1.618800
0.060000	-4.960000	1.618800
0.060400	-4.960000	1.619200
0.060800	-4.960000	1.619600
0.061200	-4.960000	1.619200
0.061600	-4.960000	1.619200
0.062000	-4.960000	1.619200
0.062400	-4.960000	1.618800
0.062800	-4.960000	1.618800
0.063200	-4.960000	1.619600
0.063600	-4.960000	1.618800
0.064000	-4.960000	1.618800
0.064400	-4.960000	1.619200
0.064800	-4.960000	1.619200
0.065200	-4.960000	1.619600
0.065600	-4.960000	1.618800
0.066000	-4.960000	1.619200
0.066400	-4.960000	1.619200
0.066800	-4.960000	1.618800
0.067200	-4.880000	1.618400
0.067600	-4.880000	1.619200
0.068000	-4.960000	1.619200
0.068400	-4.880000	1.619200
0.068800	-4.880000	1.618800
0.069200	-4.880000	1.619600
0.069600	-4.880000	1.619200
0.070000	-4.880000	1.619200
0.070400	-4.880000	1.618800
0.070800	-4.880000	1.619600
0.071200	-4.880000	1.619200
0.071600	-4.800000	1.618800
0.072000	-4.880000	1.618800
0.072400	-4.800000	1.618800
0.072800	-4.880000	1.619200
0.073200	-4.800000	1.619200
0.073600	-4.880000	1.618800
0.074000	-4.800000	1.618800
0.074400	-4.800000	1.618800
0.074800	-4.800000	1.619200
0.075200	-4.800000	1.618800
0.075600	-4.800000	1.618800
0.076000	-4.800000	1.618800
0.076400	-4.800000	1.618800
0.076800	-4.800000	1.619200
0.077200	-4.800000	1.619200
0.077600	-4.800000	1.619200
0.078000	-4.800000	1.619200
0.078400	-4.800000	1.619200
0.078800	-4.800000	1.619200
0.079200	-4.800000	1.619200
0.079600	-4.800000	1.618400
0.080000	-4.800000	1.619200
0.080400	-4.800000	1.619200
0.080800	-4.720000	1.619200
0.081200	-4.720000	1.619200
0.081600	-4.800000	1.618800
0.082000	-4.800000	1.618800
0.082400	-4.720000	1.619200
0.082800	-4.720000	1.618800
0.083200	-4.720000	1.618400
0.083600	-4.720000	1.618800
0.084000	-4.720000	1.618400
0.084400	-4.720000	1.618000
0.084800	-4.720000	1.618400
0.085200	-4.720000	1.619200
0.085600	-4.640000	1.618400
0.086000	-4.640000	1.618400
0.086400	-4.720000	1.618800
0.086800	-4.640000	1.618400
0.087200	-4.640000	1.618800
0.087600	-4.640000	1.618400
0.088000	-4.720000	1.618400
0.088400	-4.720000	1.618800
0.088800	-4.640000	1.618800
0.089200	-4.720000	1.618800
0.089600	-4.640000	1.618800
0.090000	-4.640000	1.618400
0.090400	-4.640000	1.618000
0.090800	-4.640000	1.618800
0.091200	-4.640000	1.618400
0.091600	-4.640000	1.618800
0.092000	-4.640000	1.618800
0.092400	-4.640000	1.618400
0.092800	-4.640000	1.618400
0.093200	-4.560000	1.618800
0.093600	-4.560000	1.618800
0.094000	-4.640000	1.618800
0.094400	-4.560000	1.618000
0.094800	-4.560000	1.618400
0.095200	-4.560000	1.618000
0.095600	-4.560000	1.619200
0.096000	-4.560000	1.618400
0.096400	-4.560000	1.618800
0.096800	-4.560000	1.618400
0.097200	-4.560000	1.618400
0.097600	-4.560000	1.618000
0.098000	-4.560000	1.618000
0.098400	-4.560000	1.618000
0.098800	-4.480000	1.618400
0.099200	-4.560000	1.618400
0.099600	-4.560000	1.618000
0.100000	-4.560000	1.618400
0.100400	-4.560000	1.618000
0.100800	-4.480000	1.617600
0.101200	-4.480000	1.618000
0.101600	-4.560000	1.618000
0.102000	-4.560000	1.618400
0.102400	-4.480000	1.618400
0.102800	-4.480000	1.618000
0.103200	-4.480000	1.618000
0.103600	-4.480000	1.618000
0.104000	-4.480000	1.618000
0.104400	-4.480000	1.617600
0.104800	-4.480000	1.617600
0.105200	-4.480000	1.617600
0.105600	-4.480000	1.617200
0.106000	-4.480000	1.616800
0.106400	-4.480000	1.617200
0.106800	-4.480000	1.616800
0.107200	-4.480000	1.616400
0.107600	-4.400000	1.616800
0.108000	-4.480000	1.616400
0.108400	-4.400000	1.616400
0.108800	-4.400000	1.616400
0.109200	-4.400000	1.616400
0.109600	-4.400000	1.616400
0.110000	-4.400000	1.616400
0.110400	-4.400000	1.616800
0.110800	-4.400000	1.617200
0.111200	-4.400000	1.616800
0.111600	-4.400000	1.617200
0.112000	-4.400000	1.617200
0.112400	-4.400000	1.616800
0.112800	-4.400000	1.617600
0.113200	-4.400000	1.617200
0.113600	-4.320000	1.617600
0.114000	-4.320000	1.617600
0.114400	-4.400000	1.617600
0.114800	-4.400000	1.617600
0.115200	-4.320000	1.617600
0.115600	-4.400000	1.618000
0.116000	-4.320000	1.617600
0.116400	-4.320000	1.618000
0.116800	-4.320000	1.618000
0.117200	-4.320000	1.618000
0.117600	-4.320000	1.618000
0.118000	-4.320000	1.618000
0.118400	-4.320000	1.617600
0.118800	-4.320000	1.617600
0.119200	-4.320000	1.618000
0.119600	-4.320000	1.617600
0.120000	-4.320000	1.618000
0.120400	-4.240000	1.617600
0.120800	-4.320000	1.618000
0.121200	-4.240000	1.618000
0.121600	-4.240000	1.618000
0.122000	-4.240000	1.617600
0.122400	-4.240000	1.618000
0.122800	-4.240000	1.617600
0.123200	-4.240000	1.617600
0.123600	-4.240000	1.617600
0.124000	-4.240000	1.618000
0.124400	-4.240000	1.618000
0.124800	-4.240000	1.617600
0.125200	-4.240000	1.617200
0.125600	-4.240000	1.618000
0.126000	-4.240000	1.618000
0.126400	-4.240000	1.617600
0.126800	-4.240000	1.617600
0.127200	-4.240000	1.617600
0.127600	-4.240000	1.618000
0.128000	-4.240000	1.617600
0.128400	-4.240000	1.618000
0.128800	-4.240000	1.617600
0.129200	-4.240000	1.617600
0.129600	-4.160000	1.618400
0.130000	-4.160000	1.618400
0.130400	-4.160000	1.617600
0.130800	-4.160000	1.617600
0.131200	-4.160000	1.618000
0.131600	-4.160000	1.618000
0.132000	-4.160000	1.618000
0.132400	-4.160000	1.618000
0.132800	-4.160000	1.618000
0.133200	-4.160000	1.618000
0.133600	-4.080000	1.617600
0.134000	-4.080000	1.618000
0.134400	-4.080000	1.617600
0.134800	-4.160000	1.618000
0.135200	-4.080000	1.617600
0.135600	-4.080000	1.617600
0.136000	-4.080000	1.618000
0.136400	-4.080000	1.617600
0.136800	-4.080000	1.617600
0.137200	-4.080000	1.617600
0.137600	-4.080000	1.618000
0.138000	-4.080000	1.617600
0.138400	-4.080000	1.617600
0.138800	-4.080000	1.618000
0.139200	-4.080000	1.617600
0.139600	-4.080000	1.618400
0.140000	-4.080000	1.618000
0.140400	-4.080000	1.618400
0.140800	-4.080000	1.617600
0.141200	-4.080000	1.618000
0.141600	-4.080000	1.618000
0.142000	-4.080000	1.618000
0.142400	-4.000000	1.618000
0.142800	-4.000000	1.618400
0.143200	-4.080000	1.618000
0.143600	-4.000000	1.618000
0.144000	-4.000000	1.618400
0.144400	-4.000000	1.618000
0.144800	-4.000000	1.618400
0.145200	-4.000000	1.618000
0.145600	-4.000000	1.618000
0.146000	-4.000000	1.617600
0.146400	-4.000000	1.618000
0.146800	-4.000000	1.617600
0.147200	-4.000000	1.617600
0.147600	-4.000000	1.618000
0.148000	-4.000000	1.618000
0.148400	-3.920000	1.618000
0.148800	-3.920000	1.618000
0.149200	-3.920000	1.618000
0.149600	-3.920000	1.618000
0.150000	-3.920000	1.617600
0.150400	-3.920000	1.617200
0.150800	-3.920000	1.617600
0.151200	-3.920000	1.618000
0.151600	-3.920000	1.617600
0.152000	-3.920000	1.618000
0.152400	-3.920000	1.618800
0.152800	-3.920000	1.618000
0.153200	-3.920000	1.618000
0.153600	-3.920000	1.617600
0.154000	-3.920000	1.618000
0.154400	-3.920000	1.617600
0.154800	-3.920000	1.617600
0.155200	-3.920000	1.618000
0.155600	-3.920000	1.617600
0.156000	-3.920000	1.618000
0.156400	-3.920000	1.617600
0.156800	-3.920000	1.617600
0.157200	-3.920000	1.617200
0.157600	-3.840000	1.617600
0.158000	-3.920000	1.617200
0.158400	-3.840000	1.617200
0.158800	-3.840000	1.617600
0.159200	-3.840000	1.616800
0.159600	-3.840000	1.617600
0.160000	-3.840000	1.617200
0.160400	-3.840000	1.617600
0.160800	-3.840000	1.617200
0.161200	-3.840000	1.617200
0.161600	-3.760000	1.617200
0.162000	-3.840000	1.617200
0.162400	-3.760000	1.617600
0.162800	-3.760000	1.617200
0.163200	-3.760000	1.617600
0.163600	-3.760000	1.616800
0.164000	-3.760000	1.617600
0.164400	-3.760000	1.617200
0.164800	-3.760000	1.617600
0.165200	-3.760000	1.617600
0.165600	-3.760000	1.617600
0.166000	-3.760000	1.617200
0.166400	-3.760000	1.618000
0.166800	-3.760000	1.617600
0.167200	-3.760000	1.617200
0.167600	-3.760000	1.617200
0.168000	-3.760000	1.617600
0.168400	-3.760000	1.617200
0.168800	-3.760000	1.617600
0.169200	-3.760000	1.617200
0.169600	-3.760000	1.617600
0.170000	-3.680000	1.617200
0.170400	-3.680000	1.617200
0.170800	-3.680000	1.617200
0.171200	-3.680000	1.617200
0.171600	-3.680000	1.617600
0.172000	-3.680000	1.616800
0.172400	-3.680000	1.617200
0.172800	-3.680000	1.617600
0.173200	-3.680000	1.617200
0.173600	-3.680000	1.616800
0.174000	-3.680000	1.617200
0.174400	-3.680000	1.616800
0.174800	-3.680000	1.617600
0.175200	-3.680000	1.616800
0.175600	-3.680000	1.616800
0.176000	-3.680000	1.617200
0.176400	-3.680000	1.616800
0.176800	-3.680000	1.617200
0.177200	-3.680000	1.617600
0.177600	-3.680000	1.617200
0.178000	-3.600000	1.616800
0.178400	-3.680000	1.616800
0.178800	-3.680000	1.617600
0.179200	-3.680000	1.618000
0.179600	-3.600000	1.617200
0.180000	-3.600000	1.616800
0.180400	-3.600000	1.617200
0.180800	-3.600000	1.617200
0.181200	-3.600000	1.617600
0.181600	-3.600000	1.617600
0.182000	-3.600000	1.617200
0.182400	-3.600000	1.617600
0.182800	-3.600000	1.616800
0.183200	-3.600000	1.616800
0.183600	-3.600000	1.617600
0.184000	-3.600000	1.617200
0.184400	-3.600000	1.617600
0.184800	-3.520000	1.617600
0.185200	-3.600000	1.616800
0.185600	-3.520000	1.617200
0.186000	-3.520000	1.618000
0.186400	-3.520000	1.617200
0.186800	-3.520000	1.618000
0.187200	-3.520000	1.617200
0.187600	-3.520000	1.616800
0.188000	-3.520000	1.617600
0.188400	-3.520000	1.617600
0.188800	-3.520000	1.617600
0.189200	-3.520000	1.617200
0.189600	-3.520000	1.617200
0.190000	-3.520000	1.617600
0.190400	-3.520000	1.617600
0.190800	-3.520000	1.617600
0.191200	-3.440000	1.617600
0.191600	-3.520000	1.618000
0.192000	-3.520000	1.617200
0.192400	-3.440000	1.617600
0.192800	-3.440000	1.617200
0.193200	-3.440000	1.617200
0.193600	-3.520000	1.617200
0.194000	-3.440000	1.617200
0.194400	-3.440000	1.617200
0.194800	-3.440000	1.617200
0.195200	-3.440000	1.617200
0.195600	-3.440000	1.616800
0.196000	-3.440000	1.617200
0.196400	-3.440000	1.616800
0.196800	-3.440000	1.616400
0.197200	-3.440000	1.617200
0.197600	-3.440000	1.617200
0.198000	-3.440000	1.616800
0.198400	-3.360000	1.616800
0.198800	-3.440000	1.617200
0.199200	-3.360000	1.616800
0.199600	-3.360000	1.616800
0.200000	-3.360000	1.616800
0.200400	-3.360000	1.616800
0.200800	-3.360000	1.616400
0.201200	-3.360000	1.616800
0.201600	-3.360000	1.616800
0.202000	-3.360000	1.616800
0.202400	-3.360000	1.616400
0.202800	-3.360000	1.617200
0.203200	-3.360000	1.616800
0.203600	-3.360000	1.616800
0.204000	-3.360000	1.616800
0.204400	-3.360000	1.616400
0.204800	-3.360000	1.617200
0.205200	-3.360000	1.616400
0.205600	-3.360000	1.616400
0.206000	-3.360000	1.617200
0.206400	-3.280000	1.616400
0.206800	-3.360000	1.616800
0.207200	-3.280000	1.616400
0.207600	-3.360000	1.616800
0.208000	-3.360000	1.616800
0.208400	-3.280000	1.616400
0.208800	-3.280000	1.616800
0.209200	-3.280000	1.616400
0.209600	-3.280000	1.616000
0.210000	-3.280000	1.616000
0.210400	-3.280000	1.616400
0.210800	-3.280000	1.616800
0.211200	-3.280000	1.616000
0.211600	-3.280000	1.616400
0.212000	-3.200000	1.616400
0.212400	-3.200000	1.616400
0.212800	-3.200000	1.616000
0.213200	-3.200000	1.616400
0.213600	-3.200000	1.616800
0.214000	-3.200000	1.616400
0.214400	-3.200000	1.616400
0.214800	-3.200000	1.616000
0.215200	-3.200000	1.616400
0.215600	-3.200000	1.616400
0.216000	-3.200000	1.616400
0.216400	-3.200000	1.616000
0.216800	-3.200000	1.616400
0.217200	-3.200000	1.615600
0.217600	-3.200000	1.616000
0.218000	-3.200000	1.616400
0.218400	-3.200000	1.616400
0.218800	-3.200000	1.616400
0.219200	-3.200000	1.616000
0.219600	-3.200000	1.616000
0.220000	-3.120000	1.616800
0.220400	-3.200000	1.616400
0.220800	-3.200000	1.616000
0.221200	-3.200000	1.616400
0.221600	-3.120000	1.616400
0.222000	-3.120000	1.616000
0.222400	-3.120000	1.616400
0.222800	-3.120000	1.616400
0.223200	-3.120000	1.616400
0.223600	-3.120000	1.616400
0.224000	-3.120000	1.616000
0.224400	-3.120000	1.615600
0.224800	-3.120000	1.616000
0.225200	-3.120000	1.616400
0.225600	-3.040000	1.616400
0.226000	-3.040000	1.616000
0.226400	-3.040000	1.616000
0.226800	-3.040000	1.616000
0.227200	-3.040000	1.615600
0.227600	-3.040000	1.616400
0.228000	-3.040000	1.616400
0.228400	-3.040000	1.616000
0.228800	-3.040000	1.616400
0.229200	-3.040000	1.615600
0.229600	-3.040000	1.616400
0.230000	-3.040000	1.616000
0.230400	-3.040000	1.616000
0.230800	-3.040000	1.615600
0.231200	-3.040000	1.616800
0.231600	-3.040000	1.616000
0.232000	-3.040000	1.616000
0.232400	-3.040000	1.616000
0.232800	-3.040000	1.615600
0.233200	-3.040000	1.615600
0.233600	-3.040000	1.615200
0.234000	-3.040000	1.615200
0.234400	-2.960000	1.615200
0.234800	-2.960000	1.614800
0.235200	-3.040000	1.614400
0.235600	-2.960000	1.613600
0.236000	-2.960000	1.613600
0.236400	-2.960000	1.614000
0.236800	-2.960000	1.614400
0.237200	-2.960000	1.614000
0.237600	-2.960000	1.614400
0.238000	-2.960000	1.614800
0.238400	-2.960000	1.614800
0.238800	-2.960000	1.614400
0.239200	-2.960000	1.615200
0.239600	-2.960000	1.614800
0.240000	-2.880000	1.615200
0.240400	-2.960000	1.614800
0.240800	-2.880000	1.614800
0.241200	-2.880000	1.615200
0.241600	-2.960000	1.616000
0.242000	-2.880000	1.615200
0.242400	-2.880000	1.615200
0.242800	-2.880000	1.614800
0.243200	-2.880000	1.615200
0.243600	-2.880000	1.615600
0.244000	-2.880000	1.615600
0.244400	-2.880000	1.615600
0.244800	-2.880000	1.615600
0.245200	-2.880000	1.615600
0.245600	-2.880000	1.616000
0.246000	-2.880000	1.615600
0.246400	-2.880000	1.615600
0.246800	-2.880000	1.615600
0.247200	-2.880000	1.615600
0.247600	-2.880000	1.615200
0.248000	-2.880000	1.615600
0.248400	-2.880000	1.616000
0.248800	-2.800000	1.615200
0.249200	-2.800000	1.615600
0.249600	-2.880000	1.616000
0.250000	-2.800000	1.616000
0.250400	-2.800000	1.615600
0.250800	-2.800000	1.615600
0.251200	-2.800000	1.616000
0.251600	-2.800000	1.615200
0.252000	-2.800000	1.615600
0.252400	-2.800000	1.616000
0.252800	-2.800000	1.615600
0.253200	-2.800000	1.616400
0.253600	-2.800000	1.615600
0.254000	-2.720000	1.616400
0.254400	-2.800000	1.615600
0.254800	-2.720000	1.615600
0.255200	-2.720000	1.615600
0.255600	-2.800000	1.615600
0.256000	-2.720000	1.616000
0.256400	-2.720000	1.615600
0.256800	-2.720000	1.616000
0.257200	-2.720000	1.616000
0.257600	-2.720000	1.616000
0.258000	-2.720000	1.615600
0.258400	-2.720000	1.616000
0.258800	-2.720000	1.616000
0.259200	-2.720000	1.615600
0.259600	-2.720000	1.615600
0.260000	-2.720000	1.614800
0.260400	-2.720000	1.615200
0.260800	-2.720000	1.615600
0.261200	-2.720000	1.615600
0.261600	-2.720000	1.616000
0.262000	-2.640000	1.615200
0.262400	-2.640000	1.615200
0.262800	-2.640000	1.615600
0.263200	-2.640000	1.615200
0.263600	-2.640000	1.615200
0.264000	-2.640000	1.615600
0.264400	-2.640000	1.615200
0.264800	-2.640000	1.615600
0.265200	-2.640000	1.615200
0.265600	-2.640000	1.615200
0.266000	-2.640000	1.615200
0.266400	-2.640000	1.615200
0.266800	-2.640000	1.615600
0.267200	-2.640000	1.615600
0.267600	-2.640000	1.615600
0.268000	-2.640000	1.614800
0.268400	-2.560000	1.615600
0.268800	-2.640000	1.615600
0.269200	-2.640000	1.615200
0.269600	-2.640000	1.616000
0.270000	-2.560000	1.615200
0.270400	-2.560000	1.615600
0.270800	-2.560000	1.615200
0.271200	-2.560000	1.615600
0.271600	-2.560000	1.616000
0.272000	-2.560000	1.616000
0.272400	-2.560000	1.614800
0.272800	-2.560000	1.615600
0.273200	-2.560000	1.615600
0.273600	-2.560000	1.614800
0.274000	-2.560000	1.615600
0.274400	-2.560000	1.615600
0.274800	-2.560000	1.615600
0.275200	-2.480000	1.615200
0.275600	-2.480000	1.615200
0.276000	-2.480000	1.615200
0.276400	-2.480000	1.615200
0.276800	-2.480000	1.615200
0.277200	-2.480000	1.614800
0.277600	-2.480000	1.614800
0.278000	-2.480000	1.615200
0.278400	-2.480000	1.615200
0.278800	-2.480000	1.615200
0.279200	-2.480000	1.615200
0.279600	-2.480000	1.615200
0.280000	-2.480000	1.615200
0.280400	-2.480000	1.615200
0.280800	-2.480000	1.615200
0.281200	-2.480000	1.614800
0.281600	-2.480000	1.614800
0.282000	-2.480000	1.615200
0.282400	-2.480000	1.615200
0.282800	-2.480000	1.615200
0.283200	-2.480000	1.615200
0.283600	-2.400000	1.615600
0.284000	-2.400000	1.614800
0.284400	-2.400000	1.615200
0.284800	-2.400000	1.615200
0.285200	-2.400000	1.615600
0.285600	-2.400000	1.615200
0.286000	-2.400000	1.615600
0.286400	-2.400000	1.614800
0.286800	-2.400000	1.615200
0.287200	-2.400000	1.614800
0.287600	-2.400000	1.615200
0.288000	-2.400000	1.614800
0.288400	-2.400000	1.614800
0.288800	-2.400000	1.615200
0.289200	-2.320000	1.614800
0.289600	-2.320000	1.614800
0.290000	-2.320000	1.614400
0.290400	-2.320000	1.615200
0.290800	-2.320000	1.614800
0.291200	-2.320000	1.615200
0.291600	-2.320000	1.614800
0.292000	-2.320000	1.615200
0.292400	-2.320000	1.615200
0.292800	-2.320000	1.614800
0.293200	-2.320000	1.615200
0.293600	-2.320000	1.614800
0.294000	-2.320000	1.615200
0.294400	-2.320000	1.614800
0.294800	-2.320000	1.614800
0.295200	-2.320000	1.615200
0.295600	-2.320000	1.615200
0.296000	-2.320000	1.614800
0.296400	-2.320000	1.614800
0.296800	-2.320000	1.615200
0.297200	-2.320000	1.614400
0.297600	-2.320000	1.614400
0.298000	-2.320000	1.615200
0.298400	-2.320000	1.614400
0.298800	-2.320000	1.615200
0.299200	-2.240000	1.615200
0.299600	-2.240000	1.615200
0.300000	-2.240000	1.614400
0.300400	-2.240000	1.614800
0.300800	-2.240000	1.614400
0.301200	-2.240000	1.614400
0.301600	-2.240000	1.614800
0.302000	-2.240000	1.614800
0.302400	-2.240000	1.614800
0.302800	-2.240000	1.614400
0.303200	-2.240000	1.614400
0.303600	-2.240000	1.615200
0.304000	-2.160000	1.614400
0.304400	-2.160000	1.614400
0.304800	-2.160000	1.614400
0.305200	-2.240000	1.614800
0.305600	-2.240000	1.614800
0.306000	-2.160000	1.614400
0.306400	-2.160000	1.614400
0.306800	-2.160000	1.614400
0.307200	-2.160000	1.614400
0.307600	-2.160000	1.614400
0.308000	-2.160000	1.614800
0.308400	-2.160000	1.614800
0.308800	-2.160000	1.614800
0.309200	-2.160000	1.614000
0.309600	-2.160000	1.614400
0.310000	-2.160000	1.614400
0.310400	-2.160000	1.615200
0.310800	-2.160000	1.614800
0.311200	-2.160000	1.614400
0.311600	-2.160000	1.614800
0.312000	-2.160000	1.614800
0.312400	-2.160000	1.614000
0.312800	-2.080000	1.614400
0.313200	-2.080000	1.614400
0.313600	-2.080000	1.614000
0.314000	-2.080000	1.614800
0.314400	-2.080000	1.614400
0.314800	-2.080000	1.614800
0.315200	-2.080000	1.614400
0.315600	-2.080000	1.614400
0.316000	-2.080000	1.614400
0.316400	-2.080000	1.614400
0.316800	-2.080000	1.614000
0.317200	-2.080000	1.614800
0.317600	-2.000000	1.614000
0.318000	-2.000000	1.614400
0.318400	-2.080000	1.614400
0.318800	-2.000000	1.614800
0.319200	-2.000000	1.614400
0.319600	-2.000000	1.614400
0.320000	-2.000000	1.614800
0.320400	-2.000000	1.614800
0.320800	-2.000000	1.614800
0.321200	-2.000000	1.614400
0.321600	-2.000000	1.615200
0.322000	-2.000000	1.614800
0.322400	-2.000000	1.614800
0.322800	-2.000000	1.614400
0.323200	-2.000000	1.614400
0.323600	-2.000000	1.614800
0.324000	-2.000000	1.614000
0.324400	-2.000000	1.614800
0.324800	-2.000000	1.614400
0.325200	-2.000000	1.614400
0.325600	-2.000000	1.614800
0.326000	-1.920000	1.614000
0.326400	-2.000000	1.614800
0.326800	-2.000000	1.614000
0.327200	-2.000000	1.614400
0.327600	-1.920000	1.614000
0.328000	-1.920000	1.614400
0.328400	-1.920000	1.614000
0.328800	-1.920000	1.614400
0.329200	-1.920000	1.614400
0.329600	-1.920000	1.614400
0.330000	-1.920000	1.614400
0.330400	-1.920000	1.614000
0.330800	-1.920000	1.614800
0.331200	-1.920000	1.614400
0.331600	-1.920000	1.614400
0.332000	-1.920000	1.614000
0.332400	-1.840000	1.614400
0.332800	-1.840000	1.614000
0.333200	-1.920000	1.614400
0.333600	-1.920000	1.615200
0.334000	-1.840000	1.614400
0.334400	-1.840000	1.614400
0.334800	-1.840000	1.614800
0.335200	-1.840000	1.614000
0.335600	-1.840000	1.614400
0.336000	-1.840000	1.614000
0.336400	-1.840000	1.614400
0.336800	-1.840000	1.614000
0.337200	-1.840000	1.614000
0.337600	-1.840000	1.614000
0.338000	-1.840000	1.614400
0.338400	-1.840000	1.614400
0.338800	-1.840000	1.614800
0.339200	-1.840000	1.614400
0.339600	-1.760000	1.614400
0.340000	-1.840000	1.614000
0.340400	-1.760000	1.613600
0.340800	-1.760000	1.613600
0.341200	-1.760000	1.614000
0.341600	-1.760000	1.614000
0.342000	-1.760000	1.614400
0.342400	-1.760000	1.614000
0.342800	-1.760000	1.614400
0.343200	-1.760000	1.614000
0.343600	-1.760000	1.613600
0.344000	-1.760000	1.614000
0.344400	-1.760000	1.614000
0.344800	-1.680000	1.614000
0.345200	-1.760000	1.614400
0.345600	-1.760000	1.613600
0.346000	-1.680000	1.614000
0.346400	-1.680000	1.614400
0.346800	-1.760000	1.614000
0.347200	-1.760000	1.614400
0.347600	-1.680000	1.614000
0.348000	-1.680000	1.613600
0.348400	-1.680000	1.613600
0.348800	-1.680000	1.614000
0.349200	-1.680000	1.614400
0.349600	-1.680000	1.614400
0.350000	-1.680000	1.613200
0.350400	-1.680000	1.614000
0.350800	-1.680000	1.614000
0.351200	-1.680000	1.614000
0.351600	-1.680000	1.613600
0.352000	-1.680000	1.614000
0.352400	-1.600000	1.613600
0.352800	-1.600000	1.614000
0.353200	-1.600000	1.613600
0.353600	-1.600000	1.613600
0.354000	-1.600000	1.614000
0.354400	-1.600000	1.613600
0.354800	-1.600000	1.614400
0.355200	-1.600000	1.613200
0.355600	-1.600000	1.614400
0.356000	-1.600000	1.613600
0.356400	-1.600000	1.614000
0.356800	-1.600000	1.613600
0.357200	-1.600000	1.613600
0.357600	-1.600000	1.613600
0.358000	-1.600000	1.614000
0.358400	-1.600000	1.613600
0.358800	-1.600000	1.613600
0.359200	-1.600000	1.613600
0.359600	-1.600000	1.614000
0.360000	-1.600000	1.614000
0.360400	-1.600000	1.614000
0.360800	-1.600000	1.613600
0.361200	-1.600000	1.614000
0.361600	-1.600000	1.613600
0.362000	-1.600000	1.614000
0.362400	-1.520000	1.614400
0.362800	-1.520000	1.613600
0.363200	-1.520000	1.613600
0.363600	-1.520000	1.613600
0.364000	-1.520000	1.613600
0.364400	-1.520000	1.613600
0.364800	-1.520000	1.614000
0.365200	-1.520000	1.613600
0.365600	-1.520000	1.614400
0.366000	-1.520000	1.613600
0.366400	-1.520000	1.613200
0.366800	-1.520000	1.613600
0.367200	-1.440000	1.614000
0.367600	-1.440000	1.614000
0.368000	-1.440000	1.613600
0.368400	-1.440000	1.613600
0.368800	-1.440000	1.613200
0.369200	-1.440000	1.614000
0.369600	-1.440000	1.613600
0.370000	-1.440000	1.614000
0.370400	-1.440000	1.613600
0.370800	-1.440000	1.612800
0.371200	-1.440000	1.613600
0.371600	-1.440000	1.614000
0.372000	-1.440000	1.613200
0.372400	-1.360000	1.613200
0.372800	-1.440000	1.614000
0.373200	-1.440000	1.613600
0.373600	-1.440000	1.613600
0.374000	-1.440000	1.614400
0.374400	-1.440000	1.613200
0.374800	-1.440000	1.614000
0.375200	-1.440000	1.613600
0.375600	-1.360000	1.613600
0.376000	-1.440000	1.613600
0.376400	-1.440000	1.613600
0.376800	-1.360000	1.613600
0.377200	-1.360000	1.613600
0.377600	-1.360000	1.613600
0.378000	-1.360000	1.613200
0.378400	-1.360000	1.614000
0.378800	-1.360000	1.613600
0.379200	-1.360000	1.613600
0.379600	-1.360000	1.613200
0.380000	-1.360000	1.613200
0.380400	-1.360000	1.613200
0.380800	-1.280000	1.613200
0.381200	-1.280000	1.613600
0.381600	-1.280000	1.613200
0.382000	-1.280000	1.613200
0.382400	-1.280000	1.613200
0.382800	-1.280000	1.613200
0.383200	-1.280000	1.613600
0.383600	-1.280000	1.613200
0.384000	-1.280000	1.613600
0.384400	-1.280000	1.613200
0.384800	-1.280000	1.614000
0.385200	-1.280000	1.613600
0.385600	-1.280000	1.613200
0.386000	-1.280000	1.613600
0.386400	-1.280000	1.613200
0.386800	-1.280000	1.613600
0.387200	-1.280000	1.613600
0.387600	-1.280000	1.613200
0.388000	-1.200000	1.613200
0.388400	-1.280000	1.613600
0.388800	-1.280000	1.613600
0.389200	-1.280000	1.613200
0.389600	-1.200000	1.613200
0.390000	-1.280000	1.613200
0.390400	-1.200000	1.613600
0.390800	-1.200000	1.613200
0.391200	-1.200000	1.613200
0.391600	-1.200000	1.613200
0.392000	-1.200000	1.613200
0.392400	-1.200000	1.613200
0.392800	-1.200000	1.613600
0.393200	-1.200000	1.613200
0.393600	-1.200000	1.613200
0.394000	-1.120000	1.612800
0.394400	-1.120000	1.612800
0.394800	-1.120000	1.613200
0.395200	-1.120000	1.613200
0.395600	-1.120000	1.612800
0.396000	-1.120000	1.613600
0.396400	-1.120000	1.612800
0.396800	-1.120000	1.613200
0.397200	-1.120000	1.613200
0.397600	-1.120000	1.613200
0.398000	-1.120000	1.613200
0.398400	-1.120000	1.612800
0.398800	-1.120000	1.613200
0.399200	-1.120000	1.613200
0.399600	-1.120000	1.614000
0.400000	-1.120000	1.613200
0.400400	-1.120000	1.614000
0.400800	-1.120000	1.613200
0.401200	-1.120000	1.613600
0.401600	-1.120000	1.613600
0.402000	-1.120000	1.612800
0.402400	-1.120000	1.613600
0.402800	-1.120000	1.613200
0.403200	-1.120000	1.612800
0.403600	-1.040000	1.612800
0.404000	-1.040000	1.613200
0.404400	-1.120000	1.613200
0.404800	-1.040000	1.612800
0.405200	-1.040000	1.612800
0.405600	-1.040000	1.612800
0.406000	-1.040000	1.612800
0.406400	-1.040000	1.612800
0.406800	-1.040000	1.613600
0.407200	-1.040000	1.612800
0.407600	-1.040000	1.613200
0.408000	-0.960000	1.612800
0.408400	-0.960000	1.612800
0.408800	-0.960000	1.613200
0.409200	-1.040000	1.612800
0.409600	-0.960000	1.613200
0.410000	-0.960000	1.612800
0.410400	-0.960000	1.612800
0.410800	-0.960000	1.613200
0.411200	-1.040000	1.612800
0.411600	-0.960000	1.612800
0.412000	-0.960000	1.612800
0.412400	-0.960000	1.612800
0.412800	-0.960000	1.612800
0.413200	-0.960000	1.612800
0.413600	-0.960000	1.612800
0.414000	-0.960000	1.612800
0.414400	-0.960000	1.612400
0.414800	-0.960000	1.613200
0.415200	-0.960000	1.613200
0.415600	-0.960000	1.612800
0.416000	-0.960000	1.612400
0.416400	-0.960000	1.612400
0.416800	-0.960000	1.613200
0.417200	-0.960000	1.612800
0.417600	-0.960000	1.612400
0.418000	-0.960000	1.613200
0.418400	-0.960000	1.612800
0.418800	-0.880000	1.612400
0.419200	-0.960000	1.612800
0.419600	-0.880000	1.613200
0.420000	-0.880000	1.612800
0.420400	-0.880000	1.613600
0.420800	-0.880000	1.612800
0.421200	-0.880000	1.612400
0.421600	-0.880000	1.613200
0.422000	-0.880000	1.612400
0.422400	-0.880000	1.612800
0.422800	-0.880000	1.612800
0.423200	-0.800000	1.612800
0.423600	-0.800000	1.612800
0.424000	-0.880000	1.612800
0.424400	-0.880000	1.612800
0.424800	-0.800000	1.612400
0.425200	-0.800000	1.613200
0.425600	-0.800000	1.612800
0.426000	-0.800000	1.612800
0.426400	-0.800000	1.612400
0.426800	-0.800000	1.612400
0.427200	-0.800000	1.612800
0.427600	-0.800000	1.612800
0.428000	-0.800000	1.613200
0.428400	-0.800000	1.612000
0.428800	-0.800000	1.612400
0.429200	-0.800000	1.612400
0.429600	-0.800000	1.612400
0.430000	-0.800000	1.612800
0.430400	-0.800000	1.612800
0.430800	-0.720000	1.612400
0.431200	-0.720000	1.612400
0.431600	-0.720000	1.613200
0.432000	-0.720000	1.612000
0.432400	-0.720000	1.612800
0.432800	-0.720000	1.612800
0.433200	-0.720000	1.613200
0.433600	-0.720000	1.613200
0.434000	-0.720000	1.613600
0.434400	-0.720000	1.612400
0.434800	-0.720000	1.612400
0.435200	-0.720000	1.612400
0.435600	-0.720000	1.612800
0.436000	-0.720000	1.612800
0.436400	-0.720000	1.612000
0.436800	-0.720000	1.612800
0.437200	-0.720000	1.612800
0.437600	-0.720000	1.612400
0.438000	-0.640000	1.612800
0.438400	-0.720000	1.612400
0.438800	-0.720000	1.612800
0.439200	-0.720000	1.612400
0.439600	-0.640000	1.612400
0.440000	-0.640000	1.612800
0.440400	-0.640000	1.612400
0.440800	-0.640000	1.612800
0.441200	-0.640000	1.612000
0.441600	-0.640000	1.612800
0.442000	-0.640000	1.612400
0.442400	-0.640000	1.612400
0.442800	-0.560000	1.612400
0.443200	-0.640000	1.612400
0.443600	-0.640000	1.612400
0.444000	-0.640000	1.612400
0.444400	-0.640000	1.612800
0.444800	-0.560000	1.612800
0.445200	-0.560000	1.612800
0.445600	-0.560000	1.612400
0.446000	-0.560000	1.612400
0.446400	-0.560000	1.612000
0.446800	-0.560000	1.612400
0.447200	-0.560000	1.612800
0.447600	-0.560000	1.612400
0.448000	-0.560000	1.612400
0.448400	-0.560000	1.612000
0.448800	-0.560000	1.612400
0.449200	-0.560000	1.612800
0.449600	-0.560000	1.612800
0.450000	-0.560000	1.612400
0.450400	-0.560000	1.612400
0.450800	-0.560000	1.612000
0.451200	-0.560000	1.612000
0.451600	-0.560000	1.612400
0.452000	-0.560000	1.612800
0.452400	-0.560000	1.612800
0.452800	-0.560000	1.612400
0.453200	-0.480000	1.612800
0.453600	-0.560000	1.612400
0.454000	-0.480000	1.612000
0.454400	-0.480000	1.612400
0.454800	-0.480000	1.612400
0.455200	-0.480000	1.612400
0.455600	-0.480000	1.612400
0.456000	-0.480000	1.612000
0.456400	-0.480000	1.612400
0.456800	-0.480000	1.611600
0.457200	-0.480000	1.612000
0.457600	-0.480000	1.612000
0.458000	-0.400000	1.612000
0.458400	-0.400000	1.611600
0.458800	-0.400000	1.611600
0.459200	-0.400000	1.611600
0.459600	-0.400000	1.611200
0.460000	-0.400000	1.612400
0.460400	-0.400000	1.612400
0.460800	-0.400000	1.612000
0.461200	-0.400000	1.612000
0.461600	-0.400000	1.612000
0.462000	-0.400000	1.612000
0.462400	-0.400000	1.612000
0.462800	-0.400000	1.612400
0.463200	-0.400000	1.611600
0.463600	-0.400000	1.612000
0.464000	-0.400000	1.612000
0.464400	-0.400000	1.612000
0.464800	-0.400000	1.612000
0.465200	-0.400000	1.612000
0.465600	-0.400000	1.612000
0.466000	-0.400000	1.612000
0.466400	-0.400000	1.612000
0.466800	-0.320000	1.612000
0.467200	-0.400000	1.611200
0.467600	-0.320000	1.612000
0.468000	-0.320000	1.611200
0.468400	-0.320000	1.611600
0.468800	-0.320000	1.611600
0.469200	-0.320000	1.611600
0.469600	-0.320000	1.611600
0.470000	-0.320000	1.611200
0.470400	-0.320000	1.611200
0.470800	-0.320000	1.611200
0.471200	-0.320000	1.612000
0.471600	-0.240000	1.611200
0.472000	-0.320000	1.610800
0.472400	-0.320000	1.611200
0.472800	-0.240000	1.611200
0.473200	-0.240000	1.610800
0.473600	-0.240000	1.611600
0.474000	-0.240000	1.611200
0.474400	-0.240000	1.610800
0.474800	-0.240000	1.610000
0.475200	-0.240000	1.611200
0.475600	-0.240000	1.611200
0.476000	-0.240000	1.610800
0.476400	-0.240000	1.610800
0.476800	-0.240000	1.610000
0.477200	-0.240000	1.610800
0.477600	-0.240000	1.610800
0.478000	-0.240000	1.610800
0.478400	-0.240000	1.610000
0.478800	-0.240000	1.609600
0.479200	-0.240000	1.609600
0.479600	-0.240000	1.610400
0.480000	-0.240000	1.610000
0.480400	-0.240000	1.610400
0.480800	-0.240000	1.610000
0.481200	-0.160000	1.609600
0.481600	-0.240000	1.610000
0.482000	-0.160000	1.610000
0.482400	-0.160000	1.609600
0.482800	-0.160000	1.609200
0.483200	-0.160000	1.609600
0.483600	-0.160000	1.609200
0.484000	-0.160000	1.608800
0.484400	-0.160000	1.608800
0.484800	-0.160000	1.608800
0.485200	-0.160000	1.608800
0.485600	-0.080000	1.608400
0.486000	-0.080000	1.608400
0.486400	-0.080000	1.608400
0.486800	-0.080000	1.607600
0.487200	-0.080000	1.608000
0.487600	-0.080000	1.608000
0.488000	-0.080000	1.607200
0.488400	-0.080000	1.607200
0.488800	-0.080000	1.606800
0.489200	-0.080000	1.606800
0.489600	-0.080000	1.606000
0.490000	-0.080000	1.606000
0.490400	-0.080000	1.605600
0.490800	-0.080000	1.605200
0.491200	-0.080000	1.605200
0.491600	-0.080000	1.604000
0.492000	-0.080000	1.604000
0.492400	-0.080000	1.603200
0.492800	-0.080000	1.602800
0.493200	-0.080000	1.602400
0.493600	-0.080000	1.601600
0.494000	-0.080000	1.601200
0.494400	-0.080000	1.600800
0.494800	-0.080000	1.600000
0.495200	0.000000	1.599600
0.495600	0.000000	1.598400
0.496000	0.000000	1.598400
0.496400	0.000000	1.597200
0.496800	0.000000	1.596800
0.497200	0.000000	1.595600
0.497600	0.000000	1.595600
0.498000	0.000000	1.594400
0.498400	0.000000	1.593200
0.498800	0.000000	1.592400
0.499200	0.080000	1.591600
0.499600	0.080000	1.591200
0.500000	0.080000	1.590000
0.500400	0.080000	1.589600
0.500800	0.080000	1.588800
0.501200	0.080000	1.588400
0.501600	0.080000	1.587200
0.502000	0.080000	1.587200
0.502400	0.080000	1.586800
0.502800	0.080000	1.586400
0.503200	0.080000	1.586000
0.503600	0.080000	1.586000
0.504000	0.080000	1.586000
0.504400	0.080000	1.585600
0.504800	0.080000	1.586000
0.505200	0.080000	1.585600
0.505600	0.080000	1.585600
0.506000	0.080000	1.586000
0.506400	0.080000	1.586400
0.506800	0.080000	1.586800
0.507200	0.080000	1.587600
0.507600	0.080000	1.588400
0.508000	0.080000	1.588000
0.508400	0.080000	1.589600
0.508800	0.160000	1.589200
0.509200	0.080000	1.590400
0.509600	0.160000	1.590800
0.510000	0.160000	1.591600
0.510400	0.160000	1.592400
0.510800	0.160000	1.592800
0.511200	0.160000	1.594000
0.511600	0.160000	1.594400
0.512000	0.160000	1.594800
0.512400	0.160000	1.595600
0.512800	0.160000	1.596000
0.513200	0.240000	1.597600
0.513600	0.240000	1.596800
0.514000	0.240000	1.598000
0.514400	0.160000	1.598400
0.514800	0.160000	1.599200
0.515200	0.240000	1.599600
0.515600	0.240000	1.600000
0.516000	0.240000	1.600800
0.516400	0.240000	1.600800
0.516800	0.240000	1.601200
0.517200	0.240000	1.601600
0.517600	0.240000	1.601600
0.518000	0.240000	1.602000
0.518400	0.240000	1.602800
0.518800	0.240000	1.603200
0.519200	0.240000	1.603600
0.519600	0.240000	1.604400
0.520000	0.240000	1.604000
0.520400	0.240000	1.604400
0.520800	0.240000	1.604400
0.521200	0.320000	1.604800
0.521600	0.320000	1.604800
0.522000	0.320000	1.605200
0.522400	0.320000	1.605600
0.522800	0.320000	1.605600
0.523200	0.320000	1.605600
0.523600	0.320000	1.606000
0.524000	0.320000	1.606400
0.524400	0.320000	1.606800
0.524800	0.320000	1.606800
0.525200	0.320000	1.606800
0.525600	0.320000	1.606800
0.526000	0.320000	1.607600
0.526400	0.320000	1.607200
0.526800	0.320000	1.607600
0.527200	0.320000	1.607600
0.527600	0.320000	1.608000
0.528000	0.320000	1.608000
0.528400	0.400000	1.608400
0.528800	0.400000	1.608400
0.529200	0.320000	1.608000
0.529600	0.320000	1.608400
0.530000	0.400000	1.608400
0.530400	0.400000	1.608800
0.530800	0.400000	1.608800
0.531200	0.400000	1.608400
0.531600	0.400000	1.608800
0.532000	0.400000	1.608800
0.532400	0.400000	1.609200
0.532800	0.400000	1.609200
0.533200	0.400000	1.609200
0.533600	0.400000	1.609600
0.534000	0.400000	1.609600
0.534400	0.400000	1.609200
0.534800	0.400000	1.609600
0.535200	0.400000	1.609200
0.535600	0.400000	1.608800
0.536000	0.400000	1.610000
0.536400	0.480000	1.608800
0.536800	0.480000	1.610000
0.537200	0.480000	1.609600
0.537600	0.480000	1.610000
0.538000	0.480000	1.610400
0.538400	0.480000	1.609600
0.538800	0.480000	1.610000
0.539200	0.480000	1.610000
0.539600	0.480000	1.610000
0.540000	0.480000	1.610000
0.540400	0.480000	1.610400
0.540800	0.480000	1.610000
0.541200	0.480000	1.610000
0.541600	0.480000	1.610400
0.542000	0.480000	1.610400
0.542400	0.480000	1.610800
0.542800	0.480000	1.610400
0.543200	0.480000	1.610800
0.543600	0.480000	1.610800
0.544000	0.480000	1.610800
0.544400	0.480000	1.610800
0.544800	0.560000	1.610800
0.545200	0.560000	1.610800
0.545600	0.560000	1.610800
0.546000	0.560000	1.610400
0.546400	0.560000	1.610800
0.546800	0.560000	1.610800
0.547200	0.560000	1.610800
0.547600	0.560000	1.610400
0.548000	0.560000	1.611200
0.548400	0.560000	1.610400
0.548800	0.560000	1.611200
0.549200	0.560000	1.610800
0.549600	0.560000	1.610800
0.550000	0.640000	1.610800
0.550400	0.560000	1.611200
0.550800	0.640000	1.610800
0.551200	0.640000	1.611200
0.551600	0.640000	1.611200
0.552000	0.640000	1.610800
0.552400	0.560000	1.611600
0.552800	0.640000	1.611200
0.553200	0.640000	1.611200
0.553600	0.640000	1.611600
0.554000	0.640000	1.611200
0.554400	0.640000	1.611600
0.554800	0.640000	1.611200
0.555200	0.640000	1.611600
0.555600	0.640000	1.611600
0.556000	0.640000	1.611600
0.556400	0.640000	1.611200
0.556800	0.640000	1.611200
0.557200	0.640000	1.611200
0.557600	0.640000	1.611600
0.558000	0.720000	1.610800
0.558400	0.640000	1.611200
0.558800	0.720000	1.611200
0.559200	0.720000	1.611600
0.559600	0.720000	1.611200
0.560000	0.720000	1.610800
0.560400	0.720000	1.611600
0.560800	0.720000	1.611600
0.561200	0.720000	1.611600
0.561600	0.720000	1.611600
0.562000	0.720000	1.611600
0.562400	0.720000	1.611600
0.562800	0.720000	1.611200
0.563200	0.800000	1.611200
0.563600	0.800000	1.612000
0.564000	0.800000	1.611600
0.564400	0.800000	1.611600
0.564800	0.800000	1.611600
0.565200	0.800000	1.611600
0.565600	0.800000	1.611600
0.566000	0.800000	1.612400
0.566400	0.800000	1.612000
0.566800	0.800000	1.612000
0.567200	0.800000	1.612000
0.567600	0.800000	1.611600
0.568000	0.800000	1.611600
0.568400	0.800000	1.611600
0.568800	0.800000	1.611600
0.569200	0.800000	1.611600
0.569600	0.800000	1.612000
0.570000	0.800000	1.611600
0.570400	0.800000	1.612000
0.570800	0.800000	1.612000
0.571200	0.800000	1.611600
0.571600	0.800000	1.612000
0.572000	0.880000	1.612000
0.572400	0.880000	1.611200
0.572800	0.880000	1.611600
0.573200	0.880000	1.611600
0.573600	0.880000	1.611200
0.574000	0.880000	1.611600
0.574400	0.880000	1.612000
0.574800	0.880000	1.612000
0.575200	0.880000	1.612000
0.575600	0.880000	1.611600
0.576000	0.880000	1.611600
0.576400	0.880000	1.612400
0.576800	0.960000	1.611600
0.577200	0.960000	1.612000
0.577600	0.960000	1.611600
0.578000	0.960000	1.612000
0.578400	0.880000	1.612000
0.578800	0.960000	1.612000
0.579200	0.960000	1.612400
0.579600	0.960000	1.612000
0.580000	0.960000	1.611600
0.580400	0.960000	1.612000
0.580800	0.960000	1.612400
0.581200	0.960000	1.611600
0.581600	0.960000	1.612000
0.582000	0.960000	1.612400
0.582400	0.960000	1.612000
0.582800	0.960000	1.612400
0.583200	0.960000	1.611600
0.583600	0.960000	1.612000
0.584000	0.960000	1.612000
0.584400	0.960000	1.612000
0.584800	0.960000	1.612000
0.585200	0.960000	1.612000
0.585600	0.960000	1.612000
0.586000	1.040000	1.612000
0.586400	1.040000	1.612400
0.586800	0.960000	1.612000
0.587200	1.040000	1.612800
0.587600	1.040000	1.612000
0.588000	1.040000	1.612400
0.588400	1.040000	1.612400
0.588800	1.040000	1.611600
0.589200	1.040000	1.612000
0.589600	1.040000	1.612000
0.590000	1.040000	1.612000
0.590400	1.040000	1.612000
0.590800	1.040000	1.612400
0.591200	1.040000	1.612000
0.591600	1.040000	1.612400
0.592000	1.040000	1.612400
0.592400	1.040000	1.612000
0.592800	1.040000	1.612000
0.593200	1.120000	1.612400
0.593600	1.120000	1.612400
0.594000	1.120000	1.612000
0.594400	1.120000	1.612400
0.594800	1.120000	1.612000
0.595200	1.120000	1.612000
0.595600	1.120000	1.612000
0.596000	1.120000	1.612000
0.596400	1.120000	1.612000
0.596800	1.120000	1.612000
0.597200	1.120000	1.612400
0.597600	1.120000	1.612400
0.598000	1.120000	1.612400
0.598400	1.120000	1.612000
0.598800	1.120000	1.612400
0.599200	1.120000	1.612000
0.599600	1.120000	1.612400
0.600000	1.120000	1.612400
0.600400	1.120000	1.612000
0.600800	1.120000	1.612000
0.601200	1.200000	1.612400
0.601600	1.200000	1.612400
0.602000	1.200000	1.612400
0.602400	1.200000	1.612000
0.602800	1.200000	1.612400
0.603200	1.200000	1.612400
0.603600	1.200000	1.612400
0.604000	1.200000	1.612400
0.604400	1.200000	1.612400
0.604800	1.280000	1.612800
0.605200	1.200000	1.612400
0.605600	1.200000	1.612400
0.606000	1.280000	1.612000
0.606400	1.280000	1.612400
0.606800	1.200000	1.612800
0.607200	1.200000	1.612800
0.607600	1.200000	1.612400
0.608000	1.280000	1.612800
0.608400	1.280000	1.612400
0.608800	1.280000	1.612800
0.609200	1.280000	1.612400
0.609600	1.280000	1.612800
0.610000	1.280000	1.612400
0.610400	1.280000	1.612400
0.610800	1.280000	1.612000
0.611200	1.280000	1.612400
0.611600	1.360000	1.612400
0.612000	1.280000	1.612800
0.612400	1.280000	1.612400
0.612800	1.280000	1.612000
0.613200	1.360000	1.612000
0.613600	1.360000	1.612400
0.614000	1.360000	1.612000
0.614400	1.360000	1.612000
0.614800	1.360000	1.612800
0.615200	1.360000	1.612800
0.615600	1.360000	1.612800
0.616000	1.360000	1.612400
0.616400	1.360000	1.612400
0.616800	1.360000	1.612800
0.617200	1.360000	1.612800
0.617600	1.360000	1.613200
0.618000	1.360000	1.612800
0.618400	1.360000	1.612800
0.618800	1.360000	1.612800
0.619200	1.360000	1.612800
0.619600	1.360000	1.613200
0.620000	1.440000	1.612800
0.620400	1.360000	1.612800
0.620800	1.360000	1.612800
0.621200	1.360000	1.612800
0.621600	1.360000	1.612800
0.622000	1.440000	1.612400
0.622400	1.440000	1.612800
0.622800	1.440000	1.612400
0.623200	1.440000	1.612400
0.623600	1.440000	1.612000
0.624000	1.440000	1.612400
0.624400	1.440000	1.612800
0.624800	1.440000	1.612800
0.625200	1.520000	1.612400
0.625600	1.440000	1.612800
0.626000	1.440000	1.612800
0.626400	1.520000	1.612400
0.626800	1.520000	1.612800
0.627200	1.520000	1.612800
0.627600	1.520000	1.613200
0.628000	1.520000	1.612400
0.628400	1.520000	1.613200
0.628800	1.520000	1.612800
0.629200	1.520000	1.612800
0.629600	1.520000	1.612800
0.630000	1.520000	1.612800
0.630400	1.520000	1.612800
0.630800	1.520000	1.612800
0.631200	1.520000	1.612400
0.631600	1.520000	1.612800
0.632000	1.520000	1.612800
0.632400	1.520000	1.613200
0.632800	1.520000	1.612800
0.633200	1.520000	1.612800
0.633600	1.520000	1.612800
0.634000	1.520000	1.612800
0.634400	1.600000	1.612800
0.634800	1.520000	1.612800
0.635200	1.520000	1.612800
0.635600	1.520000	1.612800
0.636000	1.600000	1.613200
0.636400	1.600000	1.613200
0.636800	1.600000	1.612800
0.637200	1.600000	1.612800
0.637600	1.600000	1.613200
0.638000	1.600000	1.612800
0.638400	1.600000	1.612800
0.638800	1.600000	1.612800
0.639200	1.600000	1.613200
0.639600	1.600000	1.613200
0.640000	1.680000	1.612800
0.640400	1.600000	1.612400
0.640800	1.680000	1.613200
0.641200	1.680000	1.613200
0.641600	1.680000	1.613200
0.642000	1.680000	1.613200
0.642400	1.680000	1.612800
0.642800	1.680000	1.613200
0.643200	1.680000	1.612800
0.643600	1.680000	1.613200
0.644000	1.680000	1.613600
0.644400	1.680000	1.613600
0.644800	1.680000	1.613200
0.645200	1.680000	1.612800
0.645600	1.680000	1.613200
0.646000	1.680000	1.613200
0.646400	1.680000	1.612800
0.646800	1.680000	1.613200
0.647200	1.680000	1.613600
0.647600	1.680000	1.612800
0.648000	1.680000	1.613200
0.648400	1.680000	1.612800
0.648800	1.760000	1.613200
0.649200	1.760000	1.612400
0.649600	1.680000	1.613200
0.650000	1.760000	1.613200
0.650400	1.760000	1.612400
0.650800	1.760000	1.612800
0.651200	1.760000	1.612800
0.651600	1.760000	1.613200
0.652000	1.760000	1.612800
0.652400	1.760000	1.613200
0.652800	1.760000	1.613200
0.653200	1.760000	1.613600
0.653600	1.760000	1.613200
0.654000	1.760000	1.613600
0.654400	1.760000	1.613600
0.654800	1.760000	1.613200
0.655200	1.840000	1.613600
0.655600	1.840000	1.613200
0.656000	1.760000	1.613600
0.656400	1.760000	1.613600
0.656800	1.840000	1.613600
0.657200	1.840000	1.613600
0.657600	1.840000	1.613200
0.658000	1.760000	1.613600
0.658400	1.840000	1.613600
0.658800	1.840000	1.613200
0.659200	1.840000	1.613600
0.659600	1.840000	1.613600
0.660000	1.840000	1.613200
0.660400	1.840000	1.613200
0.660800	1.840000	1.613600
0.661200	1.840000	1.613200
0.661600	1.840000	1.613600
0.662000	1.840000	1.612800
0.662400	1.840000	1.613600
0.662800	1.840000	1.612400
0.663200	1.840000	1.613200
0.663600	1.920000	1.613200
0.664000	1.920000	1.612800
0.664400	1.920000	1.613200
0.664800	1.920000	1.613200
0.665200	1.920000	1.613200
0.665600	1.920000	1.613200
0.666000	1.920000	1.613600
0.666400	1.920000	1.613200
0.666800	1.920000	1.613600
0.667200	1.920000	1.613600
0.667600	1.920000	1.613200
0.668000	1.920000	1.613600
0.668400	1.920000	1.613200
0.668800	1.920000	1.613600
0.669200	1.920000	1.613200
0.669600	2.000000	1.613600
0.670000	1.920000	1.613600
0.670400	1.920000	1.614000
0.670800	1.920000	1.614000
0.671200	1.920000	1.613600
0.671600	2.000000	1.613200
0.672000	1.920000	1.614000
0.672400	2.000000	1.613200
0.672800	2.000000	1.613600
0.673200	2.000000	1.613600
0.673600	2.000000	1.614000
0.674000	2.000000	1.613600
0.674400	2.000000	1.613600
0.674800	2.000000	1.613200
0.675200	2.000000	1.613200
0.675600	2.000000	1.613200
0.676000	2.000000	1.613600
0.676400	2.000000	1.613200
0.676800	2.000000	1.613200
0.677200	2.080000	1.614400
0.677600	2.080000	1.613600
0.678000	2.080000	1.613600
0.678400	2.080000	1.613200
0.678800	2.080000	1.613600
0.679200	2.080000	1.613600
0.679600	2.080000	1.614000
0.680000	2.080000	1.613600
0.680400	2.080000	1.614000
0.680800	2.080000	1.613600
0.681200	2.080000	1.613600
0.681600	2.080000	1.613600
0.682000	2.080000	1.613600
0.682400	2.080000	1.613200
0.682800	2.080000	1.613600
0.683200	2.080000	1.613600
0.683600	2.080000	1.613600
0.684000	2.080000	1.613600
0.684400	2.080000	1.614000
0.684800	2.160000	1.613600
0.685200	2.160000	1.614000
0.685600	2.160000	1.614000
0.686000	2.160000	1.614000
0.686400	2.160000	1.614000
0.686800	2.160000	1.613600
0.687200	2.160000	1.614000
0.687600	2.160000	1.613600
0.688000	2.160000	1.613600
0.688400	2.160000	1.614000
0.688800	2.240000	1.614000
0.689200	2.240000	1.613600
0.689600	2.240000	1.613600
0.690000	2.240000	1.613600
0.690400	2.240000	1.613600
0.690800	2.240000	1.614000
0.691200	2.240000	1.613200
0.691600	2.240000	1.614400
0.692000	2.240000	1.613600
0.692400	2.240000	1.613200
0.692800	2.240000	1.614000
0.693200	2.240000	1.614000
0.693600	2.240000	1.614400
0.694000	2.240000	1.614000
0.694400	2.240000	1.614000
0.694800	2.240000	1.614000
0.695200	2.240000	1.614400
0.695600	2.240000	1.614400
0.696000	2.240000	1.614400
0.696400	2.240000	1.614000
0.696800	2.240000	1.614400
0.697200	2.240000	1.614000
0.697600	2.240000	1.614000
0.698000	2.240000	1.614000
0.698400	2.240000	1.614400
0.698800	2.320000	1.614000
0.699200	2.320000	1.614000
0.699600	2.320000	1.613200
0.700000	2.320000	1.613600
0.700400	2.320000	1.613600
0.700800	2.320000	1.614400
0.701200	2.320000	1.613600
0.701600	2.320000	1.614000
0.702000	2.320000	1.613600
0.702400	2.320000	1.614000
0.702800	2.320000	1.614400
0.703200	2.400000	1.614400
0.703600	2.400000	1.614400
0.704000	2.400000	1.613200
0.704400	2.400000	1.614000
0.704800	2.400000	1.614000
0.705200	2.400000	1.614000
0.705600	2.400000	1.614000
0.706000	2.400000	1.614000
0.706400	2.400000	1.614400
0.706800	2.400000	1.614000
0.707200	2.400000	1.614400
0.707600	2.400000	1.614400
0.708000	2.400000	1.614400
0.708400	2.400000	1.614400
0.708800	2.400000	1.614800
0.709200	2.400000	1.614400
0.709600	2.400000	1.614800
0.710000	2.400000	1.614000
0.710400	2.400000	1.614000
0.710800	2.400000	1.614400
0.711200	2.400000	1.614400
0.711600	2.400000	1.614000
0.712000	2.480000	1.613600
0.712400	2.480000	1.613600
0.712800	2.400000	1.614400
0.713200	2.480000	1.614000
0.713600	2.480000	1.614400
0.714000	2.480000	1.614000
0.714400	2.480000	1.614400
0.714800	2.480000	1.614400
0.715200	2.480000	1.614400
0.715600	2.480000	1.614000
0.716000	2.480000	1.614400
0.716400	2.480000	1.614000
0.716800	2.480000	1.614000
0.717200	2.480000	1.614400
0.717600	2.480000	1.614400
0.718000	2.480000	1.614400
0.718400	2.560000	1.614400
0.718800	2.560000	1.614400
0.719200	2.560000	1.614400
0.719600	2.480000	1.613600
0.720000	2.560000	1.614400
0.720400	2.560000	1.614800
0.720800	2.560000	1.614400
0.721200	2.560000	1.614400
0.721600	2.560000	1.614800
0.722000	2.560000	1.614400
0.722400	2.560000	1.614400
0.722800	2.560000	1.614800
0.723200	2.560000	1.614400
0.723600	2.560000	1.614400
0.724000	2.560000	1.615200
0.724400	2.560000	1.614400
0.724800	2.560000	1.614400
0.725200	2.560000	1.614400
0.725600	2.560000	1.614400
0.726000	2.560000	1.613600
0.726400	2.640000	1.614400
0.726800	2.640000	1.614400
0.727200	2.560000	1.614800
0.727600	2.640000	1.614800
0.728000	2.640000	1.614800
0.728400	2.640000	1.614400
0.728800	2.640000	1.615200
0.729200	2.640000	1.614000
0.729600	2.640000	1.614800
0.730000	2.640000	1.614400
0.730400	2.640000	1.614800
0.730800	2.640000	1.614400
0.731200	2.640000	1.614800
0.731600	2.640000	1.614800
0.732000	2.720000	1.614800
0.732400	2.720000	1.614800
0.732800	2.640000	1.615200
0.733200	2.640000	1.614800
0.733600	2.720000	1.614800
0.734000	2.720000	1.614800
0.734400	2.720000	1.614800
0.734800	2.720000	1.614400
0.735200	2.720000	1.614400
0.735600	2.720000	1.615200
0.736000	2.720000	1.614800
0.736400	2.720000	1.615200
0.736800	2.720000	1.614800
0.737200	2.720000	1.615200
0.737600	2.720000	1.614400
0.738000	2.720000	1.614800
0.738400	2.720000	1.614400
0.738800	2.720000	1.614400
0.739200	2.720000	1.614400
0.739600	2.720000	1.614800
0.740000	2.720000	1.615600
0.740400	2.720000	1.615200
0.740800	2.720000	1.614800
0.741200	2.800000	1.614400
0.741600	2.720000	1.614000
0.742000	2.800000	1.614800
0.742400	2.800000	1.615200
0.742800	2.800000	1.615200
0.743200	2.800000	1.615200
0.743600	2.800000	1.614400
0.744000	2.800000	1.614800
0.744400	2.800000	1.614800
0.744800	2.800000	1.615200
0.745200	2.800000	1.614400
0.745600	2.880000	1.614800
0.746000	2.800000	1.615200
0.746400	2.800000	1.614800
0.746800	2.800000	1.614800
0.747200	2.800000	1.614800
0.747600	2.880000	1.614800
0.748000	2.880000	1.615200
0.748400	2.880000	1.614800
0.748800	2.880000	1.615200
0.749200	2.880000	1.615600
0.749600	2.880000	1.614800
0.750000	2.880000	1.614800
0.750400	2.880000	1.615600
0.750800	2.880000	1.614800
0.751200	2.880000	1.614800
0.751600	2.880000	1.614800
0.752000	2.880000	1.614800
0.752400	2.880000	1.614800
0.752800	2.880000	1.615200
0.753200	2.880000	1.615200
0.753600	2.880000	1.614800
0.754000	2.880000	1.614800
0.754400	2.960000	1.614400
0.754800	2.880000	1.615200
0.755200	2.960000	1.615200
0.755600	2.960000	1.615200
0.756000	2.960000	1.615200
0.756400	2.960000	1.615200
0.756800	2.960000	1.614400
0.757200	2.960000	1.615200
0.757600	2.960000	1.615600
0.758000	2.960000	1.615200
0.758400	2.960000	1.615600
0.758800	2.960000	1.615600
0.759200	2.960000	1.615600
0.759600	3.040000	1.615600
0.760000	2.960000	1.615600
0.760400	2.960000	1.615600
0.760800	3.040000	1.614800
0.761200	3.040000	1.615200
0.761600	2.960000	1.615200
0.762000	3.040000	1.614800
0.762400	3.040000	1.615600
0.762800	3.040000	1.616000
0.763200	3.040000	1.615200
0.763600	3.040000	1.615600
0.764000	3.040000	1.615200
0.764400	3.040000	1.615600
0.764800	3.040000	1.615200
0.765200	3.040000	1.615600
0.765600	3.040000	1.615200
0.766000	3.040000	1.615600
0.766400	3.040000	1.615200
0.766800	3.040000	1.615600
0.767200	3.040000	1.615200
0.767600	3.040000	1.615200
0.768000	3.120000	1.615200
0.768400	3.040000	1.615200
0.768800	3.120000	1.615600
0.769200	3.120000	1.615600
0.769600	3.120000	1.615600
0.770000	3.120000	1.615200
0.770400	3.120000	1.615200
0.770800	3.120000	1.614400
0.771200	3.120000	1.614400
0.771600	3.120000	1.614400
0.772000	3.120000	1.613200
0.772400	3.120000	1.613600
0.772800	3.120000	1.613600
0.773200	3.120000	1.613600
0.773600	3.120000	1.613200
0.774000	3.120000	1.614400
0.774400	3.120000	1.614000
0.774800	3.120000	1.614000
0.775200	3.120000	1.614400
0.775600	3.120000	1.614400
0.776000	3.120000	1.614400
0.776400	3.120000	1.614800
0.776800	3.120000	1.614800
0.777200	3.200000	1.615200
0.777600	3.200000	1.615200
0.778000	3.200000	1.614800
0.778400	3.200000	1.614800
0.778800	3.200000	1.615200
0.779200	3.200000	1.614800
0.779600	3.200000	1.615600
0.780000	3.200000	1.614800
0.780400	3.200000	1.615200
0.780800	3.200000	1.615200
0.781200	3.200000	1.615600
0.781600	3.200000	1.615600
0.782000	3.200000	1.615200
0.782400	3.200000	1.615200
0.782800	3.280000	1.615200
0.783200	3.280000	1.615600
0.783600	3.280000	1.615600
0.784000	3.280000	1.615600
0.784400	3.280000	1.615600
0.784800	3.280000	1.616400
0.785200	3.280000	1.615600
0.785600	3.280000	1.616000
0.786000	3.280000	1.615600
0.786400	3.280000	1.615200
0.786800	3.280000	1.615200
0.787200	3.280000	1.616000
0.787600	3.280000	1.616000
0.788000	3.280000	1.616000
0.788400	3.280000	1.615600
0.788800	3.280000	1.616400
0.789200	3.280000	1.615600
0.789600	3.280000	1.615600
0.790000	3.280000	1.615600
0.790400	3.280000	1.616000
0.790800	3.280000	1.616000
0.791200	3.360000	1.615600
0.791600	3.360000	1.616000
0.792000	3.360000	1.615600
0.792400	3.360000	1.616000
0.792800	3.360000	1.616000
0.793200	3.360000	1.615600
0.793600	3.360000	1.616000
0.794000	3.360000	1.616000
0.794400	3.440000	1.615600
0.794800	3.360000	1.616400
0.795200	3.440000	1.615600
0.795600	3.440000	1.615200
0.796000	3.440000	1.615600
0.796400	3.440000	1.616400
0.796800	3.440000	1.616400
0.797200	3.440000	1.616000
0.797600	3.440000	1.616000
0.798000	3.440000	1.616000
0.798400	3.440000	1.616000
0.798800	3.440000	1.616400
0.799200	3.440000	1.616400
0.799600	3.440000	1.615600
0.800000	3.440000	1.616400
0.800400	3.440000	1.616000
0.800800	3.440000	1.616000
0.801200	3.440000	1.616400
0.801600	3.440000	1.616000
0.802000	3.440000	1.615600
0.802400	3.440000	1.616000
0.802800	3.440000	1.616000
0.803200	3.440000	1.616400
0.803600	3.440000	1.616000
0.804000	3.440000	1.616000
0.804400	3.520000	1.616000
0.804800	3.520000	1.615600
0.805200	3.520000	1.616400
0.805600	3.520000	1.615600
0.806000	3.520000	1.616000
0.806400	3.520000	1.616000
0.806800	3.520000	1.616000
0.807200	3.520000	1.616000
0.807600	3.520000	1.616000
0.808000	3.520000	1.616000
0.808400	3.520000	1.616400
0.808800	3.520000	1.616000
0.809200	3.520000	1.616000
0.809600	3.520000	1.616400
0.810000	3.520000	1.616400
0.810400	3.600000	1.616000
0.810800	3.600000	1.616400
0.811200	3.600000	1.616000
0.811600	3.600000	1.616000
0.812000	3.600000	1.616400
0.812400	3.600000	1.616800
0.812800	3.600000	1.616400
0.813200	3.600000	1.616400
0.813600	3.600000	1.616800
0.814000	3.600000	1.616400
0.814400	3.600000	1.616400
0.814800	3.600000	1.616000
0.815200	3.600000	1.616400
0.815600	3.600000	1.616800
0.816000	3.600000	1.616400
0.816400	3.600000	1.616400
0.816800	3.600000	1.616400
0.817200	3.600000	1.615600
0.817600	3.680000	1.616400
0.818000	3.600000	1.616400
0.818400	3.600000	1.616400
0.818800	3.680000	1.616400
0.819200	3.600000	1.616400
0.819600	3.680000	1.616400
0.820000	3.680000	1.616400
0.820400	3.680000	1.616000
0.820800	3.680000	1.616000
0.821200	3.680000	1.616000
0.821600	3.680000	1.616400
0.822000	3.680000	1.616800
0.822400	3.680000	1.616400
0.822800	3.680000	1.616800
0.823200	3.680000	1.616800
0.823600	3.680000	1.616800
0.824000	3.680000	1.616400
0.824400	3.680000	1.616800
0.824800	3.760000	1.617200
0.825200	3.680000	1.616400
0.825600	3.680000	1.616400
0.826000	3.760000	1.616800
0.826400	3.760000	1.616800
0.826800	3.760000	1.616400
0.827200	3.760000	1.616400
0.827600	3.760000	1.616400
0.828000	3.760000	1.616800
0.828400	3.760000	1.616800
0.828800	3.760000	1.616400
0.829200	3.760000	1.616800
0.829600	3.760000	1.616800
0.830000	3.760000	1.616800
0.830400	3.760000	1.616000
0.830800	3.760000	1.616800
0.831200	3.760000	1.616800
0.831600	3.760000	1.616400
0.832000	3.760000	1.616800
0.832400	3.760000	1.617200
0.832800	3.840000	1.616400
0.833200	3.840000	1.616400
0.833600	3.840000	1.617200
0.834000	3.840000	1.616400
0.834400	3.840000	1.616800
0.834800	3.840000	1.616400
0.835200	3.840000	1.616800
0.835600	3.840000	1.617200
0.836000	3.840000	1.616800
0.836400	3.840000	1.617600
0.836800	3.840000	1.616400
0.837200	3.920000	1.617200
0.837600	3.840000	1.617200
0.838000	3.920000	1.616800
0.838400	3.920000	1.616800
0.838800	3.840000	1.616800
0.839200	3.840000	1.616800
0.839600	3.920000	1.616400
0.840000	3.920000	1.617600
0.840400	3.920000	1.616800
0.840800	3.920000	1.616800
0.841200	3.920000	1.616800
0.841600	3.920000	1.617600
0.842000	3.920000	1.617200
0.842400	3.920000	1.616800
0.842800	3.920000	1.616800
0.843200	3.920000	1.617600
0.843600	3.920000	1.617600
0.844000	3.920000	1.616800
0.844400	3.920000	1.616400
0.844800	3.920000	1.616800
0.845200	4.000000	1.616400
0.845600	3.920000	1.616800
0.846000	4.000000	1.616400
0.846400	4.000000	1.617200
0.846800	4.000000	1.617200
0.847200	4.000000	1.616800
0.847600	4.000000	1.617200
0.848000	4.000000	1.616800
0.848400	4.000000	1.616800
0.848800	4.000000	1.617200
0.849200	4.000000	1.617200
0.849600	4.080000	1.617600
0.850000	4.000000	1.617200
0.850400	4.000000	1.617200
0.850800	4.000000	1.617200
0.851200	4.080000	1.617200
0.851600	4.080000	1.617200
0.852000	4.000000	1.616400
0.852400	4.080000	1.616800
0.852800	4.080000	1.616800
0.853200	4.000000	1.616400
0.853600	4.080000	1.617200
0.854000	4.080000	1.616800
0.854400	4.080000	1.616800
0.854800	4.080000	1.617200
0.855200	4.080000	1.616800
0.855600	4.080000	1.617600
0.856000	4.080000	1.617600
0.856400	4.080000	1.617200
0.856800	4.080000	1.616800
0.857200	4.080000	1.617200
0.857600	4.080000	1.616800
0.858000	4.080000	1.616800
0.858400	4.080000	1.617600
0.858800	4.160000	1.617200
0.859200	4.160000	1.617600
0.859600	4.160000	1.618000
0.860000	4.160000	1.617200
0.860400	4.160000	1.617200
0.860800	4.160000	1.617200
0.861200	4.160000	1.617600
0.861600	4.160000	1.616800
0.862000	4.160000	1.617600
0.862400	4.160000	1.617200
0.862800	4.160000	1.617200
0.863200	4.160000	1.617200
0.863600	4.160000	1.617600
0.864000	4.160000	1.618000
0.864400	4.160000	1.617200
0.864800	4.160000	1.617600
0.865200	4.240000	1.617200
0.865600	4.240000	1.617200
0.866000	4.160000	1.617200
0.866400	4.240000	1.617600
0.866800	4.240000	1.617600
0.867200	4.240000	1.617200
0.867600	4.160000	1.617600
0.868000	4.240000	1.617600
0.868400	4.240000	1.617600
0.868800	4.240000	1.617200
0.869200	4.240000	1.618000
0.869600	4.240000	1.617600
0.870000	4.240000	1.617200
0.870400	4.240000	1.618000
0.870800	4.240000	1.617200
0.871200	4.320000	1.617600
0.871600	4.240000	1.617200
0.872000	4.240000	1.617600
0.872400	4.320000	1.617600
0.872800	4.320000	1.617200
0.873200	4.320000	1.617600
0.873600	4.320000	1.617600
0.874000	4.320000	1.617600
0.874400	4.320000	1.617600
0.874800	4.320000	1.618000
0.875200	4.320000	1.617600
0.875600	4.320000	1.617600
0.876000	4.320000	1.617600
0.876400	4.320000	1.618000
0.876800	4.320000	1.617200
0.877200	4.320000	1.617200
0.877600	4.320000	1.618000
0.878000	4.320000	1.617200
0.878400	4.320000	1.617600
0.878800	4.320000	1.617600
0.879200	4.320000	1.617200
0.879600	4.400000	1.617600
0.880000	4.400000	1.617600
0.880400	4.400000	1.617600
0.880800	4.320000	1.617200
0.881200	4.400000	1.617600
0.881600	4.400000	1.617200
0.882000	4.400000	1.617600
0.882400	4.400000	1.617200
0.882800	4.400000	1.617200
0.883200	4.400000	1.617200
0.883600	4.400000	1.617600
0.884000	4.480000	1.617200
0.884400	4.400000	1.617200
0.884800	4.480000	1.617600
0.885200	4.480000	1.617600
0.885600	4.480000	1.617600
0.886000	4.400000	1.617600
0.886400	4.480000	1.617200
0.886800	4.480000	1.617200
0.887200	4.480000	1.617600
0.887600	4.480000	1.617600
0.888000	4.480000	1.618000
0.888400	4.480000	1.617200
0.888800	4.480000	1.617600
0.889200	4.480000	1.617200
0.889600	4.480000	1.618000
0.890000	4.480000	1.617200
0.890400	4.480000	1.618000
0.890800	4.480000	1.617600
0.891200	4.480000	1.617200
0.891600	4.480000	1.617600
0.892000	4.480000	1.617600
0.892400	4.480000	1.617600
0.892800	4.480000	1.617600
0.893200	4.480000	1.617600
0.893600	4.480000	1.617200
0.894000	4.480000	1.618000
0.894400	4.480000	1.617600
0.894800	4.480000	1.617600
0.895200	4.480000	1.617600
0.895600	4.560000	1.617600
0.896000	4.560000	1.617600
0.896400	4.560000	1.617600
0.896800	4.560000	1.617600
0.897200	4.560000	1.617200
0.897600	4.560000	1.617600
0.898000	4.560000	1.617200
0.898400	4.560000	1.617200
0.898800	4.560000	1.617600
0.899200	4.560000	1.618000
0.899600	4.560000	1.617200
0.900000	4.560000	1.617600
0.900400	4.640000	1.618000
0.900800	4.560000	1.617600
0.901200	4.560000	1.617600
0.901600	4.560000	1.617600
0.902000	4.640000	1.617600
0.902400	4.640000	1.617600
0.902800	4.640000	1.617600
0.903200	4.560000	1.618000
0.903600	4.640000	1.617600
0.904000	4.640000	1.617600
0.904400	4.640000	1.617600
0.904800	4.640000	1.617600
0.905200	4.640000	1.618000
0.905600	4.640000	1.617600
0.906000	4.640000	1.618000
0.906400	4.640000	1.617600
0.906800	4.640000	1.616800
0.907200	4.640000	1.616800
0.907600	4.640000	1.616800
0.908000	4.640000	1.617200
0.908400	4.720000	1.616800
0.908800	4.640000	1.616800
0.909200	4.720000	1.616800
0.909600	4.720000	1.616800
0.910000	4.720000	1.616400
0.910400	4.720000	1.616000
0.910800	4.720000	1.615600
0.911200	4.720000	1.615600
0.911600	4.720000	1.615600
0.912000	4.720000	1.616000
0.912400	4.720000	1.616000
0.912800	4.720000	1.615600
0.913200	4.720000	1.616400
0.913600	4.720000	1.616400
0.914000	4.720000	1.616800
0.914400	4.720000	1.617200
0.914800	4.800000	1.617600
0.915200	4.800000	1.617200
0.915600	4.720000	1.616400
0.916000	4.720000	1.617600
0.916400	4.720000	1.617200
0.916800	4.800000	1.616800
0.917200	4.800000	1.617200
0.917600	4.800000	1.617600
0.918000	4.800000	1.617200
0.918400	4.800000	1.616800
0.918800	4.800000	1.617200
0.919200	4.800000	1.617200
0.919600	4.800000	1.617600
0.920000	4.800000	1.617200
0.920400	4.800000	1.617600
0.920800	4.800000	1.618000
0.921200	4.800000	1.618000
0.921600	4.800000	1.617600
0.922000	4.800000	1.617600
0.922400	4.800000	1.617600
0.922800	4.880000	1.618000
0.923200	4.880000	1.617600
0.923600	4.880000	1.618000
0.924000	4.880000	1.617600
0.924400	4.880000	1.617600
0.924800	4.880000	1.617600
0.925200	4.880000	1.618400
0.925600	4.880000	1.618000
0.926000	4.880000	1.617600
0.926400	4.880000	1.618000
0.926800	4.880000	1.618000
0.927200	4.960000	1.618400
0.927600	4.880000	1.618800
0.928000	4.880000	1.618000
0.928400	4.960000	1.617600
0.928800	4.880000	1.618400
0.929200	4.880000	1.618400
0.929600	4.960000	1.618800
0.930000	4.880000	1.618400
0.930400	4.960000	1.617600
0.930800	4.960000	1.618000
0.931200	4.880000	1.618400
0.931600	4.960000	1.618400
0.932000	4.960000	1.618000
0.932400	4.960000	1.618800
0.932800	4.960000	1.618400
0.933200	4.960000	1.618400
0.933600	4.960000	1.618000
0.934000	4.960000	1.618000
0.934400	4.960000	1.618800
0.934800	4.960000	1.618000
0.935200	4.960000	1.618000
0.935600	4.960000	1.618800
0.936000	4.960000	1.618400
0.936400	4.960000	1.618000
0.936800	4.960000	1.618400
0.937200	4.960000	1.618400
0.937600	5.040000	1.618400
0.938000	5.040000	1.618800
0.938400	5.040000	1.618400
0.938800	5.040000	1.618400
0.939200	5.040000	1.618800
0.939600	5.040000	1.618400
0.940000	5.040000	1.618400
0.940400	5.040000	1.618400
0.940800	5.040000	1.618800
0.941200	5.040000	1.619200
0.941600	5.040000	1.618800
0.942000	5.120000	1.618400
0.942400	5.040000	1.618800
0.942800	5.040000	1.618800
0.943200	5.040000	1.618800
0.943600	5.040000	1.618400
0.944000	5.040000	1.618800
0.944400	5.040000	1.618800
0.944800	5.040000	1.618800
0.945200	5.120000	1.618400
0.945600	5.120000	1.618400
0.946000	5.120000	1.618400
0.946400	5.120000	1.618800
0.946800	5.120000	1.618800
0.947200	5.120000	1.618800
0.947600	5.120000	1.618800
0.948000	5.120000	1.618800
0.948400	5.120000	1.618400
0.948800	5.120000	1.618400
0.949200	5.120000	1.618800
0.949600	5.120000	1.618400
0.950000	5.120000	1.618800
0.950400	5.120000	1.618800
0.950800	5.120000	1.618800
0.951200	5.120000	1.618000
0.951600	5.200000	1.618400
0.952000	5.120000	1.619200
0.952400	5.120000	1.618400
0.952800	5.200000	1.618400
0.953200	5.200000	1.618800
0.953600	5.200000	1.618800
0.954000	5.200000	1.618800
0.954400	5.120000	1.618800
0.954800	5.200000	1.619200
0.955200	5.200000	1.618800
0.955600	5.200000	1.619200
0.956000	5.120000	1.618800
0.956400	5.200000	1.619200
0.956800	5.200000	1.618800
0.957200	5.200000	1.618800
0.957600	5.200000	1.618400
0.958000	5.200000	1.619200
0.958400	5.200000	1.618800
0.958800	5.200000	1.618800
0.959200	5.200000	1.618800
0.959600	5.200000	1.618800
0.960000	5.200000	1.618400
0.960400	5.200000	1.618800
0.960800	5.200000	1.618400
0.961200	5.200000	1.618400
0.961600	5.280000	1.619200
0.962000	5.280000	1.618800
0.962400	5.280000	1.618400
0.962800	5.280000	1.618400
0.963200	5.280000	1.618800
0.963600	5.280000	1.618800
0.964000	5.280000	1.618400
0.964400	5.280000	1.618400
0.964800	5.280000	1.619200
0.965200	5.280000	1.618400
0.965600	5.280000	1.618800
0.966000	5.360000	1.619200
0.966400	5.360000	1.618800
0.966800	5.280000	1.618400
0.967200	5.360000	1.618800
0.967600	5.360000	1.619600
0.968000	5.360000	1.618800
0.968400	5.360000	1.618800
0.968800	5.280000	1.619200
0.969200	5.360000	1.619200
0.969600	5.360000	1.618800
0.970000	5.360000	1.618800
0.970400	5.360000	1.619200
0.970800	5.360000	1.618400
0.971200	5.360000	1.619200
0.971600	5.360000	1.618800
0.972000	5.360000	1.618400
0.972400	5.360000	1.618400
0.972800	5.360000	1.619200
0.973200	5.360000	1.618800
0.973600	5.360000	1.618800
0.974000	5.360000	1.619200
0.974400	5.360000	1.618800
0.974800	5.440000	1.618800
0.975200	5.440000	1.618800
0.975600	5.360000	1.619200
0.976000	5.440000	1.618800
0.976400	5.440000	1.619200
0.976800	5.440000	1.619200
0.977200	5.440000	1.618800
0.977600	5.440000	1.618800
0.978000	5.440000	1.619200
0.978400	5.440000	1.619600
0.978800	5.440000	1.618800
0.979200	5.440000	1.619600
0.979600	5.520000	1.618800
0.980000	5.440000	1.619200
0.980400	5.440000	1.619200
0.980800	2.480000	1.619200
0.981200	-3.360000	1.619200
0.981600	-6.240000	1.619200
0.982000	-6.080000	1.618800
0.982400	-6.000000	1.618000
0.982800	-5.920000	1.611600
0.983200	-5.840000	1.592000
0.983600	-5.760000	1.577600
0.984000	-5.760000	1.571600
0.984400	-5.680000	1.576400
0.984800	-5.680000	1.580000
0.985200	-5.600000	1.583600
0.985600	-5.600000	1.586400
0.986000	-5.520000	1.589600
0.986400	-5.520000	1.592000
0.986800	-5.520000	1.593600
0.987200	-5.440000	1.596400
0.987600	-5.440000	1.597600
0.988000	-5.440000	1.599200
0.988400	-5.440000	1.600800
0.988800	-5.440000	1.601600
0.989200	-5.360000	1.602800
0.989600	-5.440000	1.603600
0.990000	-5.360000	1.605200
0.990400	-5.360000	1.606000
0.990800	-5.360000	1.606800
0.991200	-5.360000	1.608000
0.991600	-5.360000	1.608400
0.992000	-5.360000	1.609200
0.992400	-5.360000	1.609200
0.992800	-5.280000	1.610400
0.993200	-5.280000	1.611200
0.993600	-5.280000	1.612000
0.994000	-5.280000	1.612000
0.994400	-5.280000	1.612400
0.994800	-5.280000	1.612800
0.995200	-5.280000	1.612800
0.995600	-5.280000	1.614000
0.996000	-5.280000	1.614000
0.996400	-5.280000	1.614400
0.996800	-5.280000	1.614800
0.997200	-5.280000	1.614000
0.997600	-5.280000	1.615200
0.998000	-5.280000	1.615200
0.998400	-5.280000	1.616000
0.998800	-5.280000	1.616000
0.999200	-5.280000	1.616000
0.999600	-5.200000	1.616000
