10.000	2.655
20.000	2.806
30.000	2.791
40.000	2.813
50.000	2.824
60.000	2.871
70.000	2.855
80.000	2.862
90.000	2.845
100.000	2.886
110.000	2.902
120.000	2.903
130.000	2.865
140.000	2.907
150.000	2.879
160.000	2.897
170.000	2.898
180.000	2.911
190.000	2.924
200.000	2.943
210.000	2.931
220.000	2.929
230.000	2.953
240.000	2.953
250.000	2.988
260.000	2.966
270.000	2.942
280.000	2.998
290.000	3.001
300.000	2.993
310.000	2.985
320.000	2.943
330.000	2.966
340.000	2.979
350.000	3.009
360.000	3.032
370.000	3.001
380.000	2.964
390.000	2.910
400.000	2.960
410.000	3.017
420.000	3.017
430.000	3.002
440.000	3.026
450.000	3.049
460.000	3.058
470.000	3.130
480.000	3.070
490.000	3.065
500.000	3.047
510.000	3.087
520.000	3.079
530.000	3.043
540.000	3.073
550.000	3.083
560.000	3.140
570.000	3.139
580.000	3.137
590.000	3.121
600.000	3.110
610.000	3.139
620.000	3.145
630.000	3.138
640.000	3.172
650.000	3.159
660.000	3.151
670.000	3.124
680.000	3.101
690.000	3.101
700.000	3.148
710.000	3.135
720.000	3.098
730.000	3.061
740.000	3.100
750.000	3.110
760.000	3.127
770.000	3.138
780.000	3.169
790.000	3.156
800.000	3.126
810.000	3.169
820.000	3.185
830.000	3.192
840.000	3.175
850.000	3.173
860.000	3.189
870.000	3.165
880.000	3.223
890.000	3.214
900.000	3.178
910.000	3.188
920.000	3.149
930.000	3.155
940.000	3.215
950.000	3.236
960.000	3.254
970.000	3.259
980.000	3.245
990.000	3.247
1000.000	3.215
1010.000	3.228
1020.000	3.227
1030.000	3.262
1040.000	3.283
1050.000	3.278
1060.000	3.252
1070.000	3.261
1080.000	3.238
1090.000	3.264
1100.000	3.246
1110.000	3.298
1120.000	3.241
1130.000	3.311
1140.000	3.297
1150.000	3.337
1160.000	3.349
1170.000	3.303
1180.000	3.267
1190.000	3.237
1200.000	3.244
1210.000	3.273
1220.000	3.237
1230.000	3.218
1240.000	3.217
1250.000	3.275
1260.000	3.277
1270.000	3.250
1280.000	3.261
1290.000	3.280
1300.000	3.280
1310.000	3.316
1320.000	3.358
1330.000	3.324
1340.000	3.268
1350.000	3.287
1360.000	3.297
1370.000	3.297
1380.000	3.308
1390.000	3.351
1400.000	3.355
1410.000	3.356
1420.000	3.328
1430.000	3.350
1440.000	3.384
1450.000	3.392
1460.000	3.363
1470.000	3.348
1480.000	3.359
1490.000	3.304
1500.000	3.300
1510.000	3.343
1520.000	3.390
1530.000	3.387
1540.000	3.335
1550.000	3.334
1560.000	3.319
1570.000	3.347
1580.000	3.369
1590.000	3.430
1600.000	3.415
1610.000	3.433
1620.000	3.390
1630.000	3.323
1640.000	3.350
1650.000	3.412
1660.000	3.381
1670.000	3.393
1680.000	3.324
1690.000	3.356
1700.000	3.350
1710.000	3.382
1720.000	3.407
1730.000	3.394
1740.000	3.354
1750.000	3.378
1760.000	3.374
1770.000	3.371
1780.000	3.351
1790.000	3.359
1800.000	3.388
1810.000	3.400
1820.000	3.408
1830.000	3.424
1840.000	3.453
1850.000	3.454
1860.000	3.472
1870.000	3.405
1880.000	3.347
1890.000	3.421
1900.000	3.450
1910.000	3.406
1920.000	3.403
1930.000	3.389
1940.000	3.398
1950.000	3.409
1960.000	3.409
1970.000	3.423
1980.000	3.464
1990.000	3.429
2000.000	3.408
2010.000	3.370
2020.000	3.374
2030.000	3.390
2040.000	3.396
2050.000	3.348
2060.000	3.353
2070.000	3.388
2080.000	3.402
2090.000	3.389
2100.000	3.419
2110.000	3.443
2120.000	3.437
2130.000	3.445
2140.000	3.412
2150.000	3.429
2160.000	3.416
2170.000	3.453
2180.000	3.435
2190.000	3.454
2200.000	3.440
2210.000	3.418
2220.000	3.465
2230.000	3.487
2240.000	3.475
2250.000	3.440
2260.000	3.484
2270.000	3.487
2280.000	3.518
2290.000	3.469
2300.000	3.458
2310.000	3.485
2320.000	3.500
2330.000	3.480
2340.000	3.493
2350.000	3.498
2360.000	3.454
2370.000	3.487
2380.000	3.498
2390.000	3.488
2400.000	3.468
2410.000	3.475
2420.000	3.480
2430.000	3.431
2440.000	3.433
2450.000	3.512
2460.000	3.534
2470.000	3.558
2480.000	3.562
2490.000	3.573
2500.000	3.501
2510.000	3.514
2520.000	3.514
2530.000	3.515
2540.000	3.567
2550.000	3.575
2560.000	3.545
2570.000	3.509
2580.000	3.514
2590.000	3.482
2600.000	3.483
2610.000	3.505
2620.000	3.566
2630.000	3.554
2640.000	3.572
2650.000	3.598
2660.000	3.508
2670.000	3.537
2680.000	3.575
2690.000	3.494
2700.000	3.555
2710.000	3.522
2720.000	3.533
2730.000	3.491
2740.000	3.493
2750.000	3.539
2760.000	3.540
2770.000	3.462
2780.000	3.501
2790.000	3.495
2800.000	3.506
2810.000	3.487
2820.000	3.521
2830.000	3.503
2840.000	3.497
2850.000	3.516
2860.000	3.527
2870.000	3.529
2880.000	3.530
2890.000	3.524
2900.000	3.557
2910.000	3.497
2920.000	3.570
2930.000	3.591
2940.000	3.575
2950.000	3.563
2960.000	3.583
2970.000	3.615
2980.000	3.550
2990.000	3.566
3000.000	3.599
3010.000	3.600
3020.000	3.565
3030.000	3.566
3040.000	3.621
3050.000	3.636
3060.000	3.575
3070.000	3.537
3080.000	3.609
3090.000	3.598
3100.000	3.612
3110.000	3.591
3120.000	3.576
3130.000	3.592
3140.000	3.626
3150.000	3.585
3160.000	3.597
3170.000	3.579
3180.000	3.551
3190.000	3.547
3200.000	3.569
3210.000	3.589
3220.000	3.572
3230.000	3.505
3240.000	3.510
3250.000	3.506
3260.000	3.555
3270.000	3.618
3280.000	3.603
3290.000	3.610
3300.000	3.595
3310.000	3.584
3320.000	3.572
3330.000	3.574
3340.000	3.595
3350.000	3.606
3360.000	3.635
3370.000	3.618
3380.000	3.602
3390.000	3.618
3400.000	3.633
3410.000	3.601
3420.000	3.603
3430.000	3.595
3440.000	3.625
3450.000	3.604
3460.000	3.612
3470.000	3.605
3480.000	3.618
3490.000	3.626
3500.000	3.624
3510.000	3.628
3520.000	3.611
3530.000	3.595
3540.000	3.564
3550.000	3.585
3560.000	3.634
3570.000	3.589
3580.000	3.565
3590.000	3.552
3600.000	3.573
3610.000	3.575
3620.000	3.615
3630.000	3.572
3640.000	3.581
3650.000	3.608
3660.000	3.645
3670.000	3.594
3680.000	3.601
3690.000	3.639
3700.000	3.631
3710.000	3.587
3720.000	3.575
3730.000	3.544
3740.000	3.572
3750.000	3.595
3760.000	3.540
3770.000	3.611
3780.000	3.570
3790.000	3.547
3800.000	3.539
3810.000	3.605
3820.000	3.589
3830.000	3.606
3840.000	3.648
3850.000	3.632
3860.000	3.640
3870.000	3.597
3880.000	3.617
3890.000	3.614
3900.000	3.577
3910.000	3.636
3920.000	3.639
3930.000	3.631
3940.000	3.681
3950.000	3.646
3960.000	3.658
3970.000	3.644
3980.000	3.616
3990.000	3.627
4000.000	3.590
4010.000	3.598
4020.000	3.593
4030.000	3.628
4040.000	3.633
4050.000	3.583
4060.000	3.612
4070.000	3.603
4080.000	3.628
4090.000	3.640
4100.000	3.606
4110.000	3.592
4120.000	3.573
4130.000	3.609
4140.000	3.611
4150.000	3.602
4160.000	3.607
4170.000	3.654
4180.000	3.663
4190.000	3.658
4200.000	3.620
4210.000	3.583
4220.000	3.580
4230.000	3.578
4240.000	3.583
4250.000	3.592
4260.000	3.607
4270.000	3.606
4280.000	3.594
4290.000	3.675
4300.000	3.689
4310.000	3.676
4320.000	3.653
4330.000	3.650
4340.000	3.581
4350.000	3.571
4360.000	3.607
4370.000	3.662
4380.000	3.625
4390.000	3.583
4400.000	3.580
4410.000	3.657
4420.000	3.626
4430.000	3.598
4440.000	3.571
4450.000	3.553
4460.000	3.578
4470.000	3.564
4480.000	3.531
4490.000	3.604
4500.000	3.649
4510.000	3.635
4520.000	3.635
4530.000	3.620
4540.000	3.645
4550.000	3.618
4560.000	3.580
4570.000	3.599
4580.000	3.600
4590.000	3.627
4600.000	3.608
4610.000	3.594
4620.000	3.600
4630.000	3.566
4640.000	3.599
4650.000	3.618
4660.000	3.643
4670.000	3.656
4680.000	3.591
4690.000	3.574
4700.000	3.580
4710.000	3.606
4720.000	3.583
4730.000	3.562
4740.000	3.620
4750.000	3.574
4760.000	3.586
4770.000	3.580
4780.000	3.586
4790.000	3.596
4800.000	3.578
4810.000	3.613
4820.000	3.609
4830.000	3.599
4840.000	3.608
4850.000	3.596
4860.000	3.604
4870.000	3.605
4880.000	3.610
4890.000	3.648
4900.000	3.619
4910.000	3.620
4920.000	3.606
4930.000	3.631
4940.000	3.606
4950.000	3.635
4960.000	3.587
4970.000	3.588
4980.000	3.577
4990.000	3.565
5000.000	3.630
5010.000	3.643
5020.000	3.582
5030.000	3.622
5040.000	3.586
5050.000	3.609
5060.000	3.590
5070.000	3.616
5080.000	3.565
5090.000	3.594
5100.000	3.557
5110.000	3.549
5120.000	3.515
5130.000	3.486
5140.000	3.551
5150.000	3.561
5160.000	3.576
5170.000	3.553
5180.000	3.531
5190.000	3.557
5200.000	3.585
5210.000	3.559
5220.000	3.542
5230.000	3.475
5240.000	3.506
5250.000	3.517
5260.000	3.457
5270.000	3.426
5280.000	3.495
5290.000	3.515
5300.000	3.526
5310.000	3.502
5320.000	3.534
5330.000	3.521
5340.000	3.505
5350.000	3.510
5360.000	3.492
5370.000	3.533
5380.000	3.551
5390.000	3.560
5400.000	3.549
5410.000	3.535
5420.000	3.530
5430.000	3.536
5440.000	3.503
5450.000	3.568
5460.000	3.525
5470.000	3.554
5480.000	3.528
5490.000	3.554
5500.000	3.551
5510.000	3.564
5520.000	3.608
5530.000	3.587
5540.000	3.547
5550.000	3.589
5560.000	3.580
5570.000	3.539
5580.000	3.535
5590.000	3.496
5600.000	3.542
5610.000	3.593
5620.000	3.570
5630.000	3.557
5640.000	3.505
5650.000	3.522
5660.000	3.477
5670.000	3.513
5680.000	3.517
5690.000	3.560
5700.000	3.537
5710.000	3.559
5720.000	3.510
5730.000	3.580
5740.000	3.540
5750.000	3.546
5760.000	3.532
5770.000	3.516
5780.000	3.497
5790.000	3.580
5800.000	3.507
5810.000	3.513
5820.000	3.533
5830.000	3.551
5840.000	3.548
5850.000	3.524
5860.000	3.543
5870.000	3.620
5880.000	3.585
5890.000	3.571
5900.000	3.542
5910.000	3.546
5920.000	3.536
5930.000	3.530
5940.000	3.531
5950.000	3.480
5960.000	3.470
5970.000	3.486
5980.000	3.576
5990.000	3.576
6000.000	3.520
6010.000	3.487
6020.000	3.503
6030.000	3.513
6040.000	3.492
6050.000	3.448
6060.000	3.536
6070.000	3.507
6080.000	3.542
6090.000	3.511
6100.000	3.504
6110.000	3.548
6120.000	3.523
6130.000	3.558
6140.000	3.553
6150.000	3.530
6160.000	3.504
6170.000	3.489
6180.000	3.499
6190.000	3.557
6200.000	3.529
6210.000	3.550
6220.000	3.539
6230.000	3.590
6240.000	3.509
6250.000	3.495
6260.000	3.496
6270.000	3.457
6280.000	3.472
6290.000	3.504
6300.000	3.460
6310.000	3.505
6320.000	3.508
6330.000	3.525
6340.000	3.524
6350.000	3.508
6360.000	3.479
6370.000	3.521
6380.000	3.512
6390.000	3.480
6400.000	3.486
6410.000	3.484
6420.000	3.521
6430.000	3.502
6440.000	3.519
6450.000	3.482
6460.000	3.466
6470.000	3.499
6480.000	3.525
6490.000	3.527
6500.000	3.506
6510.000	3.525
6520.000	3.467
6530.000	3.467
6540.000	3.453
6550.000	3.429
6560.000	3.483
6570.000	3.483
6580.000	3.495
6590.000	3.460
6600.000	3.442
6610.000	3.440
6620.000	3.436
6630.000	3.493
6640.000	3.487
6650.000	3.466
6660.000	3.470
6670.000	3.468
6680.000	3.469
6690.000	3.469
6700.000	3.511
6710.000	3.468
6720.000	3.426
6730.000	3.443
6740.000	3.452
6750.000	3.453
6760.000	3.410
6770.000	3.415
6780.000	3.474
6790.000	3.468
6800.000	3.390
6810.000	3.442
6820.000	3.412
6830.000	3.437
6840.000	3.405
6850.000	3.421
6860.000	3.437
6870.000	3.459
6880.000	3.463
6890.000	3.410
6900.000	3.378
6910.000	3.435
6920.000	3.434
6930.000	3.419
6940.000	3.381
6950.000	3.419
6960.000	3.426
6970.000	3.425
6980.000	3.433
6990.000	3.404
7000.000	3.373
7010.000	3.386
7020.000	3.435
7030.000	3.448
7040.000	3.421
7050.000	3.415
7060.000	3.393
7070.000	3.414
7080.000	3.375
7090.000	3.416
7100.000	3.408
7110.000	3.406
7120.000	3.426
7130.000	3.401
7140.000	3.398
7150.000	3.379
7160.000	3.392
7170.000	3.366
7180.000	3.372
7190.000	3.366
7200.000	3.356
7210.000	3.380
7220.000	3.396
7230.000	3.365
7240.000	3.347
7250.000	3.356
7260.000	3.328
7270.000	3.330
7280.000	3.338
7290.000	3.367
7300.000	3.373
7310.000	3.366
7320.000	3.354
7330.000	3.339
7340.000	3.312
7350.000	3.341
7360.000	3.325
7370.000	3.340
7380.000	3.319
7390.000	3.294
7400.000	3.370
7410.000	3.292
7420.000	3.330
7430.000	3.367
7440.000	3.350
7450.000	3.339
7460.000	3.357
7470.000	3.395
7480.000	3.316
7490.000	3.330
7500.000	3.368
7510.000	3.311
7520.000	3.351
7530.000	3.303
7540.000	3.332
7550.000	3.333
7560.000	3.326
7570.000	3.325
7580.000	3.300
7590.000	3.296
7600.000	3.292
7610.000	3.300
7620.000	3.311
7630.000	3.334
7640.000	3.301
7650.000	3.318
7660.000	3.271
7670.000	3.292
7680.000	3.227
7690.000	3.308
7700.000	3.289
7710.000	3.292
7720.000	3.277
7730.000	3.279
7740.000	3.265
7750.000	3.265
7760.000	3.298
7770.000	3.283
7780.000	3.293
7790.000	3.318
7800.000	3.292
7810.000	3.294
7820.000	3.283
7830.000	3.239
7840.000	3.217
7850.000	3.277
7860.000	3.273
7870.000	3.283
7880.000	3.279
7890.000	3.231
7900.000	3.265
7910.000	3.222
7920.000	3.286
7930.000	3.299
7940.000	3.254
7950.000	3.255
7960.000	3.294
7970.000	3.269
7980.000	3.217
7990.000	3.256
8000.000	3.241
8010.000	3.287
8020.000	3.281
8030.000	3.220
8040.000	3.251
8050.000	3.262
8060.000	3.182
8070.000	3.193
8080.000	3.218
8090.000	3.265
8100.000	3.219
8110.000	3.232
8120.000	3.171
8130.000	3.171
8140.000	3.227
8150.000	3.213
8160.000	3.194
8170.000	3.191
8180.000	3.202
8190.000	3.180
8200.000	3.176
8210.000	3.165
8220.000	3.174
8230.000	3.190
8240.000	3.192
8250.000	3.160
8260.000	3.152
8270.000	3.177
8280.000	3.186
8290.000	3.213
8300.000	3.192
8310.000	3.154
8320.000	3.158
8330.000	3.180
8340.000	3.176
8350.000	3.176
8360.000	3.198
8370.000	3.189
8380.000	3.154
8390.000	3.143
8400.000	3.142
8410.000	3.129
8420.000	3.139
8430.000	3.183
8440.000	3.186
8450.000	3.165
8460.000	3.162
8470.000	3.162
8480.000	3.187
8490.000	3.149
8500.000	3.099
8510.000	3.111
8520.000	3.154
8530.000	3.157
8540.000	3.110
8550.000	3.078
8560.000	3.082
8570.000	3.144
8580.000	3.113
8590.000	3.131
8600.000	3.122
8610.000	3.089
8620.000	3.095
8630.000	3.130
8640.000	3.096
8650.000	3.116
8660.000	3.135
8670.000	3.124
8680.000	3.141
8690.000	3.164
8700.000	3.141
8710.000	3.097
8720.000	3.077
8730.000	3.121
8740.000	3.116
8750.000	3.125
8760.000	3.150
8770.000	3.118
8780.000	3.108
8790.000	3.099
8800.000	3.127
8810.000	3.100
8820.000	3.123
8830.000	3.092
8840.000	3.102
8850.000	3.065
8860.000	3.044
8870.000	3.069
8880.000	3.052
8890.000	3.026
8900.000	3.039
8910.000	3.060
8920.000	3.060
8930.000	3.074
8940.000	3.050
8950.000	3.095
8960.000	3.083
8970.000	3.039
8980.000	3.027
8990.000	3.044
9000.000	3.012
9010.000	3.030
9020.000	3.057
9030.000	3.025
9040.000	3.059
9050.000	3.015
9060.000	3.031
9070.000	2.997
9080.000	3.037
9090.000	3.053
9100.000	3.006
9110.000	3.038
9120.000	3.030
9130.000	3.004
9140.000	3.013
9150.000	2.979
9160.000	2.975
9170.000	2.943
9180.000	2.991
9190.000	3.014
9200.000	3.024
9210.000	2.964
9220.000	2.974
9230.000	2.959
9240.000	2.952
9250.000	2.951
9260.000	2.903
9270.000	2.957
9280.000	2.925
9290.000	2.925
9300.000	2.984
9310.000	3.052
9320.000	2.954
9330.000	2.996
9340.000	3.015
9350.000	2.983
9360.000	3.020
9370.000	3.004
9380.000	2.993
9390.000	2.994
9400.000	2.987
9410.000	2.959
9420.000	2.918
9430.000	2.935
9440.000	2.986
9450.000	2.957
9460.000	2.953
9470.000	2.950
9480.000	2.960
9490.000	2.989
9500.000	2.964
9510.000	2.969
9520.000	2.977
9530.000	2.931
9540.000	2.909
9550.000	2.879
9560.000	2.913
9570.000	2.912
9580.000	2.901
9590.000	2.871
9600.000	2.895
9610.000	2.863
9620.000	2.905
9630.000	2.899
9640.000	2.881
9650.000	2.884
9660.000	2.857
9670.000	2.851
9680.000	2.841
9690.000	2.893
9700.000	2.873
9710.000	2.930
9720.000	2.895
9730.000	2.854
9740.000	2.807
9750.000	2.857
9760.000	2.885
9770.000	2.886
9780.000	2.910
9790.000	2.851
9800.000	2.869
9810.000	2.843
9820.000	2.835
9830.000	2.852
9840.000	2.855
9850.000	2.824
9860.000	2.800
9870.000	2.844
9880.000	2.815
9890.000	2.817
9900.000	2.894
9910.000	2.873
9920.000	2.837
9930.000	2.857
9940.000	2.853
9950.000	2.876
9960.000	2.845
9970.000	2.836
9980.000	2.818
9990.000	2.818
10000.000	2.792
10010.000	2.819
10020.000	2.875
10030.000	2.874
10040.000	2.854
10050.000	2.803
10060.000	2.816
10070.000	2.832
10080.000	2.828
10090.000	2.779
10100.000	2.793
10110.000	2.818
10120.000	2.805
10130.000	2.826
10140.000	2.813
10150.000	2.804
10160.000	2.781
10170.000	2.802
10180.000	2.825
10190.000	2.780
10200.000	2.774
10210.000	2.724
10220.000	2.741
10230.000	2.728
10240.000	2.768
10250.000	2.776
10260.000	2.758
10270.000	2.747
10280.000	2.748
10290.000	2.771
10300.000	2.726
10310.000	2.765
10320.000	2.712
10330.000	2.729
10340.000	2.746
10350.000	2.721
10360.000	2.739
10370.000	2.721
10380.000	2.747
10390.000	2.681
10400.000	2.731
10410.000	2.700
10420.000	2.686
10430.000	2.736
10440.000	2.703
10450.000	2.712
10460.000	2.719
10470.000	2.741
10480.000	2.730
10490.000	2.752
10500.000	2.712
10510.000	2.711
10520.000	2.699
10530.000	2.679
10540.000	2.739
10550.000	2.687
10560.000	2.660
10570.000	2.651
10580.000	2.669
10590.000	2.708
10600.000	2.689
10610.000	2.703
10620.000	2.668
10630.000	2.713
10640.000	2.655
10650.000	2.613
10660.000	2.669
10670.000	2.658
10680.000	2.636
10690.000	2.635
10700.000	2.656
10710.000	2.620
10720.000	2.610
10730.000	2.617
10740.000	2.638
10750.000	2.694
10760.000	2.708
10770.000	2.652
10780.000	2.648
10790.000	2.657
10800.000	2.641
10810.000	2.607
10820.000	2.623
10830.000	2.647
10840.000	2.615
10850.000	2.626
10860.000	2.617
10870.000	2.630
10880.000	2.634
10890.000	2.596
10900.000	2.603
10910.000	2.593
10920.000	2.588
10930.000	2.562
10940.000	2.570
10950.000	2.592
10960.000	2.583
10970.000	2.599
10980.000	2.574
10990.000	2.581
11000.000	2.565
11010.000	2.557
11020.000	2.561
11030.000	2.563
11040.000	2.582
11050.000	2.600
11060.000	2.622
11070.000	2.617
11080.000	2.561
11090.000	2.543
11100.000	2.541
11110.000	2.561
11120.000	2.577
11130.000	2.558
11140.000	2.572
11150.000	2.566
11160.000	2.567
11170.000	2.497
11180.000	2.538
11190.000	2.574
11200.000	2.568
11210.000	2.562
11220.000	2.577
11230.000	2.562
11240.000	2.545
11250.000	2.522
11260.000	2.518
11270.000	2.540
11280.000	2.521
11290.000	2.532
11300.000	2.535
11310.000	2.540
11320.000	2.586
11330.000	2.580
11340.000	2.520
11350.000	2.528
11360.000	2.500
11370.000	2.495
11380.000	2.504
11390.000	2.517
11400.000	2.483
11410.000	2.491
11420.000	2.504
11430.000	2.476
11440.000	2.453
11450.000	2.469
11460.000	2.486
11470.000	2.486
11480.000	2.472
11490.000	2.443
11500.000	2.495
11510.000	2.499
11520.000	2.474
11530.000	2.474
11540.000	2.437
11550.000	2.461
11560.000	2.435
11570.000	2.459
11580.000	2.431
11590.000	2.458
11600.000	2.434
11610.000	2.427
11620.000	2.418
11630.000	2.457
11640.000	2.446
11650.000	2.440
11660.000	2.404
11670.000	2.436
11680.000	2.440
11690.000	2.419
11700.000	2.426
11710.000	2.442
11720.000	2.461
11730.000	2.426
11740.000	2.431
11750.000	2.396
11760.000	2.388
11770.000	2.395
11780.000	2.390
11790.000	2.408
11800.000	2.406
11810.000	2.437
11820.000	2.418
11830.000	2.385
11840.000	2.392
11850.000	2.436
11860.000	2.450
11870.000	2.421
11880.000	2.375
11890.000	2.392
11900.000	2.391
11910.000	2.370
11920.000	2.385
11930.000	2.378
11940.000	2.423
11950.000	2.412
11960.000	2.389
11970.000	2.356
11980.000	2.391
11990.000	2.397
12000.000	2.414
12010.000	2.400
12020.000	2.380
12030.000	2.344
12040.000	2.351
12050.000	2.361
12060.000	2.387
12070.000	2.332
12080.000	2.370
12090.000	2.393
12100.000	2.372
12110.000	2.360
12120.000	2.363
12130.000	2.358
12140.000	2.300
12150.000	2.278
12160.000	2.311
12170.000	2.355
12180.000	2.344
12190.000	2.336
12200.000	2.310
12210.000	2.333
12220.000	2.283
12230.000	2.291
12240.000	2.326
12250.000	2.322
12260.000	2.341
12270.000	2.317
12280.000	2.299
12290.000	2.287
12300.000	2.289
12310.000	2.311
12320.000	2.305
12330.000	2.250
12340.000	2.282
12350.000	2.288
12360.000	2.286
12370.000	2.263
12380.000	2.258
12390.000	2.298
12400.000	2.280
12410.000	2.238
12420.000	2.262
12430.000	2.239
12440.000	2.252
12450.000	2.304
12460.000	2.292
12470.000	2.278
12480.000	2.290
12490.000	2.280
12500.000	2.234
12510.000	2.253
12520.000	2.214
12530.000	2.253
12540.000	2.272
12550.000	2.250
12560.000	2.216
12570.000	2.210
12580.000	2.201
12590.000	2.201
12600.000	2.231
12610.000	2.247
12620.000	2.226
12630.000	2.215
12640.000	2.261
12650.000	2.282
12660.000	2.263
12670.000	2.257
12680.000	2.241
12690.000	2.186
12700.000	2.192
12710.000	2.198
12720.000	2.206
12730.000	2.241
12740.000	2.184
12750.000	2.210
12760.000	2.227
12770.000	2.193
12780.000	2.192
12790.000	2.178
12800.000	2.224
12810.000	2.211
12820.000	2.227
12830.000	2.174
12840.000	2.187
12850.000	2.152
12860.000	2.177
12870.000	2.182
12880.000	2.185
12890.000	2.221
12900.000	2.193
12910.000	2.153
12920.000	2.133
12930.000	2.141
12940.000	2.150
12950.000	2.182
12960.000	2.158
12970.000	2.141
12980.000	2.179
12990.000	2.185
13000.000	2.184
13010.000	2.157
13020.000	2.167
13030.000	2.208
13040.000	2.183
13050.000	2.191
13060.000	2.178
13070.000	2.147
13080.000	2.154
13090.000	2.160
13100.000	2.157
13110.000	2.145
13120.000	2.130
13130.000	2.132
13140.000	2.150
13150.000	2.115
13160.000	2.110
13170.000	2.147
13180.000	2.167
13190.000	2.169
13200.000	2.125
13210.000	2.111
13220.000	2.107
13230.000	2.096
13240.000	2.091
13250.000	2.065
13260.000	2.098
13270.000	2.119
13280.000	2.141
13290.000	2.128
13300.000	2.118
13310.000	2.110
13320.000	2.137
13330.000	2.102
13340.000	2.087
13350.000	2.107
13360.000	2.091
13370.000	2.132
13380.000	2.100
13390.000	2.105
13400.000	2.087
13410.000	2.090
13420.000	2.079
13430.000	2.086
13440.000	2.157
13450.000	2.105
13460.000	2.098
13470.000	2.091
13480.000	2.100
13490.000	2.129
13500.000	2.065
13510.000	2.119
13520.000	2.136
13530.000	2.084
13540.000	2.069
13550.000	2.061
13560.000	2.034
13570.000	2.048
13580.000	2.068
13590.000	2.071
13600.000	2.117
13610.000	2.083
13620.000	2.095
13630.000	2.081
13640.000	2.085
13650.000	2.073
13660.000	2.079
13670.000	2.038
13680.000	2.051
13690.000	2.018
13700.000	2.055
13710.000	2.046
13720.000	2.095
13730.000	2.080
13740.000	2.072
13750.000	2.119
13760.000	2.094
13770.000	2.079
13780.000	2.064
13790.000	2.051
13800.000	1.987
13810.000	2.011
13820.000	1.996
13830.000	1.994
13840.000	1.975
13850.000	1.985
13860.000	1.987
13870.000	2.031
13880.000	2.037
13890.000	2.060
13900.000	2.086
13910.000	2.045
13920.000	2.080
13930.000	2.048
13940.000	2.041
13950.000	2.015
13960.000	1.996
13970.000	1.977
13980.000	1.989
13990.000	2.017
14000.000	2.039
14010.000	2.063
14020.000	2.087
14030.000	2.090
14040.000	2.126
14050.000	2.127
14060.000	2.099
14070.000	2.079
14080.000	2.078
14090.000	2.045
14100.000	2.028
14110.000	2.019
14120.000	1.956
14130.000	1.924
14140.000	1.936
14150.000	1.967
14160.000	2.006
14170.000	1.974
14180.000	2.001
14190.000	2.018
14200.000	2.030
14210.000	2.003
14220.000	2.077
14230.000	2.065
14240.000	2.083
14250.000	2.059
14260.000	2.014
14270.000	2.003
14280.000	1.958
14290.000	1.960
14300.000	1.926
14310.000	1.958
14320.000	1.932
14330.000	1.919
14340.000	1.937
14350.000	2.032
14360.000	2.059
14370.000	2.064
14380.000	2.082
14390.000	2.053
14400.000	2.099
14410.000	2.105
14420.000	2.070
14430.000	2.061
14440.000	2.044
14450.000	1.980
14460.000	1.954
14470.000	1.946
14480.000	1.907
14490.000	1.904
14500.000	1.902
14510.000	1.936
14520.000	1.928
14530.000	1.968
14540.000	1.997
14550.000	2.023
14560.000	2.032
14570.000	2.049
14580.000	2.044
14590.000	2.052
14600.000	2.070
14610.000	2.058
14620.000	2.000
14630.000	1.971
14640.000	1.926
14650.000	1.863
14660.000	1.830
14670.000	1.798
14680.000	1.790
14690.000	1.834
14700.000	1.875
14710.000	1.879
14720.000	1.890
14730.000	1.925
14740.000	1.983
14750.000	2.023
14760.000	2.051
14770.000	2.084
14780.000	2.117
14790.000	2.144
14800.000	2.103
14810.000	2.054
14820.000	1.997
14830.000	1.946
14840.000	1.906
14850.000	1.840
14860.000	1.821
14870.000	1.760
14880.000	1.779
14890.000	1.776
14900.000	1.801
14910.000	1.764
14920.000	1.793
14930.000	1.875
14940.000	1.891
14950.000	1.959
14960.000	1.948
14970.000	2.003
14980.000	2.033
14990.000	2.042
15000.000	2.020
15010.000	2.072
15020.000	2.069
15030.000	2.006
15040.000	1.977
15050.000	1.920
15060.000	1.840
15070.000	1.790
15080.000	1.737
15090.000	1.740
15100.000	1.747
15110.000	1.758
15120.000	1.766
15130.000	1.799
15140.000	1.816
15150.000	1.824
15160.000	1.884
15170.000	1.890
15180.000	1.933
15190.000	1.914
15200.000	1.936
15210.000	1.953
15220.000	2.005
15230.000	1.996
15240.000	2.004
15250.000	2.013
15260.000	2.005
15270.000	1.938
15280.000	1.869
15290.000	1.796
15300.000	1.726
15310.000	1.688
15320.000	1.646
15330.000	1.686
15340.000	1.680
15350.000	1.721
15360.000	1.803
15370.000	1.798
15380.000	1.809
15390.000	1.884
15400.000	1.894
15410.000	1.948
15420.000	1.973
15430.000	1.973
15440.000	1.984
15450.000	2.002
15460.000	2.037
15470.000	2.116
15480.000	2.093
15490.000	2.074
15500.000	2.001
15510.000	1.921
15520.000	1.831
15530.000	1.775
15540.000	1.699
15550.000	1.625
15560.000	1.581
15570.000	1.602
15580.000	1.654
15590.000	1.682
15600.000	1.741
15610.000	1.755
15620.000	1.768
15630.000	1.845
15640.000	1.893
15650.000	1.963
15660.000	1.970
15670.000	2.034
15680.000	2.084
15690.000	2.106
15700.000	2.142
15710.000	2.156
15720.000	2.163
15730.000	2.105
15740.000	2.053
15750.000	1.993
15760.000	1.889
15770.000	1.802
15780.000	1.697
15790.000	1.619
15800.000	1.585
15810.000	1.563
15820.000	1.559
15830.000	1.609
15840.000	1.645
15850.000	1.684
15860.000	1.719
15870.000	1.740
15880.000	1.808
15890.000	1.794
15900.000	1.824
15910.000	1.887
15920.000	1.891
15930.000	1.848
15940.000	1.888
15950.000	1.947
15960.000	1.971
15970.000	2.016
15980.000	2.090
15990.000	2.124
16000.000	2.077
16010.000	2.063
16020.000	1.984
16030.000	1.886
16040.000	1.781
16050.000	1.680
16060.000	1.602
16070.000	1.520
16080.000	1.534
16090.000	1.504
16100.000	1.486
16110.000	1.553
16120.000	1.580
16130.000	1.641
16140.000	1.647
16150.000	1.693
16160.000	1.740
16170.000	1.799
16180.000	1.835
16190.000	1.939
16200.000	1.998
16210.000	2.058
16220.000	2.150
16230.000	2.167
16240.000	2.180
16250.000	2.184
16260.000	2.199
16270.000	2.229
16280.000	2.151
16290.000	2.028
16300.000	1.927
16310.000	1.802
16320.000	1.694
16330.000	1.577
16340.000	1.491
16350.000	1.450
16360.000	1.470
16370.000	1.488
16380.000	1.535
16390.000	1.599
16400.000	1.657
16410.000	1.665
16420.000	1.720
16430.000	1.768
16440.000	1.779
16450.000	1.773
16460.000	1.847
16470.000	1.889
16480.000	1.910
16490.000	1.957
16500.000	1.965
16510.000	1.992
16520.000	2.021
16530.000	2.081
16540.000	2.083
16550.000	2.118
16560.000	2.182
16570.000	2.197
16580.000	2.137
16590.000	2.105
16600.000	1.982
16610.000	1.813
16620.000	1.669
16630.000	1.607
16640.000	1.521
16650.000	1.507
16660.000	1.581
16670.000	1.628
16680.000	1.660
16690.000	1.690
16700.000	1.706
16710.000	1.706
16720.000	1.729
16730.000	1.796
16740.000	1.821
16750.000	1.854
16760.000	1.921
16770.000	2.020
16780.000	2.086
16790.000	2.172
16800.000	2.235
16810.000	2.272
16820.000	2.319
16830.000	2.358
16840.000	2.430
16850.000	2.442
16860.000	2.484
16870.000	2.504
16880.000	2.443
16890.000	2.263
16900.000	2.122
16910.000	1.899
16920.000	1.707
16930.000	1.547
16940.000	1.430
16950.000	1.393
16960.000	1.406
16970.000	1.449
16980.000	1.482
16990.000	1.507
17000.000	1.564
17010.000	1.605
17020.000	1.672
17030.000	1.685
17040.000	1.810
17050.000	1.864
17060.000	1.945
17070.000	2.007
17080.000	2.120
17090.000	2.210
17100.000	2.263
17110.000	2.348
17120.000	2.332
17130.000	2.325
17140.000	2.357
17150.000	2.359
17160.000	2.396
17170.000	2.383
17180.000	2.413
17190.000	2.429
17200.000	2.376
17210.000	2.271
17220.000	2.108
17230.000	1.922
17240.000	1.653
17250.000	1.473
17260.000	1.404
17270.000	1.387
17280.000	1.426
17290.000	1.546
17300.000	1.665
17310.000	1.714
17320.000	1.816
17330.000	1.853
17340.000	1.902
17350.000	1.915
17360.000	1.979
17370.000	1.965
17380.000	2.020
17390.000	2.039
17400.000	2.080
17410.000	2.145
17420.000	2.223
17430.000	2.257
17440.000	2.321
17450.000	2.378
17460.000	2.455
17470.000	2.605
17480.000	2.773
17490.000	2.800
17500.000	2.877
17510.000	2.849
17520.000	2.821
17530.000	2.677
17540.000	2.542
17550.000	2.314
17560.000	2.092
17570.000	1.829
17580.000	1.660
17590.000	1.531
17600.000	1.497
17610.000	1.530
17620.000	1.575
17630.000	1.622
17640.000	1.665
17650.000	1.718
17660.000	1.740
17670.000	1.782
17680.000	1.862
17690.000	1.971
17700.000	2.052
17710.000	2.146
17720.000	2.146
17730.000	2.155
17740.000	2.174
17750.000	2.176
17760.000	2.178
17770.000	2.254
17780.000	2.406
17790.000	2.448
17800.000	2.472
17810.000	2.459
17820.000	2.515
17830.000	2.546
17840.000	2.695
17850.000	2.860
17860.000	3.004
17870.000	3.072
17880.000	2.957
17890.000	2.722
17900.000	2.415
17910.000	2.060
17920.000	1.749
17930.000	1.529
17940.000	1.446
17950.000	1.431
17960.000	1.429
17970.000	1.495
17980.000	1.536
17990.000	1.599
18000.000	1.641
18010.000	1.745
18020.000	1.800
18030.000	1.886
18040.000	1.955
18050.000	1.961
18060.000	1.980
18070.000	2.079
18080.000	2.158
18090.000	2.256
18100.000	2.393
18110.000	2.454
18120.000	2.441
18130.000	2.496
18140.000	2.602
18150.000	2.615
18160.000	2.639
18170.000	2.731
18180.000	2.769
18190.000	2.813
18200.000	2.815
18210.000	2.803
18220.000	2.791
18230.000	2.731
18240.000	2.601
18250.000	2.451
18260.000	2.221
18270.000	1.988
18280.000	1.756
18290.000	1.564
18300.000	1.439
18310.000	1.403
18320.000	1.345
18330.000	1.378
18340.000	1.399
18350.000	1.417
18360.000	1.450
18370.000	1.528
18380.000	1.662
18390.000	1.741
18400.000	1.845
18410.000	1.943
18420.000	1.991
18430.000	2.077
18440.000	2.128
18450.000	2.274
18460.000	2.328
18470.000	2.401
18480.000	2.459
18490.000	2.491
18500.000	2.511
18510.000	2.539
18520.000	2.589
18530.000	2.712
18540.000	2.810
18550.000	2.865
18560.000	2.963
18570.000	3.045
18580.000	3.018
18590.000	2.972
18600.000	2.866
18610.000	2.739
18620.000	2.443
18630.000	2.094
18640.000	1.699
18650.000	1.376
18660.000	1.238
18670.000	1.166
18680.000	1.193
18690.000	1.290
18700.000	1.364
18710.000	1.476
18720.000	1.542
18730.000	1.652
18740.000	1.698
18750.000	1.734
18760.000	1.758
18770.000	1.774
18780.000	1.863
18790.000	1.942
18800.000	1.995
18810.000	1.970
18820.000	1.956
18830.000	1.976
18840.000	2.076
18850.000	2.165
18860.000	2.197
18870.000	2.243
18880.000	2.301
18890.000	2.356
18900.000	2.485
18910.000	2.571
18920.000	2.597
18930.000	2.638
18940.000	2.767
18950.000	2.843
18960.000	2.980
18970.000	3.075
18980.000	3.102
18990.000	2.983
19000.000	2.750
19010.000	2.387
19020.000	1.978
19030.000	1.658
19040.000	1.337
19050.000	1.170
19060.000	1.157
19070.000	1.163
19080.000	1.197
19090.000	1.202
19100.000	1.207
19110.000	1.254
19120.000	1.311
19130.000	1.385
19140.000	1.472
19150.000	1.504
19160.000	1.586
19170.000	1.669
19180.000	1.733
19190.000	1.758
19200.000	1.858
19210.000	1.934
19220.000	1.974
19230.000	1.971
19240.000	2.003
19250.000	2.056
19260.000	2.154
19270.000	2.220
19280.000	2.303
19290.000	2.300
19300.000	2.336
19310.000	2.383
19320.000	2.426
19330.000	2.566
19340.000	2.698
19350.000	2.732
19360.000	2.896
19370.000	2.973
19380.000	2.948
19390.000	2.928
19400.000	2.690
19410.000	2.299
19420.000	1.857
19430.000	1.496
19440.000	1.203
19450.000	1.101
19460.000	1.066
19470.000	1.115
19480.000	1.117
19490.000	1.144
19500.000	1.200
19510.000	1.214
19520.000	1.223
19530.000	1.275
19540.000	1.330
19550.000	1.446
19560.000	1.459
19570.000	1.487
19580.000	1.550
19590.000	1.581
19600.000	1.705
19610.000	1.774
19620.000	1.880
19630.000	2.002
19640.000	2.160
19650.000	2.244
19660.000	2.261
19670.000	2.248
19680.000	2.313
19690.000	2.386
19700.000	2.549
19710.000	2.674
19720.000	2.852
19730.000	2.976
19740.000	3.135
19750.000	3.167
19760.000	3.164
19770.000	3.152
19780.000	3.101
19790.000	3.008
19800.000	2.827
19810.000	2.497
19820.000	2.072
19830.000	1.565
19840.000	1.222
19850.000	0.990
19860.000	0.924
19870.000	0.903
19880.000	0.945
19890.000	0.998
19900.000	1.047
19910.000	1.083
19920.000	1.157
19930.000	1.207
19940.000	1.328
19950.000	1.419
19960.000	1.494
19970.000	1.534
19980.000	1.585
19990.000	1.630
20000.000	1.653
20010.000	1.682
20020.000	1.688
20030.000	1.716
20040.000	1.762
20050.000	1.822
20060.000	1.899
20070.000	2.028
20080.000	2.135
20090.000	2.229
20100.000	2.353
20110.000	2.471
20120.000	2.555
20130.000	2.640
20140.000	2.652
20150.000	2.732
20160.000	2.813
20170.000	2.828
20180.000	2.869
20190.000	2.987
20200.000	3.056
20210.000	3.036
20220.000	3.023
20230.000	2.792
20240.000	2.473
20250.000	2.009
20260.000	1.558
20270.000	1.218
20280.000	1.036
20290.000	0.976
20300.000	0.994
20310.000	1.005
20320.000	1.036
20330.000	1.073
20340.000	1.131
20350.000	1.199
20360.000	1.299
20370.000	1.444
20380.000	1.541
20390.000	1.670
20400.000	1.711
20410.000	1.715
20420.000	1.742
20430.000	1.816
20440.000	1.878
20450.000	1.917
20460.000	1.926
20470.000	1.937
20480.000	1.945
20490.000	2.011
20500.000	2.142
20510.000	2.207
20520.000	2.307
20530.000	2.401
20540.000	2.526
20550.000	2.614
20560.000	2.663
20570.000	2.710
20580.000	2.784
20590.000	2.848
20600.000	2.870
20610.000	2.922
20620.000	3.007
20630.000	3.118
20640.000	3.206
20650.000	3.278
20660.000	3.241
20670.000	3.000
20680.000	2.647
20690.000	2.040
20700.000	1.595
20710.000	1.230
20720.000	1.022
20730.000	0.955
20740.000	0.953
20750.000	1.028
20760.000	1.142
20770.000	1.193
20780.000	1.233
20790.000	1.268
20800.000	1.306
20810.000	1.380
20820.000	1.475
20830.000	1.598
20840.000	1.672
20850.000	1.776
20860.000	1.901
20870.000	2.025
20880.000	2.084
20890.000	2.158
20900.000	2.175
20910.000	2.152
20920.000	2.139
20930.000	2.220
20940.000	2.404
20950.000	2.503
20960.000	2.644
20970.000	2.729
20980.000	2.798
20990.000	2.850
21000.000	2.842
21010.000	2.923
21020.000	2.998
21030.000	3.109
21040.000	3.121
21050.000	3.211
21060.000	3.198
21070.000	3.260
21080.000	3.312
21090.000	3.400
21100.000	3.415
21110.000	3.315
21120.000	2.947
21130.000	2.550
21140.000	1.951
21150.000	1.447
21160.000	1.112
21170.000	0.919
21180.000	0.902
21190.000	0.978
21200.000	1.087
21210.000	1.195
21220.000	1.357
21230.000	1.463
21240.000	1.561
21250.000	1.661
21260.000	1.657
21270.000	1.752
21280.000	1.766
21290.000	1.901
21300.000	1.974
21310.000	2.110
21320.000	2.215
21330.000	2.351
21340.000	2.377
21350.000	2.442
21360.000	2.407
21370.000	2.399
21380.000	2.431
21390.000	2.453
21400.000	2.672
21410.000	2.825
21420.000	2.919
21430.000	3.031
21440.000	3.047
21450.000	3.138
21460.000	3.225
21470.000	3.372
21480.000	3.425
21490.000	3.511
21500.000	3.644
21510.000	3.632
21520.000	3.695
21530.000	3.676
21540.000	3.691
21550.000	3.780
21560.000	3.773
21570.000	3.703
21580.000	3.385
21590.000	2.915
21600.000	2.238
21610.000	1.607
21620.000	1.280
21630.000	1.085
21640.000	1.041
21650.000	1.057
21660.000	1.173
21670.000	1.268
21680.000	1.338
21690.000	1.395
21700.000	1.428
21710.000	1.473
21720.000	1.567
21730.000	1.694
21740.000	1.890
21750.000	2.110
21760.000	2.279
21770.000	2.431
21780.000	2.460
21790.000	2.446
21800.000	2.463
21810.000	2.480
21820.000	2.480
21830.000	2.518
21840.000	2.602
21850.000	2.737
21860.000	2.893
21870.000	3.048
21880.000	3.116
21890.000	3.272
21900.000	3.361
21910.000	3.445
21920.000	3.568
21930.000	3.725
21940.000	3.793
21950.000	3.853
21960.000	3.912
21970.000	4.014
21980.000	4.023
21990.000	4.067
22000.000	4.180
22010.000	4.263
22020.000	4.392
22030.000	4.401
22040.000	4.303
22050.000	4.052
22060.000	3.436
22070.000	2.705
22080.000	1.943
22090.000	1.428
22100.000	1.182
22110.000	1.098
22120.000	1.075
22130.000	1.155
22140.000	1.220
22150.000	1.325
22160.000	1.386
22170.000	1.482
22180.000	1.534
22190.000	1.644
22200.000	1.794
22210.000	1.975
22220.000	2.175
22230.000	2.389
22240.000	2.579
22250.000	2.709
22260.000	2.761
22270.000	2.848
22280.000	2.803
22290.000	2.827
22300.000	2.869
22310.000	2.880
22320.000	2.910
22330.000	3.069
22340.000	3.245
22350.000	3.401
22360.000	3.586
22370.000	3.702
22380.000	3.793
22390.000	3.897
22400.000	3.978
22410.000	4.022
22420.000	4.101
22430.000	4.228
22440.000	4.336
22450.000	4.353
22460.000	4.423
22470.000	4.383
22480.000	4.399
22490.000	4.427
22500.000	4.409
22510.000	4.394
22520.000	4.348
22530.000	4.157
22540.000	3.689
22550.000	3.086
22560.000	2.355
22570.000	1.707
22580.000	1.327
22590.000	1.142
22600.000	1.125
22610.000	1.201
22620.000	1.260
22630.000	1.359
22640.000	1.368
22650.000	1.465
22660.000	1.583
22670.000	1.718
22680.000	1.848
22690.000	2.030
22700.000	2.145
22710.000	2.233
22720.000	2.373
22730.000	2.547
22740.000	2.722
22750.000	2.841
22760.000	2.933
22770.000	2.903
22780.000	2.837
22790.000	2.843
22800.000	2.924
22810.000	3.123
22820.000	3.322
22830.000	3.561
22840.000	3.567
22850.000	3.502
22860.000	3.469
22870.000	3.501
22880.000	3.669
22890.000	3.810
22900.000	3.947
22910.000	4.023
22920.000	4.150
22930.000	4.215
22940.000	4.309
22950.000	4.441
22960.000	4.551
22970.000	4.700
22980.000	4.847
22990.000	5.001
23000.000	5.062
23010.000	5.001
23020.000	4.731
23030.000	4.250
23040.000	3.516
23050.000	2.676
23060.000	1.873
23070.000	1.374
23080.000	1.153
23090.000	1.070
23100.000	1.098
23110.000	1.163
23120.000	1.236
23130.000	1.311
23140.000	1.379
23150.000	1.448
23160.000	1.572
23170.000	1.667
23180.000	1.767
23190.000	1.850
23200.000	1.924
23210.000	2.056
23220.000	2.145
23230.000	2.219
23240.000	2.338
23250.000	2.407
23260.000	2.415
23270.000	2.385
23280.000	2.327
23290.000	2.372
23300.000	2.462
23310.000	2.592
23320.000	2.810
23330.000	2.958
23340.000	3.130
23350.000	3.278
23360.000	3.406
23370.000	3.531
23380.000	3.701
23390.000	3.826
23400.000	3.858
23410.000	3.919
23420.000	4.081
23430.000	4.158
23440.000	4.302
23450.000	4.427
23460.000	4.588
23470.000	4.687
23480.000	4.762
23490.000	4.762
23500.000	4.725
23510.000	4.656
23520.000	4.495
23530.000	4.267
23540.000	3.972
23550.000	3.533
23560.000	2.855
23570.000	2.128
23580.000	1.571
23590.000	1.215
23600.000	1.033
23610.000	0.961
23620.000	0.984
23630.000	1.017
23640.000	1.063
23650.000	1.151
23660.000	1.203
23670.000	1.234
23680.000	1.314
23690.000	1.365
23700.000	1.474
23710.000	1.506
23720.000	1.531
23730.000	1.573
23740.000	1.632
23750.000	1.706
23760.000	1.823
23770.000	1.985
23780.000	2.151
23790.000	2.227
23800.000	2.307
23810.000	2.358
23820.000	2.456
23830.000	2.629
23840.000	2.770
23850.000	2.940
23860.000	3.073
23870.000	3.190
23880.000	3.278
23890.000	3.363
23900.000	3.497
23910.000	3.620
23920.000	3.697
23930.000	3.772
23940.000	3.874
23950.000	3.993
23960.000	4.071
23970.000	4.135
23980.000	4.195
23990.000	4.301
24000.000	4.374
24010.000	4.474
24020.000	4.415
24030.000	4.381
24040.000	4.157
24050.000	3.864
24060.000	3.383
24070.000	2.767
24080.000	2.115
24090.000	1.540
24100.000	1.114
24110.000	0.922
24120.000	0.868
24130.000	0.880
24140.000	0.904
24150.000	0.926
24160.000	0.993
24170.000	1.020
24180.000	1.044
24190.000	1.141
24200.000	1.247
24210.000	1.357
24220.000	1.480
24230.000	1.551
24240.000	1.676
24250.000	1.806
24260.000	1.893
24270.000	1.974
24280.000	1.986
24290.000	2.069
24300.000	2.161
24310.000	2.237
24320.000	2.326
24330.000	2.372
24340.000	2.471
24350.000	2.562
24360.000	2.701
24370.000	2.859
24380.000	2.990
24390.000	3.124
24400.000	3.273
24410.000	3.486
24420.000	3.680
24430.000	3.679
24440.000	3.747
24450.000	3.791
24460.000	3.774
24470.000	3.828
24480.000	3.903
24490.000	3.949
24500.000	3.988
24510.000	3.924
24520.000	3.868
24530.000	3.780
24540.000	3.665
24550.000	3.563
24560.000	3.432
24570.000	3.341
24580.000	3.113
24590.000	2.791
24600.000	2.278
24610.000	1.768
24620.000	1.351
24630.000	1.070
24640.000	0.916
24650.000	0.861
24660.000	0.858
24670.000	0.900
24680.000	0.979
24690.000	1.031
24700.000	1.094
24710.000	1.171
24720.000	1.246
24730.000	1.300
24740.000	1.367
24750.000	1.462
24760.000	1.526
24770.000	1.566
24780.000	1.656
24790.000	1.745
24800.000	1.876
24810.000	1.984
24820.000	2.125
24830.000	2.261
24840.000	2.374
24850.000	2.500
24860.000	2.581
24870.000	2.682
24880.000	2.811
24890.000	2.923
24900.000	3.039
24910.000	3.052
24920.000	3.176
24930.000	3.290
24940.000	3.396
24950.000	3.458
24960.000	3.534
24970.000	3.593
24980.000	3.608
24990.000	3.618
25000.000	3.561
25010.000	3.463
25020.000	3.391
25030.000	3.296
25040.000	3.316
25050.000	3.341
25060.000	3.456
25070.000	3.532
25080.000	3.591
25090.000	3.632
25100.000	3.522
25110.000	3.416
25120.000	3.236
25130.000	2.837
25140.000	2.347
25150.000	1.854
25160.000	1.479
25170.000	1.230
25180.000	1.129
25190.000	1.037
25200.000	1.056
25210.000	1.084
25220.000	1.155
25230.000	1.193
25240.000	1.277
25250.000	1.381
25260.000	1.479
25270.000	1.544
25280.000	1.606
25290.000	1.648
25300.000	1.655
25310.000	1.745
25320.000	1.769
25330.000	1.880
25340.000	1.985
25350.000	2.154
25360.000	2.330
25370.000	2.457
25380.000	2.630
25390.000	2.736
25400.000	2.850
25410.000	2.959
25420.000	3.026
25430.000	3.101
25440.000	3.190
25450.000	3.239
25460.000	3.347
25470.000	3.387
25480.000	3.464
25490.000	3.438
25500.000	3.439
25510.000	3.391
25520.000	3.250
25530.000	3.159
25540.000	3.053
25550.000	3.052
25560.000	3.087
25570.000	3.165
25580.000	3.315
25590.000	3.426
25600.000	3.608
25610.000	3.727
25620.000	3.810
25630.000	3.883
25640.000	3.895
25650.000	3.804
25660.000	3.700
25670.000	3.350
25680.000	2.898
25690.000	2.339
25700.000	1.782
25710.000	1.399
25720.000	1.187
25730.000	1.110
25740.000	1.108
25750.000	1.142
25760.000	1.213
25770.000	1.367
25780.000	1.445
25790.000	1.546
25800.000	1.686
25810.000	1.786
25820.000	1.889
25830.000	1.986
25840.000	2.027
25850.000	2.054
25860.000	2.128
25870.000	2.237
25880.000	2.260
25890.000	2.337
25900.000	2.389
25910.000	2.534
25920.000	2.681
25930.000	2.821
25940.000	3.032
25950.000	3.166
25960.000	3.173
25970.000	3.283
25980.000	3.309
25990.000	3.374
26000.000	3.398
26010.000	3.351
26020.000	3.301
26030.000	3.161
26040.000	3.063
26050.000	2.914
26060.000	2.866
26070.000	2.850
26080.000	2.845
26090.000	2.961
26100.000	3.013
26110.000	3.102
26120.000	3.206
26130.000	3.341
26140.000	3.413
26150.000	3.465
26160.000	3.587
26170.000	3.719
26180.000	3.862
26190.000	3.965
26200.000	4.061
26210.000	4.015
26220.000	3.770
26230.000	3.302
26240.000	2.758
26250.000	2.262
26260.000	1.829
26270.000	1.526
26280.000	1.367
26290.000	1.372
26300.000	1.446
26310.000	1.507
26320.000	1.615
26330.000	1.701
26340.000	1.817
26350.000	1.928
26360.000	2.014
26370.000	2.143
26380.000	2.226
26390.000	2.355
26400.000	2.423
26410.000	2.530
26420.000	2.607
26430.000	2.646
26440.000	2.708
26450.000	2.829
26460.000	2.937
26470.000	3.079
26480.000	3.243
26490.000	3.335
26500.000	3.499
26510.000	3.583
26520.000	3.649
26530.000	3.703
26540.000	3.604
26550.000	3.468
26560.000	3.197
26570.000	3.039
26580.000	2.912
26590.000	2.795
26600.000	2.763
26610.000	2.836
26620.000	2.879
26630.000	2.970
26640.000	3.064
26650.000	3.107
26660.000	3.257
26670.000	3.390
26680.000	3.486
26690.000	3.677
26700.000	3.827
26710.000	3.944
26720.000	4.026
26730.000	4.167
26740.000	4.307
26750.000	4.405
26760.000	4.453
26770.000	4.410
26780.000	4.160
26790.000	3.799
26800.000	3.280
26810.000	2.780
26820.000	2.277
26830.000	1.908
26840.000	1.667
26850.000	1.590
26860.000	1.595
26870.000	1.699
26880.000	1.839
26890.000	1.969
26900.000	2.075
26910.000	2.157
26920.000	2.246
26930.000	2.384
26940.000	2.456
26950.000	2.600
26960.000	2.730
26970.000	2.898
26980.000	3.112
26990.000	3.269
27000.000	3.423
27010.000	3.590
27020.000	3.719
27030.000	3.800
27040.000	3.923
27050.000	3.933
27060.000	3.847
27070.000	3.761
27080.000	3.629
27090.000	3.423
27100.000	3.206
27110.000	2.997
27120.000	2.875
27130.000	2.813
27140.000	2.807
27150.000	2.883
27160.000	2.990
27170.000	3.121
27180.000	3.230
27190.000	3.294
27200.000	3.398
27210.000	3.530
27220.000	3.665
27230.000	3.719
27240.000	3.856
27250.000	3.971
27260.000	4.065
27270.000	4.167
27280.000	4.304
27290.000	4.453
27300.000	4.593
27310.000	4.600
27320.000	4.646
27330.000	4.692
27340.000	4.573
27350.000	4.395
27360.000	4.081
27370.000	3.630
27380.000	3.122
27390.000	2.661
27400.000	2.292
27410.000	1.996
27420.000	1.879
27430.000	1.868
27440.000	1.923
27450.000	2.000
27460.000	2.178
27470.000	2.288
27480.000	2.441
27490.000	2.522
27500.000	2.710
27510.000	2.827
27520.000	2.930
27530.000	3.027
27540.000	3.149
27550.000	3.277
27560.000	3.470
27570.000	3.612
27580.000	3.747
27590.000	3.833
27600.000	3.936
27610.000	3.921
27620.000	3.884
27630.000	3.698
27640.000	3.413
27650.000	3.113
27660.000	2.842
27670.000	2.705
27680.000	2.633
27690.000	2.647
27700.000	2.744
27710.000	2.823
27720.000	2.946
27730.000	3.108
27740.000	3.281
27750.000	3.443
27760.000	3.561
27770.000	3.690
27780.000	3.770
27790.000	3.930
27800.000	4.008
27810.000	4.094
27820.000	4.136
27830.000	4.295
27840.000	4.381
27850.000	4.428
27860.000	4.551
27870.000	4.656
27880.000	4.796
27890.000	4.818
27900.000	4.825
27910.000	4.889
27920.000	4.821
27930.000	4.708
27940.000	4.499
27950.000	4.088
27960.000	3.656
27970.000	3.268
27980.000	2.854
27990.000	2.459
28000.000	2.298
28010.000	2.235
28020.000	2.328
28030.000	2.389
28040.000	2.542
28050.000	2.634
28060.000	2.777
28070.000	2.937
28080.000	3.083
28090.000	3.242
28100.000	3.394
28110.000	3.553
28120.000	3.625
28130.000	3.715
28140.000	3.789
28150.000	3.876
28160.000	3.820
28170.000	3.739
28180.000	3.568
28190.000	3.378
28200.000	3.124
28210.000	2.901
28220.000	2.668
28230.000	2.529
28240.000	2.461
28250.000	2.508
28260.000	2.605
28270.000	2.664
28280.000	2.753
28290.000	2.857
28300.000	2.989
28310.000	3.106
28320.000	3.178
28330.000	3.339
28340.000	3.504
28350.000	3.605
28360.000	3.769
28370.000	3.822
28380.000	3.941
28390.000	4.069
28400.000	4.137
28410.000	4.273
28420.000	4.417
28430.000	4.521
28440.000	4.605
28450.000	4.669
28460.000	4.783
28470.000	5.059
28480.000	5.105
28490.000	5.120
28500.000	5.120
28510.000	5.120
28520.000	5.105
28530.000	4.859
28540.000	4.487
28550.000	4.083
28560.000	3.626
28570.000	3.165
28580.000	2.841
28590.000	2.640
28600.000	2.579
28610.000	2.636
28620.000	2.753
28630.000	2.874
28640.000	2.980
28650.000	3.113
28660.000	3.183
28670.000	3.343
28680.000	3.445
28690.000	3.520
28700.000	3.622
28710.000	3.688
28720.000	3.673
28730.000	3.614
28740.000	3.496
28750.000	3.306
28760.000	3.029
28770.000	2.801
28780.000	2.525
28790.000	2.317
28800.000	2.222
28810.000	2.257
28820.000	2.293
28830.000	2.400
28840.000	2.475
28850.000	2.637
28860.000	2.716
28870.000	2.855
28880.000	2.994
28890.000	3.126
28900.000	3.256
28910.000	3.364
28920.000	3.479
28930.000	3.566
28940.000	3.649
28950.000	3.785
28960.000	3.944
28970.000	4.116
28980.000	4.232
28990.000	4.422
29000.000	4.576
29010.000	4.758
29020.000	4.897
29030.000	4.982
29040.000	5.113
29050.000	5.120
29060.000	5.120
29070.000	5.120
29080.000	5.120
29090.000	5.120
29100.000	5.120
29110.000	5.120
29120.000	5.120
29130.000	4.935
29140.000	4.556
29150.000	4.128
29160.000	3.795
29170.000	3.510
29180.000	3.273
29190.000	3.193
29200.000	3.118
29210.000	3.213
29220.000	3.278
29230.000	3.361
29240.000	3.464
29250.000	3.588
29260.000	3.719
29270.000	3.777
29280.000	3.763
29290.000	3.697
29300.000	3.618
29310.000	3.392
29320.000	3.183
29330.000	2.884
29340.000	2.603
29350.000	2.344
29360.000	2.206
29370.000	2.109
29380.000	2.162
29390.000	2.208
29400.000	2.317
29410.000	2.411
29420.000	2.511
29430.000	2.629
29440.000	2.735
29450.000	2.883
29460.000	3.026
29470.000	3.099
29480.000	3.224
29490.000	3.364
29500.000	3.473
29510.000	3.606
29520.000	3.696
29530.000	3.815
29540.000	3.918
29550.000	3.986
29560.000	4.069
29570.000	4.265
29580.000	4.326
29590.000	4.480
29600.000	4.579
29610.000	4.709
29620.000	4.898
29630.000	4.969
29640.000	5.108
29650.000	5.120
29660.000	5.120
29670.000	5.120
29680.000	5.120
29690.000	5.120
29700.000	5.120
29710.000	5.120
29720.000	5.120
29730.000	5.120
29740.000	4.876
29750.000	4.592
29760.000	4.293
29770.000	4.039
29780.000	3.747
29790.000	3.625
29800.000	3.617
29810.000	3.607
29820.000	3.700
29830.000	3.737
29840.000	3.821
29850.000	3.824
29860.000	3.816
29870.000	3.743
29880.000	3.609
29890.000	3.464
29900.000	3.249
29910.000	3.013
29920.000	2.774
29930.000	2.517
29940.000	2.319
29950.000	2.204
29960.000	2.195
29970.000	2.290
29980.000	2.376
29990.000	2.440
30000.000	2.578
30010.000	2.678
30020.000	2.809
30030.000	2.958
30040.000	3.105
30050.000	3.177
30060.000	3.278
30070.000	3.342
30080.000	3.444
30090.000	3.527
30100.000	3.645
30110.000	3.744
30120.000	3.821
30130.000	3.855
30140.000	4.044
30150.000	4.194
30160.000	4.304
30170.000	4.341
30180.000	4.444
30190.000	4.624
30200.000	4.832
30210.000	4.927
30220.000	5.031
30230.000	5.120
30240.000	5.120
30250.000	5.120
30260.000	5.120
30270.000	5.120
30280.000	5.120
30290.000	5.120
30300.000	5.120
30310.000	5.120
30320.000	5.120
30330.000	5.120
30340.000	5.120
30350.000	5.120
30360.000	5.000
30370.000	4.725
30380.000	4.500
30390.000	4.283
30400.000	4.157
30410.000	4.153
30420.000	4.176
30430.000	4.161
30440.000	4.182
30450.000	4.171
30460.000	4.095
30470.000	3.905
30480.000	3.687
30490.000	3.426
30500.000	3.115
30510.000	2.882
30520.000	2.609
30530.000	2.446
30540.000	2.382
30550.000	2.417
30560.000	2.498
30570.000	2.609
30580.000	2.679
30590.000	2.830
30600.000	2.919
30610.000	3.026
30620.000	3.086
30630.000	3.121
30640.000	3.273
30650.000	3.355
30660.000	3.413
30670.000	3.457
30680.000	3.511
30690.000	3.575
30700.000	3.617
30710.000	3.769
30720.000	3.870
30730.000	4.003
30740.000	4.076
30750.000	4.176
30760.000	4.309
30770.000	4.408
30780.000	4.544
30790.000	4.711
30800.000	4.800
30810.000	4.872
30820.000	5.026
30830.000	5.120
30840.000	5.120
30850.000	5.120
30860.000	5.120
30870.000	5.120
30880.000	5.120
30890.000	5.120
30900.000	5.120
30910.000	5.120
30920.000	5.120
30930.000	5.120
30940.000	5.120
30950.000	5.120
30960.000	5.120
30970.000	5.120
30980.000	5.120
30990.000	5.120
31000.000	5.026
31010.000	4.840
31020.000	4.711
31030.000	4.666
31040.000	4.561
31050.000	4.416
31060.000	4.238
31070.000	4.012
31080.000	3.760
31090.000	3.594
31100.000	3.285
31110.000	3.054
31120.000	2.834
31130.000	2.745
31140.000	2.717
31150.000	2.747
31160.000	2.868
31170.000	3.000
31180.000	3.039
31190.000	3.075
31200.000	3.113
31210.000	3.178
31220.000	3.209
31230.000	3.257
31240.000	3.278
31250.000	3.317
31260.000	3.356
31270.000	3.478
31280.000	3.534
31290.000	3.669
31300.000	3.730
31310.000	3.881
31320.000	3.953
31330.000	4.091
31340.000	4.257
31350.000	4.349
31360.000	4.463
31370.000	4.582
31380.000	4.712
31390.000	4.855
31400.000	4.887
31410.000	4.994
31420.000	5.087
31430.000	5.120
31440.000	5.120
31450.000	5.120
31460.000	5.120
31470.000	5.120
31480.000	5.120
31490.000	5.120
31500.000	5.120
31510.000	5.120
31520.000	5.120
31530.000	5.120
31540.000	5.120
31550.000	5.120
31560.000	5.120
31570.000	5.120
31580.000	5.120
31590.000	5.120
31600.000	5.120
31610.000	5.120
31620.000	5.120
31630.000	5.120
31640.000	5.112
31650.000	4.840
31660.000	4.592
31670.000	4.345
31680.000	4.102
31690.000	3.837
31700.000	3.534
31710.000	3.252
31720.000	3.010
31730.000	2.986
31740.000	2.997
31750.000	3.010
31760.000	3.094
31770.000	3.134
31780.000	3.107
31790.000	3.160
31800.000	3.211
31810.000	3.275
31820.000	3.272
31830.000	3.297
31840.000	3.319
31850.000	3.344
31860.000	3.397
31870.000	3.493
31880.000	3.581
31890.000	3.702
31900.000	3.823
31910.000	3.935
31920.000	4.123
31930.000	4.190
31940.000	4.262
31950.000	4.382
31960.000	4.505
31970.000	4.583
31980.000	4.731
31990.000	4.793
32000.000	4.942
32010.000	5.008
32020.000	5.071
32030.000	5.120
32040.000	5.120
32050.000	5.120
32060.000	5.120
32070.000	5.120
32080.000	5.120
32090.000	5.120
32100.000	5.120
32110.000	5.120
32120.000	5.120
32130.000	5.120
32140.000	5.120
32150.000	5.120
32160.000	5.120
32170.000	5.120
32180.000	5.120
32190.000	5.120
32200.000	5.120
32210.000	5.120
32220.000	5.120
32230.000	5.120
32240.000	5.120
32250.000	5.120
32260.000	5.021
32270.000	4.676
32280.000	4.440
32290.000	4.251
32300.000	3.954
32310.000	3.669
32320.000	3.490
32330.000	3.383
32340.000	3.324
32350.000	3.273
32360.000	3.282
32370.000	3.279
32380.000	3.335
32390.000	3.257
32400.000	3.285
32410.000	3.261
32420.000	3.292
32430.000	3.263
32440.000	3.308
32450.000	3.405
32460.000	3.462
32470.000	3.643
32480.000	3.697
32490.000	3.806
32500.000	3.956
32510.000	4.075
32520.000	4.117
32530.000	4.227
32540.000	4.299
32550.000	4.446
32560.000	4.537
32570.000	4.635
32580.000	4.798
32590.000	4.880
32600.000	4.971
32610.000	5.070
32620.000	5.120
32630.000	5.120
32640.000	5.120
32650.000	5.120
32660.000	5.120
32670.000	5.120
32680.000	5.120
32690.000	5.120
32700.000	5.120
32710.000	5.120
32720.000	5.120
32730.000	5.120
32740.000	5.120
32750.000	5.120
32760.000	5.120
32770.000	5.120
32780.000	5.120
32790.000	5.120
32800.000	5.120
32810.000	5.120
32820.000	5.120
32830.000	5.120
32840.000	5.120
32850.000	5.120
32860.000	5.120
32870.000	5.120
32880.000	5.112
32890.000	4.829
32900.000	4.613
32910.000	4.274
32920.000	3.981
32930.000	3.704
32940.000	3.535
32950.000	3.423
32960.000	3.346
32970.000	3.263
32980.000	3.223
32990.000	3.179
33000.000	3.134
33010.000	3.161
33020.000	3.208
33030.000	3.292
33040.000	3.365
33050.000	3.467
33060.000	3.531
33070.000	3.633
33080.000	3.748
33090.000	3.787
33100.000	3.922
33110.000	4.004
33120.000	4.035
33130.000	4.131
33140.000	4.320
33150.000	4.370
33160.000	4.470
33170.000	4.549
33180.000	4.586
33190.000	4.741
33200.000	4.847
33210.000	4.921
33220.000	4.926
33230.000	4.891
33240.000	4.933
33250.000	5.010
33260.000	5.069
33270.000	5.120
33280.000	5.120
33290.000	5.120
33300.000	5.120
33310.000	5.120
33320.000	5.120
33330.000	5.120
33340.000	5.120
33350.000	5.120
33360.000	5.120
33370.000	5.120
33380.000	5.120
33390.000	5.120
33400.000	5.120
33410.000	5.120
33420.000	5.120
33430.000	5.120
33440.000	5.120
33450.000	5.120
33460.000	5.120
33470.000	5.120
33480.000	5.120
33490.000	5.119
33500.000	4.966
33510.000	4.690
33520.000	4.395
33530.000	4.048
33540.000	3.759
33550.000	3.504
33560.000	3.322
33570.000	3.189
33580.000	3.136
33590.000	3.037
33600.000	3.049
33610.000	3.044
33620.000	3.099
33630.000	3.115
33640.000	3.222
33650.000	3.306
33660.000	3.380
33670.000	3.454
33680.000	3.493
33690.000	3.598
33700.000	3.662
33710.000	3.760
33720.000	3.811
33730.000	3.876
33740.000	3.924
33750.000	3.954
33760.000	4.071
33770.000	4.157
33780.000	4.147
33790.000	4.215
33800.000	4.341
33810.000	4.404
33820.000	4.404
33830.000	4.526
33840.000	4.585
33850.000	4.617
33860.000	4.635
33870.000	4.685
33880.000	4.718
33890.000	4.794
33900.000	4.873
33910.000	4.943
33920.000	5.016
33930.000	5.051
33940.000	5.120
33950.000	5.119
33960.000	5.120
33970.000	5.120
33980.000	5.120
33990.000	5.120
34000.000	5.120
34010.000	5.120
34020.000	5.120
34030.000	5.120
34040.000	5.120
34050.000	5.120
34060.000	5.120
34070.000	5.120
34080.000	5.120
34090.000	5.120
34100.000	4.970
34110.000	4.747
34120.000	4.532
34130.000	4.283
34140.000	3.982
34150.000	3.743
34160.000	3.435
34170.000	3.239
34180.000	3.050
34190.000	2.938
34200.000	2.868
34210.000	2.828
34220.000	2.836
34230.000	2.878
34240.000	2.959
34250.000	3.006
34260.000	3.073
34270.000	3.085
34280.000	3.177
34290.000	3.243
34300.000	3.300
34310.000	3.410
34320.000	3.461
34330.000	3.488
34340.000	3.534
34350.000	3.588
34360.000	3.684
34370.000	3.729
34380.000	3.789
34390.000	3.762
34400.000	3.798
34410.000	3.856
34420.000	3.865
34430.000	3.888
34440.000	3.962
34450.000	4.057
34460.000	4.096
34470.000	4.121
34480.000	4.153
34490.000	4.214
34500.000	4.229
34510.000	4.318
34520.000	4.377
34530.000	4.366
34540.000	4.372
34550.000	4.444
34560.000	4.407
34570.000	4.489
34580.000	4.546
34590.000	4.552
34600.000	4.498
34610.000	4.502
34620.000	4.535
34630.000	4.568
34640.000	4.585
34650.000	4.586
34660.000	4.564
34670.000	4.607
34680.000	4.611
34690.000	4.579
34700.000	4.471
34710.000	4.310
34720.000	4.161
34730.000	3.973
34740.000	3.789
34750.000	3.623
34760.000	3.454
34770.000	3.288
34780.000	3.024
34790.000	2.810
34800.000	2.647
34810.000	2.532
34820.000	2.543
34830.000	2.560
34840.000	2.547
34850.000	2.575
34860.000	2.612
34870.000	2.708
34880.000	2.764
34890.000	2.795
34900.000	2.855
34910.000	2.935
34920.000	2.901
34930.000	2.924
34940.000	3.017
34950.000	3.016
34960.000	3.071
34970.000	3.109
34980.000	3.194
34990.000	3.204
35000.000	3.210
35010.000	3.253
35020.000	3.277
35030.000	3.350
35040.000	3.387
35050.000	3.354
35060.000	3.374
35070.000	3.465
35080.000	3.498
35090.000	3.534
35100.000	3.522
35110.000	3.571
35120.000	3.545
35130.000	3.542
35140.000	3.561
35150.000	3.666
35160.000	3.648
35170.000	3.685
35180.000	3.735
35190.000	3.740
35200.000	3.742
35210.000	3.758
35220.000	3.728
35230.000	3.704
35240.000	3.707
35250.000	3.719
35260.000	3.755
35270.000	3.748
35280.000	3.721
35290.000	3.743
35300.000	3.697
35310.000	3.594
35320.000	3.507
35330.000	3.399
35340.000	3.332
35350.000	3.182
35360.000	3.053
35370.000	2.935
35380.000	2.778
35390.000	2.606
35400.000	2.426
35410.000	2.309
35420.000	2.243
35430.000	2.168
35440.000	2.170
35450.000	2.186
35460.000	2.216
35470.000	2.233
35480.000	2.284
35490.000	2.295
35500.000	2.308
35510.000	2.350
35520.000	2.362
35530.000	2.441
35540.000	2.440
35550.000	2.510
35560.000	2.531
35570.000	2.540
35580.000	2.516
35590.000	2.560
35600.000	2.607
35610.000	2.615
35620.000	2.648
35630.000	2.639
35640.000	2.671
35650.000	2.716
35660.000	2.751
35670.000	2.736
35680.000	2.761
35690.000	2.790
35700.000	2.809
35710.000	2.775
35720.000	2.804
35730.000	2.836
35740.000	2.841
35750.000	2.847
35760.000	2.831
35770.000	2.879
35780.000	2.898
35790.000	2.871
35800.000	2.850
35810.000	2.888
35820.000	2.928
35830.000	2.958
35840.000	2.973
35850.000	2.943
35860.000	2.899
35870.000	2.912
35880.000	2.938
35890.000	2.914
35900.000	2.895
35910.000	2.858
35920.000	2.815
35930.000	2.709
35940.000	2.676
35950.000	2.589
35960.000	2.525
35970.000	2.437
35980.000	2.327
35990.000	2.257
36000.000	2.113
36010.000	2.016
36020.000	1.901
36030.000	1.871
36040.000	1.817
36050.000	1.818
36060.000	1.808
36070.000	1.834
36080.000	1.838
36090.000	1.861
36100.000	1.882
36110.000	1.914
36120.000	1.921
36130.000	1.916
36140.000	1.935
36150.000	1.975
36160.000	1.996
36170.000	2.042
36180.000	2.040
36190.000	2.034
36200.000	2.045
36210.000	2.046
36220.000	2.082
36230.000	2.121
36240.000	2.110
36250.000	2.133
36260.000	2.156
36270.000	2.138
36280.000	2.123
36290.000	2.198
36300.000	2.181
36310.000	2.186
36320.000	2.196
36330.000	2.180
36340.000	2.177
36350.000	2.201
36360.000	2.202
36370.000	2.212
36380.000	2.267
36390.000	2.247
36400.000	2.216
36410.000	2.216
36420.000	2.188
36430.000	2.181
36440.000	2.241
36450.000	2.241
36460.000	2.227
36470.000	2.259
36480.000	2.243
36490.000	2.239
36500.000	2.232
36510.000	2.223
36520.000	2.160
36530.000	2.154
36540.000	2.071
36550.000	2.012
36560.000	1.950
36570.000	1.908
36580.000	1.802
36590.000	1.713
36600.000	1.647
36610.000	1.644
36620.000	1.570
36630.000	1.546
36640.000	1.506
36650.000	1.496
36660.000	1.498
36670.000	1.489
36680.000	1.473
36690.000	1.460
36700.000	1.500
36710.000	1.527
36720.000	1.509
36730.000	1.530
36740.000	1.531
36750.000	1.570
36760.000	1.582
36770.000	1.565
36780.000	1.598
36790.000	1.601
36800.000	1.556
36810.000	1.601
36820.000	1.633
36830.000	1.612
36840.000	1.621
36850.000	1.650
36860.000	1.658
36870.000	1.697
36880.000	1.687
36890.000	1.675
36900.000	1.666
36910.000	1.665
36920.000	1.657
36930.000	1.662
36940.000	1.633
36950.000	1.669
36960.000	1.651
36970.000	1.662
36980.000	1.656
36990.000	1.694
37000.000	1.692
37010.000	1.659
37020.000	1.691
37030.000	1.653
37040.000	1.708
37050.000	1.722
37060.000	1.675
37070.000	1.666
37080.000	1.681
37090.000	1.633
37100.000	1.684
37110.000	1.659
37120.000	1.632
37130.000	1.565
37140.000	1.512
37150.000	1.540
37160.000	1.489
37170.000	1.458
37180.000	1.395
37190.000	1.373
37200.000	1.316
37210.000	1.256
37220.000	1.234
37230.000	1.212
37240.000	1.211
37250.000	1.168
37260.000	1.197
37270.000	1.190
37280.000	1.207
37290.000	1.201
37300.000	1.196
37310.000	1.189
37320.000	1.213
37330.000	1.193
37340.000	1.209
37350.000	1.200
37360.000	1.179
37370.000	1.214
37380.000	1.251
37390.000	1.234
37400.000	1.223
37410.000	1.245
37420.000	1.237
37430.000	1.238
37440.000	1.243
37450.000	1.249
37460.000	1.241
37470.000	1.243
37480.000	1.285
37490.000	1.281
37500.000	1.269
37510.000	1.272
37520.000	1.275
37530.000	1.278
37540.000	1.263
37550.000	1.270
37560.000	1.270
37570.000	1.280
37580.000	1.273
37590.000	1.266
37600.000	1.259
37610.000	1.256
37620.000	1.228
37630.000	1.244
37640.000	1.246
37650.000	1.262
37660.000	1.241
37670.000	1.242
37680.000	1.259
37690.000	1.237
37700.000	1.209
37710.000	1.212
37720.000	1.197
37730.000	1.168
37740.000	1.120
37750.000	1.165
37760.000	1.120
37770.000	1.085
37780.000	1.063
37790.000	1.047
37800.000	1.037
37810.000	1.027
37820.000	0.981
37830.000	0.970
37840.000	0.973
37850.000	0.942
37860.000	0.947
37870.000	0.926
37880.000	0.919
37890.000	0.916
37900.000	0.919
37910.000	0.920
37920.000	0.932
37930.000	0.937
37940.000	0.964
37950.000	0.943
37960.000	0.925
37970.000	0.940
37980.000	0.968
37990.000	0.965
38000.000	0.937
38010.000	0.941
38020.000	0.952
38030.000	0.955
38040.000	0.966
38050.000	0.942
38060.000	0.952
38070.000	0.942
38080.000	0.969
38090.000	0.955
38100.000	0.929
38110.000	0.925
38120.000	0.959
38130.000	0.942
38140.000	0.972
38150.000	0.965
38160.000	0.956
38170.000	0.935
38180.000	0.941
38190.000	0.941
38200.000	0.961
38210.000	0.952
38220.000	0.935
38230.000	0.952
38240.000	0.929
38250.000	0.925
38260.000	0.956
38270.000	0.952
38280.000	0.914
38290.000	0.916
38300.000	0.901
38310.000	0.894
38320.000	0.867
38330.000	0.878
38340.000	0.878
38350.000	0.858
38360.000	0.847
38370.000	0.812
38380.000	0.823
38390.000	0.828
38400.000	0.797
38410.000	0.782
38420.000	0.777
38430.000	0.782
38440.000	0.768
38450.000	0.760
38460.000	0.740
38470.000	0.727
38480.000	0.740
38490.000	0.717
38500.000	0.719
38510.000	0.720
38520.000	0.710
38530.000	0.720
38540.000	0.722
38550.000	0.734
38560.000	0.752
38570.000	0.740
38580.000	0.740
38590.000	0.731
38600.000	0.737
38610.000	0.734
38620.000	0.744
38630.000	0.735
38640.000	0.730
38650.000	0.744
38660.000	0.720
38670.000	0.731
38680.000	0.739
38690.000	0.751
38700.000	0.731
38710.000	0.721
38720.000	0.728
38730.000	0.723
38740.000	0.740
38750.000	0.753
38760.000	0.733
38770.000	0.713
38780.000	0.719
38790.000	0.710
38800.000	0.704
38810.000	0.714
38820.000	0.726
38830.000	0.715
38840.000	0.725
38850.000	0.694
38860.000	0.672
38870.000	0.690
38880.000	0.708
38890.000	0.693
38900.000	0.692
38910.000	0.667
38920.000	0.655
38930.000	0.649
38940.000	0.673
38950.000	0.635
38960.000	0.631
38970.000	0.609
38980.000	0.615
38990.000	0.617
39000.000	0.607
39010.000	0.595
39020.000	0.599
39030.000	0.591
39040.000	0.593
39050.000	0.578
39060.000	0.577
39070.000	0.584
39080.000	0.581
39090.000	0.579
39100.000	0.586
39110.000	0.567
39120.000	0.572
39130.000	0.568
39140.000	0.571
39150.000	0.580
39160.000	0.580
39170.000	0.582
39180.000	0.593
39190.000	0.585
39200.000	0.580
39210.000	0.568
39220.000	0.576
39230.000	0.586
39240.000	0.591
39250.000	0.570
39260.000	0.573
39270.000	0.570
39280.000	0.567
39290.000	0.565
39300.000	0.579
39310.000	0.565
39320.000	0.549
39330.000	0.558
39340.000	0.563
39350.000	0.558
39360.000	0.562
39370.000	0.553
39380.000	0.558
39390.000	0.553
39400.000	0.536
39410.000	0.546
39420.000	0.543
39430.000	0.542
39440.000	0.519
39450.000	0.549
39460.000	0.544
39470.000	0.524
39480.000	0.517
39490.000	0.511
39500.000	0.510
39510.000	0.507
39520.000	0.502
39530.000	0.503
39540.000	0.497
39550.000	0.491
39560.000	0.490
39570.000	0.463
39580.000	0.470
39590.000	0.482
39600.000	0.470
39610.000	0.485
39620.000	0.465
39630.000	0.462
39640.000	0.466
39650.000	0.469
39660.000	0.472
39670.000	0.461
39680.000	0.446
39690.000	0.446
39700.000	0.451
39710.000	0.450
39720.000	0.449
39730.000	0.442
39740.000	0.437
39750.000	0.431
39760.000	0.451
39770.000	0.427
39780.000	0.442
39790.000	0.447
39800.000	0.450
39810.000	0.456
39820.000	0.456
39830.000	0.444
39840.000	0.438
39850.000	0.440
39860.000	0.436
39870.000	0.441
39880.000	0.447
39890.000	0.464
39900.000	0.452
39910.000	0.432
39920.000	0.451
39930.000	0.432
39940.000	0.427
39950.000	0.436
39960.000	0.424
39970.000	0.423
39980.000	0.424
39990.000	0.404
40000.000	0.411
40010.000	0.418
40020.000	0.422
40030.000	0.417
40040.000	0.409
40050.000	0.401
40060.000	0.395
40070.000	0.399
40080.000	0.397
40090.000	0.386
40100.000	0.380
40110.000	0.390
40120.000	0.391
40130.000	0.385
40140.000	0.389
40150.000	0.367
40160.000	0.373
40170.000	0.366
40180.000	0.362
40190.000	0.371
40200.000	0.367
40210.000	0.366
40220.000	0.366
40230.000	0.366
40240.000	0.357
40250.000	0.343
40260.000	0.335
40270.000	0.347
40280.000	0.354
40290.000	0.359
40300.000	0.355
40310.000	0.352
40320.000	0.353
40330.000	0.352
40340.000	0.348
40350.000	0.336
40360.000	0.346
40370.000	0.350
40380.000	0.346
40390.000	0.360
40400.000	0.345
40410.000	0.355
40420.000	0.361
40430.000	0.345
40440.000	0.360
40450.000	0.348
40460.000	0.345
40470.000	0.339
40480.000	0.333
40490.000	0.346
40500.000	0.348
40510.000	0.330
40520.000	0.326
40530.000	0.335
40540.000	0.336
40550.000	0.336
40560.000	0.329
40570.000	0.334
40580.000	0.332
40590.000	0.323
40600.000	0.324
40610.000	0.330
40620.000	0.314
40630.000	0.319
40640.000	0.310
40650.000	0.316
40660.000	0.318
40670.000	0.321
40680.000	0.327
40690.000	0.312
40700.000	0.300
40710.000	0.308
40720.000	0.299
40730.000	0.304
40740.000	0.286
40750.000	0.287
40760.000	0.299
40770.000	0.295
40780.000	0.297
40790.000	0.289
40800.000	0.282
40810.000	0.284
40820.000	0.288
40830.000	0.270
40840.000	0.274
40850.000	0.275
40860.000	0.293
40870.000	0.279
40880.000	0.269
40890.000	0.270
40900.000	0.274
40910.000	0.270
40920.000	0.266
40930.000	0.283
40940.000	0.273
40950.000	0.277
40960.000	0.287
40970.000	0.281
40980.000	0.262
40990.000	0.272
41000.000	0.271
41010.000	0.265
41020.000	0.254
41030.000	0.247
41040.000	0.262
41050.000	0.268
41060.000	0.273
41070.000	0.274
41080.000	0.272
41090.000	0.272
41100.000	0.259
41110.000	0.266
41120.000	0.268
41130.000	0.269
41140.000	0.257
41150.000	0.274
41160.000	0.280
41170.000	0.264
41180.000	0.253
41190.000	0.260
41200.000	0.256
41210.000	0.259
41220.000	0.252
41230.000	0.235
41240.000	0.234
41250.000	0.242
41260.000	0.248
41270.000	0.240
41280.000	0.239
41290.000	0.251
41300.000	0.238
41310.000	0.235
41320.000	0.228
41330.000	0.222
41340.000	0.229
41350.000	0.241
41360.000	0.237
41370.000	0.222
41380.000	0.225
41390.000	0.228
41400.000	0.226
41410.000	0.210
41420.000	0.214
41430.000	0.208
41440.000	0.214
41450.000	0.221
41460.000	0.225
41470.000	0.229
41480.000	0.228
41490.000	0.213
41500.000	0.222
41510.000	0.227
41520.000	0.224
41530.000	0.219
41540.000	0.209
41550.000	0.213
41560.000	0.216
41570.000	0.218
41580.000	0.219
41590.000	0.210
41600.000	0.212
41610.000	0.215
41620.000	0.223
41630.000	0.210
41640.000	0.209
41650.000	0.217
41660.000	0.222
41670.000	0.206
41680.000	0.206
41690.000	0.200
41700.000	0.198
41710.000	0.197
41720.000	0.212
41730.000	0.203
41740.000	0.203
41750.000	0.211
41760.000	0.214
41770.000	0.211
41780.000	0.194
41790.000	0.196
41800.000	0.196
41810.000	0.199
41820.000	0.197
41830.000	0.198
41840.000	0.194
41850.000	0.197
41860.000	0.194
41870.000	0.198
41880.000	0.199
41890.000	0.193
41900.000	0.179
41910.000	0.179
41920.000	0.189
41930.000	0.184
41940.000	0.196
41950.000	0.187
41960.000	0.172
41970.000	0.181
41980.000	0.175
41990.000	0.178
42000.000	0.175
42010.000	0.185
42020.000	0.177
42030.000	0.176
42040.000	0.181
42050.000	0.177
42060.000	0.168
42070.000	0.173
42080.000	0.171
42090.000	0.165
42100.000	0.163
42110.000	0.169
42120.000	0.163
42130.000	0.173
42140.000	0.178
42150.000	0.172
42160.000	0.176
42170.000	0.175
42180.000	0.170
42190.000	0.167
42200.000	0.164
42210.000	0.171
42220.000	0.164
42230.000	0.159
42240.000	0.174
42250.000	0.164
42260.000	0.162
42270.000	0.161
42280.000	0.164
42290.000	0.155
42300.000	0.160
42310.000	0.162
42320.000	0.164
42330.000	0.153
42340.000	0.163
42350.000	0.164
42360.000	0.158
42370.000	0.159
42380.000	0.159
42390.000	0.156
42400.000	0.154
42410.000	0.157
42420.000	0.152
42430.000	0.154
42440.000	0.152
42450.000	0.151
42460.000	0.150
42470.000	0.151
42480.000	0.150
42490.000	0.153
42500.000	0.152
42510.000	0.157
42520.000	0.159
42530.000	0.156
42540.000	0.152
42550.000	0.147
42560.000	0.148
42570.000	0.148
42580.000	0.144
42590.000	0.150
42600.000	0.145
42610.000	0.134
42620.000	0.137
42630.000	0.142
42640.000	0.140
42650.000	0.136
42660.000	0.134
42670.000	0.141
42680.000	0.138
42690.000	0.137
42700.000	0.135
42710.000	0.142
42720.000	0.142
42730.000	0.136
42740.000	0.138
42750.000	0.135
42760.000	0.135
42770.000	0.137
42780.000	0.140
42790.000	0.136
42800.000	0.137
42810.000	0.138
42820.000	0.147
42830.000	0.147
42840.000	0.138
42850.000	0.129
42860.000	0.128
42870.000	0.130
42880.000	0.123
42890.000	0.131
42900.000	0.135
42910.000	0.127
42920.000	0.130
42930.000	0.125
42940.000	0.124
42950.000	0.123
42960.000	0.113
42970.000	0.114
42980.000	0.127
42990.000	0.127
43000.000	0.134
43010.000	0.134
43020.000	0.130
43030.000	0.131
43040.000	0.130
43050.000	0.123
43060.000	0.122
43070.000	0.124
43080.000	0.125
43090.000	0.122
43100.000	0.121
43110.000	0.124
43120.000	0.115
43130.000	0.119
43140.000	0.120
43150.000	0.117
43160.000	0.112
43170.000	0.118
43180.000	0.117
43190.000	0.106
43200.000	0.119
43210.000	0.122
43220.000	0.115
43230.000	0.122
43240.000	0.117
43250.000	0.119
43260.000	0.118
43270.000	0.120
43280.000	0.109
43290.000	0.108
43300.000	0.116
43310.000	0.108
43320.000	0.117
43330.000	0.116
43340.000	0.117
43350.000	0.117
43360.000	0.112
43370.000	0.109
43380.000	0.115
43390.000	0.111
43400.000	0.112
43410.000	0.108
43420.000	0.111
43430.000	0.112
43440.000	0.109
43450.000	0.111
43460.000	0.112
43470.000	0.109
43480.000	0.112
43490.000	0.107
43500.000	0.102
43510.000	0.104
43520.000	0.106
43530.000	0.108
43540.000	0.105
43550.000	0.108
43560.000	0.109
43570.000	0.110
43580.000	0.117
43590.000	0.108
43600.000	0.106
43610.000	0.111
43620.000	0.108
43630.000	0.107
43640.000	0.106
43650.000	0.105
43660.000	0.101
43670.000	0.100
43680.000	0.094
43690.000	0.101
43700.000	0.104
43710.000	0.106
43720.000	0.098
43730.000	0.092
43740.000	0.095
43750.000	0.098
43760.000	0.098
43770.000	0.104
43780.000	0.101
43790.000	0.097
43800.000	0.092
43810.000	0.089
43820.000	0.096
43830.000	0.095
43840.000	0.092
43850.000	0.091
43860.000	0.092
43870.000	0.091
43880.000	0.095
43890.000	0.094
43900.000	0.093
43910.000	0.090
43920.000	0.093
43930.000	0.097
43940.000	0.097
43950.000	0.093
43960.000	0.090
43970.000	0.089
43980.000	0.099
43990.000	0.098
44000.000	0.106
44010.000	0.094
44020.000	0.094
44030.000	0.084
44040.000	0.081
44050.000	0.086
44060.000	0.094
44070.000	0.096
44080.000	0.098
44090.000	0.090
44100.000	0.082
44110.000	0.085
44120.000	0.093
44130.000	0.089
44140.000	0.086
44150.000	0.086
44160.000	0.086
44170.000	0.089
44180.000	0.087
44190.000	0.080
44200.000	0.084
44210.000	0.081
44220.000	0.084
44230.000	0.085
44240.000	0.082
44250.000	0.086
44260.000	0.081
44270.000	0.079
44280.000	0.079
44290.000	0.078
44300.000	0.083
44310.000	0.085
44320.000	0.087
44330.000	0.081
44340.000	0.081
44350.000	0.085
44360.000	0.087
44370.000	0.084
44380.000	0.081
44390.000	0.079
44400.000	0.084
44410.000	0.076
44420.000	0.078
44430.000	0.072
44440.000	0.075
44450.000	0.074
44460.000	0.077
44470.000	0.081
44480.000	0.079
44490.000	0.078
44500.000	0.078
44510.000	0.079
44520.000	0.082
44530.000	0.076
44540.000	0.076
44550.000	0.078
44560.000	0.081
44570.000	0.077
44580.000	0.078
44590.000	0.073
44600.000	0.074
44610.000	0.077
44620.000	0.081
44630.000	0.078
44640.000	0.076
44650.000	0.079
44660.000	0.073
44670.000	0.075
44680.000	0.072
44690.000	0.077
44700.000	0.075
44710.000	0.075
44720.000	0.074
44730.000	0.076
44740.000	0.080
44750.000	0.079
44760.000	0.079
44770.000	0.076
44780.000	0.077
44790.000	0.074
44800.000	0.076
44810.000	0.069
44820.000	0.074
44830.000	0.076
44840.000	0.076
44850.000	0.075
44860.000	0.075
44870.000	0.070
44880.000	0.076
44890.000	0.076
44900.000	0.070
44910.000	0.075
44920.000	0.071
44930.000	0.064
44940.000	0.067
44950.000	0.073
44960.000	0.071
44970.000	0.073
44980.000	0.076
44990.000	0.075
45000.000	0.071
45010.000	0.065
45020.000	0.061
45030.000	0.064
45040.000	0.070
45050.000	0.072
45060.000	0.068
45070.000	0.068
45080.000	0.070
45090.000	0.070
45100.000	0.065
45110.000	0.072
45120.000	0.065
45130.000	0.065
45140.000	0.072
45150.000	0.072
45160.000	0.069
45170.000	0.063
45180.000	0.067
45190.000	0.069
45200.000	0.065
45210.000	0.065
45220.000	0.070
45230.000	0.068
45240.000	0.062
45250.000	0.066
45260.000	0.065
45270.000	0.061
45280.000	0.069
45290.000	0.067
45300.000	0.066
45310.000	0.067
45320.000	0.064
45330.000	0.066
45340.000	0.067
45350.000	0.068
45360.000	0.066
45370.000	0.069
45380.000	0.068
45390.000	0.063
45400.000	0.061
45410.000	0.064
45420.000	0.064
45430.000	0.068
45440.000	0.065
45450.000	0.066
45460.000	0.065
45470.000	0.064
45480.000	0.065
45490.000	0.066
45500.000	0.065
45510.000	0.060
45520.000	0.059
45530.000	0.063
45540.000	0.059
45550.000	0.058
45560.000	0.056
45570.000	0.060
45580.000	0.063
45590.000	0.061
45600.000	0.061
45610.000	0.060
45620.000	0.063
45630.000	0.065
45640.000	0.064
45650.000	0.061
45660.000	0.061
45670.000	0.061
45680.000	0.059
45690.000	0.058
45700.000	0.062
45710.000	0.061
45720.000	0.058
45730.000	0.058
45740.000	0.056
45750.000	0.057
45760.000	0.059
45770.000	0.060
45780.000	0.063
45790.000	0.062
45800.000	0.060
45810.000	0.055
45820.000	0.056
45830.000	0.058
45840.000	0.059
45850.000	0.057
45860.000	0.053
45870.000	0.059
45880.000	0.060
45890.000	0.059
45900.000	0.060
45910.000	0.059
45920.000	0.056
45930.000	0.060
45940.000	0.055
45950.000	0.053
45960.000	0.055
45970.000	0.060
45980.000	0.065
45990.000	0.065
46000.000	0.058
46010.000	0.058
46020.000	0.057
46030.000	0.063
46040.000	0.056
46050.000	0.054
46060.000	0.054
46070.000	0.056
46080.000	0.058
46090.000	0.056
46100.000	0.055
46110.000	0.055
46120.000	0.058
46130.000	0.057
46140.000	0.058
46150.000	0.063
46160.000	0.058
46170.000	0.055
46180.000	0.050
46190.000	0.055
46200.000	0.057
46210.000	0.056
46220.000	0.055
46230.000	0.055
46240.000	0.055
46250.000	0.052
46260.000	0.059
46270.000	0.059
46280.000	0.060
46290.000	0.052
46300.000	0.051
46310.000	0.050
46320.000	0.055
46330.000	0.058
46340.000	0.054
46350.000	0.053
46360.000	0.051
46370.000	0.055
46380.000	0.053
46390.000	0.055
46400.000	0.059
46410.000	0.057
46420.000	0.053
46430.000	0.053
46440.000	0.052
46450.000	0.057
46460.000	0.053
46470.000	0.053
46480.000	0.053
46490.000	0.054
46500.000	0.057
46510.000	0.055
46520.000	0.052
46530.000	0.051
46540.000	0.051
46550.000	0.052
46560.000	0.052
46570.000	0.054
46580.000	0.050
46590.000	0.052
46600.000	0.051
46610.000	0.053
46620.000	0.054
46630.000	0.052
46640.000	0.050
46650.000	0.056
46660.000	0.057
46670.000	0.051
46680.000	0.048
46690.000	0.047
46700.000	0.048
46710.000	0.051
46720.000	0.052
46730.000	0.048
46740.000	0.052
46750.000	0.055
46760.000	0.056
46770.000	0.052
46780.000	0.050
46790.000	0.047
46800.000	0.053
46810.000	0.050
46820.000	0.050
46830.000	0.050
46840.000	0.051
46850.000	0.052
46860.000	0.052
46870.000	0.052
46880.000	0.048
46890.000	0.051
46900.000	0.048
46910.000	0.052
46920.000	0.052
46930.000	0.054
46940.000	0.052
46950.000	0.050
46960.000	0.051
46970.000	0.053
46980.000	0.051
46990.000	0.056
47000.000	0.053
47010.000	0.049
47020.000	0.048
47030.000	0.048
47040.000	0.050
47050.000	0.051
47060.000	0.049
47070.000	0.050
47080.000	0.048
47090.000	0.048
47100.000	0.048
47110.000	0.049
47120.000	0.046
47130.000	0.048
47140.000	0.049
47150.000	0.045
47160.000	0.050
47170.000	0.049
47180.000	0.045
47190.000	0.048
47200.000	0.050
47210.000	0.044
47220.000	0.046
47230.000	0.047
47240.000	0.050
47250.000	0.048
47260.000	0.051
47270.000	0.047
47280.000	0.048
47290.000	0.053
47300.000	0.046
47310.000	0.048
47320.000	0.049
47330.000	0.047
47340.000	0.050
47350.000	0.046
47360.000	0.044
47370.000	0.044
47380.000	0.044
47390.000	0.049
47400.000	0.045
47410.000	0.048
47420.000	0.045
47430.000	0.047
47440.000	0.047
47450.000	0.046
47460.000	0.048
47470.000	0.045
47480.000	0.051
47490.000	0.049
47500.000	0.048
47510.000	0.046
47520.000	0.044
47530.000	0.045
47540.000	0.046
47550.000	0.046
47560.000	0.046
47570.000	0.049
47580.000	0.046
47590.000	0.050
47600.000	0.048
47610.000	0.044
47620.000	0.044
47630.000	0.045
47640.000	0.043
47650.000	0.048
47660.000	0.048
47670.000	0.046
47680.000	0.049
47690.000	0.045
47700.000	0.048
47710.000	0.047
47720.000	0.045
47730.000	0.047
47740.000	0.050
47750.000	0.048
47760.000	0.047
47770.000	0.046
47780.000	0.048
47790.000	0.044
47800.000	0.044
47810.000	0.047
47820.000	0.050
47830.000	0.050
47840.000	0.047
47850.000	0.043
47860.000	0.042
47870.000	0.047
47880.000	0.047
47890.000	0.046
47900.000	0.047
47910.000	0.045
47920.000	0.043
47930.000	0.044
47940.000	0.046
47950.000	0.050
47960.000	0.045
47970.000	0.043
47980.000	0.045
47990.000	0.046
48000.000	0.046
48010.000	0.043
48020.000	0.042
48030.000	0.039
48040.000	0.040
48050.000	0.043
48060.000	0.047
48070.000	0.048
48080.000	0.047
48090.000	0.044
48100.000	0.044
48110.000	0.047
48120.000	0.046
48130.000	0.046
48140.000	0.043
48150.000	0.042
48160.000	0.040
48170.000	0.046
48180.000	0.046
48190.000	0.048
48200.000	0.046
48210.000	0.047
48220.000	0.044
48230.000	0.044
48240.000	0.048
48250.000	0.045
48260.000	0.045
48270.000	0.040
48280.000	0.042
48290.000	0.043
48300.000	0.046
48310.000	0.044
48320.000	0.043
48330.000	0.043
48340.000	0.043
48350.000	0.041
48360.000	0.043
48370.000	0.047
48380.000	0.046
48390.000	0.042
48400.000	0.045
48410.000	0.043
48420.000	0.044
48430.000	0.045
48440.000	0.044
48450.000	0.042
48460.000	0.045
48470.000	0.045
48480.000	0.047
48490.000	0.042
