10.000	0.261
20.000	0.266
30.000	0.272
40.000	0.269
50.000	0.269
60.000	0.273
70.000	0.269
80.000	0.271
90.000	0.274
100.000	0.275
110.000	0.274
120.000	0.275
130.000	0.277
140.000	0.271
150.000	0.280
160.000	0.277
170.000	0.279
180.000	0.282
190.000	0.281
200.000	0.279
210.000	0.278
220.000	0.277
230.000	0.277
240.000	0.276
250.000	0.276
260.000	0.277
270.000	0.275
280.000	0.280
290.000	0.279
300.000	0.282
310.000	0.280
320.000	0.282
330.000	0.286
340.000	0.288
350.000	0.288
360.000	0.284
370.000	0.285
380.000	0.281
390.000	0.286
400.000	0.287
410.000	0.285
420.000	0.283
430.000	0.284
440.000	0.283
450.000	0.285
460.000	0.288
470.000	0.294
480.000	0.291
490.000	0.289
500.000	0.288
510.000	0.294
520.000	0.294
530.000	0.291
540.000	0.291
550.000	0.291
560.000	0.293
570.000	0.294
580.000	0.297
590.000	0.303
600.000	0.297
610.000	0.296
620.000	0.300
630.000	0.299
640.000	0.300
650.000	0.295
660.000	0.298
670.000	0.294
680.000	0.296
690.000	0.297
700.000	0.297
710.000	0.301
720.000	0.300
730.000	0.299
740.000	0.298
750.000	0.298
760.000	0.302
770.000	0.300
780.000	0.298
790.000	0.302
800.000	0.299
810.000	0.302
820.000	0.298
830.000	0.300
840.000	0.300
850.000	0.303
860.000	0.301
870.000	0.303
880.000	0.302
890.000	0.300
900.000	0.303
910.000	0.301
920.000	0.302
930.000	0.305
940.000	0.301
950.000	0.305
960.000	0.304
970.000	0.306
980.000	0.305
990.000	0.307
1000.000	0.304
1010.000	0.304
1020.000	0.306
1030.000	0.309
1040.000	0.306
1050.000	0.308
1060.000	0.309
1070.000	0.310
1080.000	0.310
1090.000	0.309
1100.000	0.314
1110.000	0.312
1120.000	0.308
1130.000	0.305
1140.000	0.314
1150.000	0.307
1160.000	0.309
1170.000	0.310
1180.000	0.310
1190.000	0.307
1200.000	0.311
1210.000	0.308
1220.000	0.310
1230.000	0.308
1240.000	0.306
1250.000	0.309
1260.000	0.313
1270.000	0.310
1280.000	0.315
1290.000	0.312
1300.000	0.311
1310.000	0.312
1320.000	0.313
1330.000	0.312
1340.000	0.314
1350.000	0.315
1360.000	0.316
1370.000	0.318
1380.000	0.317
1390.000	0.319
1400.000	0.317
1410.000	0.320
1420.000	0.319
1430.000	0.318
1440.000	0.319
1450.000	0.317
1460.000	0.319
1470.000	0.314
1480.000	0.319
1490.000	0.322
1500.000	0.315
1510.000	0.316
1520.000	0.315
1530.000	0.315
1540.000	0.316
1550.000	0.315
1560.000	0.311
1570.000	0.311
1580.000	0.308
1590.000	0.317
1600.000	0.316
1610.000	0.319
1620.000	0.317
1630.000	0.318
1640.000	0.319
1650.000	0.318
1660.000	0.317
1670.000	0.319
1680.000	0.324
1690.000	0.322
1700.000	0.320
1710.000	0.321
1720.000	0.320
1730.000	0.320
1740.000	0.320
1750.000	0.321
1760.000	0.323
1770.000	0.318
1780.000	0.321
1790.000	0.326
1800.000	0.325
1810.000	0.322
1820.000	0.320
1830.000	0.322
1840.000	0.323
1850.000	0.314
1860.000	0.321
1870.000	0.327
1880.000	0.323
1890.000	0.324
1900.000	0.324
1910.000	0.324
1920.000	0.326
1930.000	0.322
1940.000	0.320
1950.000	0.324
1960.000	0.318
1970.000	0.320
1980.000	0.318
1990.000	0.321
2000.000	0.327
2010.000	0.326
2020.000	0.324
2030.000	0.322
2040.000	0.327
2050.000	0.323
2060.000	0.327
2070.000	0.323
2080.000	0.324
2090.000	0.323
2100.000	0.327
2110.000	0.324
2120.000	0.319
2130.000	0.324
2140.000	0.325
2150.000	0.331
2160.000	0.328
2170.000	0.324
2180.000	0.325
2190.000	0.326
2200.000	0.327
2210.000	0.324
2220.000	0.325
2230.000	0.325
2240.000	0.332
2250.000	0.332
2260.000	0.331
2270.000	0.329
2280.000	0.331
2290.000	0.333
2300.000	0.335
2310.000	0.329
2320.000	0.326
2330.000	0.326
2340.000	0.324
2350.000	0.324
2360.000	0.332
2370.000	0.334
2380.000	0.336
2390.000	0.331
2400.000	0.332
2410.000	0.327
2420.000	0.326
2430.000	0.326
2440.000	0.334
2450.000	0.326
2460.000	0.325
2470.000	0.326
2480.000	0.329
2490.000	0.325
2500.000	0.333
2510.000	0.338
2520.000	0.335
2530.000	0.329
2540.000	0.334
2550.000	0.333
2560.000	0.333
2570.000	0.334
2580.000	0.336
2590.000	0.337
2600.000	0.336
2610.000	0.331
2620.000	0.333
2630.000	0.334
2640.000	0.332
2650.000	0.333
2660.000	0.333
2670.000	0.331
2680.000	0.329
2690.000	0.329
2700.000	0.329
2710.000	0.335
2720.000	0.334
2730.000	0.336
2740.000	0.336
2750.000	0.329
2760.000	0.328
2770.000	0.332
2780.000	0.330
2790.000	0.333
2800.000	0.333
2810.000	0.330
2820.000	0.333
2830.000	0.333
2840.000	0.330
2850.000	0.329
2860.000	0.329
2870.000	0.332
2880.000	0.335
2890.000	0.336
2900.000	0.334
2910.000	0.338
2920.000	0.335
2930.000	0.332
2940.000	0.337
2950.000	0.338
2960.000	0.334
2970.000	0.331
2980.000	0.331
2990.000	0.333
3000.000	0.339
3010.000	0.331
3020.000	0.334
3030.000	0.338
3040.000	0.334
3050.000	0.336
3060.000	0.334
3070.000	0.335
3080.000	0.334
3090.000	0.332
3100.000	0.342
3110.000	0.337
3120.000	0.336
3130.000	0.341
3140.000	0.340
3150.000	0.334
3160.000	0.335
3170.000	0.340
3180.000	0.339
3190.000	0.335
3200.000	0.332
3210.000	0.334
3220.000	0.340
3230.000	0.341
3240.000	0.343
3250.000	0.342
3260.000	0.341
3270.000	0.340
3280.000	0.339
3290.000	0.336
3300.000	0.338
3310.000	0.338
3320.000	0.341
3330.000	0.341
3340.000	0.340
3350.000	0.336
3360.000	0.337
3370.000	0.339
3380.000	0.339
3390.000	0.340
3400.000	0.343
3410.000	0.338
3420.000	0.341
3430.000	0.341
3440.000	0.339
3450.000	0.340
3460.000	0.340
3470.000	0.341
3480.000	0.338
3490.000	0.338
3500.000	0.341
3510.000	0.342
3520.000	0.339
3530.000	0.339
3540.000	0.338
3550.000	0.337
3560.000	0.338
3570.000	0.335
3580.000	0.338
3590.000	0.342
3600.000	0.341
3610.000	0.341
3620.000	0.340
3630.000	0.343
3640.000	0.338
3650.000	0.340
3660.000	0.338
3670.000	0.341
3680.000	0.340
3690.000	0.341
3700.000	0.345
3710.000	0.343
3720.000	0.343
3730.000	0.340
3740.000	0.342
3750.000	0.339
3760.000	0.344
3770.000	0.344
3780.000	0.345
3790.000	0.343
3800.000	0.341
3810.000	0.342
3820.000	0.340
3830.000	0.340
3840.000	0.336
3850.000	0.336
3860.000	0.342
3870.000	0.342
3880.000	0.342
3890.000	0.343
3900.000	0.336
3910.000	0.339
3920.000	0.339
3930.000	0.340
3940.000	0.343
3950.000	0.338
3960.000	0.341
3970.000	0.339
3980.000	0.342
3990.000	0.342
4000.000	0.343
4010.000	0.343
4020.000	0.341
4030.000	0.340
4040.000	0.339
4050.000	0.337
4060.000	0.338
4070.000	0.338
4080.000	0.339
4090.000	0.341
4100.000	0.340
4110.000	0.337
4120.000	0.338
4130.000	0.337
4140.000	0.341
4150.000	0.344
4160.000	0.343
4170.000	0.344
4180.000	0.344
4190.000	0.342
4200.000	0.339
4210.000	0.343
4220.000	0.341
4230.000	0.343
4240.000	0.344
4250.000	0.343
4260.000	0.334
4270.000	0.340
4280.000	0.340
4290.000	0.339
4300.000	0.341
4310.000	0.338
4320.000	0.338
4330.000	0.335
4340.000	0.340
4350.000	0.337
4360.000	0.340
4370.000	0.340
4380.000	0.339
4390.000	0.341
4400.000	0.342
4410.000	0.338
4420.000	0.340
4430.000	0.343
4440.000	0.336
4450.000	0.334
4460.000	0.336
4470.000	0.333
4480.000	0.332
4490.000	0.341
4500.000	0.339
4510.000	0.338
4520.000	0.339
4530.000	0.339
4540.000	0.344
4550.000	0.339
4560.000	0.337
4570.000	0.340
4580.000	0.335
4590.000	0.340
4600.000	0.341
4610.000	0.336
4620.000	0.338
4630.000	0.340
4640.000	0.343
4650.000	0.343
4660.000	0.341
4670.000	0.340
4680.000	0.343
4690.000	0.340
4700.000	0.339
4710.000	0.339
4720.000	0.342
4730.000	0.346
4740.000	0.345
4750.000	0.339
4760.000	0.339
4770.000	0.335
4780.000	0.339
4790.000	0.337
4800.000	0.340
4810.000	0.340
4820.000	0.340
4830.000	0.340
4840.000	0.338
4850.000	0.342
4860.000	0.336
4870.000	0.338
4880.000	0.341
4890.000	0.344
4900.000	0.341
4910.000	0.341
4920.000	0.338
4930.000	0.340
4940.000	0.342
4950.000	0.346
4960.000	0.343
4970.000	0.338
4980.000	0.341
4990.000	0.341
5000.000	0.342
5010.000	0.342
5020.000	0.337
5030.000	0.339
5040.000	0.337
5050.000	0.337
5060.000	0.339
5070.000	0.336
5080.000	0.337
5090.000	0.335
5100.000	0.335
5110.000	0.334
5120.000	0.333
5130.000	0.335
5140.000	0.337
5150.000	0.338
5160.000	0.338
5170.000	0.334
5180.000	0.337
5190.000	0.335
5200.000	0.333
5210.000	0.339
5220.000	0.333
5230.000	0.331
5240.000	0.328
5250.000	0.326
5260.000	0.326
5270.000	0.325
5280.000	0.329
5290.000	0.329
5300.000	0.328
5310.000	0.335
5320.000	0.331
5330.000	0.334
5340.000	0.329
5350.000	0.329
5360.000	0.329
5370.000	0.330
5380.000	0.331
5390.000	0.332
5400.000	0.333
5410.000	0.330
5420.000	0.335
5430.000	0.333
5440.000	0.334
5450.000	0.333
5460.000	0.334
5470.000	0.335
5480.000	0.331
5490.000	0.336
5500.000	0.339
5510.000	0.337
5520.000	0.333
5530.000	0.332
5540.000	0.335
5550.000	0.333
5560.000	0.335
5570.000	0.329
5580.000	0.329
5590.000	0.328
5600.000	0.330
5610.000	0.332
5620.000	0.334
5630.000	0.332
5640.000	0.333
5650.000	0.334
5660.000	0.333
5670.000	0.335
5680.000	0.332
5690.000	0.333
5700.000	0.337
5710.000	0.334
5720.000	0.333
5730.000	0.331
5740.000	0.333
5750.000	0.334
5760.000	0.333
5770.000	0.331
5780.000	0.332
5790.000	0.334
5800.000	0.334
5810.000	0.334
5820.000	0.336
5830.000	0.336
5840.000	0.335
5850.000	0.332
5860.000	0.329
5870.000	0.331
5880.000	0.331
5890.000	0.332
5900.000	0.331
5910.000	0.333
5920.000	0.338
5930.000	0.336
5940.000	0.326
5950.000	0.328
5960.000	0.329
5970.000	0.330
5980.000	0.332
5990.000	0.329
6000.000	0.330
6010.000	0.329
6020.000	0.326
6030.000	0.329
6040.000	0.329
6050.000	0.328
6060.000	0.328
6070.000	0.332
6080.000	0.331
6090.000	0.335
6100.000	0.336
6110.000	0.332
6120.000	0.327
6130.000	0.327
6140.000	0.330
6150.000	0.328
6160.000	0.329
6170.000	0.330
6180.000	0.333
6190.000	0.331
6200.000	0.329
6210.000	0.333
6220.000	0.332
6230.000	0.328
6240.000	0.325
6250.000	0.323
6260.000	0.328
6270.000	0.330
6280.000	0.327
6290.000	0.323
6300.000	0.321
6310.000	0.326
6320.000	0.329
6330.000	0.330
6340.000	0.330
6350.000	0.325
6360.000	0.331
6370.000	0.329
6380.000	0.327
6390.000	0.321
6400.000	0.319
6410.000	0.323
6420.000	0.326
6430.000	0.327
6440.000	0.329
6450.000	0.321
6460.000	0.323
6470.000	0.324
6480.000	0.329
6490.000	0.335
6500.000	0.326
6510.000	0.327
6520.000	0.326
6530.000	0.326
6540.000	0.325
6550.000	0.326
6560.000	0.328
6570.000	0.325
6580.000	0.326
6590.000	0.325
6600.000	0.322
6610.000	0.326
6620.000	0.328
6630.000	0.328
6640.000	0.322
6650.000	0.317
6660.000	0.318
6670.000	0.322
6680.000	0.323
6690.000	0.327
6700.000	0.326
6710.000	0.323
6720.000	0.322
6730.000	0.319
6740.000	0.318
6750.000	0.323
6760.000	0.320
6770.000	0.325
6780.000	0.323
6790.000	0.324
6800.000	0.320
6810.000	0.322
6820.000	0.319
6830.000	0.318
6840.000	0.317
6850.000	0.316
6860.000	0.319
6870.000	0.324
6880.000	0.323
6890.000	0.321
6900.000	0.322
6910.000	0.321
6920.000	0.317
6930.000	0.320
6940.000	0.321
6950.000	0.319
6960.000	0.314
6970.000	0.314
6980.000	0.319
6990.000	0.319
7000.000	0.318
7010.000	0.318
7020.000	0.321
7030.000	0.318
7040.000	0.319
7050.000	0.318
7060.000	0.319
7070.000	0.320
7080.000	0.319
7090.000	0.313
7100.000	0.316
7110.000	0.317
7120.000	0.317
7130.000	0.315
7140.000	0.313
7150.000	0.316
7160.000	0.314
7170.000	0.311
7180.000	0.310
7190.000	0.313
7200.000	0.317
7210.000	0.315
7220.000	0.315
7230.000	0.308
7240.000	0.311
7250.000	0.308
7260.000	0.308
7270.000	0.308
7280.000	0.310
7290.000	0.309
7300.000	0.311
7310.000	0.307
7320.000	0.312
7330.000	0.312
7340.000	0.314
7350.000	0.313
7360.000	0.313
7370.000	0.311
7380.000	0.308
7390.000	0.311
7400.000	0.309
7410.000	0.308
7420.000	0.311
7430.000	0.311
7440.000	0.310
7450.000	0.317
7460.000	0.315
7470.000	0.317
7480.000	0.315
7490.000	0.312
7500.000	0.314
7510.000	0.310
7520.000	0.313
7530.000	0.308
7540.000	0.311
7550.000	0.305
7560.000	0.308
7570.000	0.309
7580.000	0.310
7590.000	0.306
7600.000	0.304
7610.000	0.307
7620.000	0.308
7630.000	0.310
7640.000	0.306
7650.000	0.307
7660.000	0.307
7670.000	0.305
7680.000	0.302
7690.000	0.303
7700.000	0.302
7710.000	0.307
7720.000	0.307
7730.000	0.308
7740.000	0.306
7750.000	0.307
7760.000	0.308
7770.000	0.307
7780.000	0.307
7790.000	0.306
7800.000	0.306
7810.000	0.304
7820.000	0.305
7830.000	0.303
7840.000	0.301
7850.000	0.301
7860.000	0.306
7870.000	0.302
7880.000	0.303
7890.000	0.298
7900.000	0.299
7910.000	0.303
7920.000	0.302
7930.000	0.303
7940.000	0.304
7950.000	0.300
7960.000	0.298
7970.000	0.299
7980.000	0.299
7990.000	0.299
8000.000	0.297
8010.000	0.297
8020.000	0.297
8030.000	0.299
8040.000	0.299
8050.000	0.299
8060.000	0.299
8070.000	0.299
8080.000	0.300
8090.000	0.297
8100.000	0.297
8110.000	0.297
8120.000	0.298
8130.000	0.302
8140.000	0.300
8150.000	0.298
8160.000	0.300
8170.000	0.297
8180.000	0.294
8190.000	0.299
8200.000	0.297
8210.000	0.295
8220.000	0.296
8230.000	0.295
8240.000	0.296
8250.000	0.300
8260.000	0.300
8270.000	0.296
8280.000	0.296
8290.000	0.298
8300.000	0.299
8310.000	0.297
8320.000	0.296
8330.000	0.301
8340.000	0.295
8350.000	0.291
8360.000	0.291
8370.000	0.291
8380.000	0.294
8390.000	0.292
8400.000	0.286
8410.000	0.290
8420.000	0.289
8430.000	0.292
8440.000	0.293
8450.000	0.296
8460.000	0.296
8470.000	0.294
8480.000	0.294
8490.000	0.294
8500.000	0.297
8510.000	0.295
8520.000	0.294
8530.000	0.293
8540.000	0.291
8550.000	0.292
8560.000	0.290
8570.000	0.292
8580.000	0.291
8590.000	0.291
8600.000	0.290
8610.000	0.288
8620.000	0.288
8630.000	0.287
8640.000	0.288
8650.000	0.289
8660.000	0.292
8670.000	0.290
8680.000	0.287
8690.000	0.293
8700.000	0.292
8710.000	0.284
8720.000	0.286
8730.000	0.285
8740.000	0.285
8750.000	0.286
8760.000	0.287
8770.000	0.285
8780.000	0.282
8790.000	0.283
8800.000	0.282
8810.000	0.283
8820.000	0.287
8830.000	0.284
8840.000	0.288
8850.000	0.280
8860.000	0.282
8870.000	0.282
8880.000	0.283
8890.000	0.282
8900.000	0.282
8910.000	0.280
8920.000	0.280
8930.000	0.282
8940.000	0.283
8950.000	0.279
8960.000	0.280
8970.000	0.284
8980.000	0.282
8990.000	0.283
9000.000	0.283
9010.000	0.283
9020.000	0.280
9030.000	0.280
9040.000	0.277
9050.000	0.279
9060.000	0.277
9070.000	0.279
9080.000	0.280
9090.000	0.273
9100.000	0.278
9110.000	0.282
9120.000	0.283
9130.000	0.280
9140.000	0.281
9150.000	0.281
9160.000	0.278
9170.000	0.278
9180.000	0.274
9190.000	0.276
9200.000	0.275
9210.000	0.274
9220.000	0.275
9230.000	0.280
9240.000	0.278
9250.000	0.276
9260.000	0.279
9270.000	0.277
9280.000	0.273
9290.000	0.276
9300.000	0.281
9310.000	0.280
9320.000	0.279
9330.000	0.276
9340.000	0.275
9350.000	0.275
9360.000	0.274
9370.000	0.276
9380.000	0.278
9390.000	0.278
9400.000	0.278
9410.000	0.276
9420.000	0.273
9430.000	0.271
9440.000	0.273
9450.000	0.271
9460.000	0.270
9470.000	0.270
9480.000	0.273
9490.000	0.273
9500.000	0.273
9510.000	0.276
9520.000	0.275
9530.000	0.275
9540.000	0.271
9550.000	0.266
9560.000	0.267
9570.000	0.267
9580.000	0.267
9590.000	0.264
9600.000	0.261
9610.000	0.264
9620.000	0.264
9630.000	0.267
9640.000	0.263
9650.000	0.269
9660.000	0.266
9670.000	0.266
9680.000	0.270
9690.000	0.263
9700.000	0.265
9710.000	0.265
9720.000	0.264
9730.000	0.262
9740.000	0.267
9750.000	0.263
9760.000	0.262
9770.000	0.262
9780.000	0.264
9790.000	0.262
9800.000	0.262
9810.000	0.264
9820.000	0.265
9830.000	0.262
9840.000	0.259
9850.000	0.265
9860.000	0.265
9870.000	0.263
9880.000	0.266
9890.000	0.263
9900.000	0.261
9910.000	0.260
9920.000	0.260
9930.000	0.260
9940.000	0.259
9950.000	0.261
9960.000	0.260
9970.000	0.261
9980.000	0.262
9990.000	0.260
10000.000	0.260
10010.000	0.256
10020.000	0.259
10030.000	0.262
10040.000	0.258
10050.000	0.258
10060.000	0.257
10070.000	0.254
10080.000	0.258
10090.000	0.261
10100.000	0.255
10110.000	0.254
10120.000	0.258
10130.000	0.253
10140.000	0.252
10150.000	0.256
10160.000	0.256
10170.000	0.253
10180.000	0.252
10190.000	0.253
10200.000	0.252
10210.000	0.256
10220.000	0.257
10230.000	0.257
10240.000	0.259
10250.000	0.254
10260.000	0.252
10270.000	0.252
10280.000	0.252
10290.000	0.252
10300.000	0.251
10310.000	0.250
10320.000	0.255
10330.000	0.249
10340.000	0.249
10350.000	0.254
10360.000	0.253
10370.000	0.251
10380.000	0.246
10390.000	0.249
10400.000	0.251
10410.000	0.253
10420.000	0.256
10430.000	0.252
10440.000	0.249
10450.000	0.247
10460.000	0.249
10470.000	0.245
10480.000	0.248
10490.000	0.245
10500.000	0.245
10510.000	0.245
10520.000	0.246
10530.000	0.243
10540.000	0.247
10550.000	0.246
10560.000	0.246
10570.000	0.246
10580.000	0.247
10590.000	0.245
10600.000	0.247
10610.000	0.246
10620.000	0.246
10630.000	0.247
10640.000	0.245
10650.000	0.243
10660.000	0.243
10670.000	0.241
10680.000	0.243
10690.000	0.244
10700.000	0.246
10710.000	0.244
10720.000	0.241
10730.000	0.240
10740.000	0.242
10750.000	0.240
10760.000	0.241
10770.000	0.246
10780.000	0.241
10790.000	0.240
10800.000	0.244
10810.000	0.244
10820.000	0.243
10830.000	0.241
10840.000	0.238
10850.000	0.237
10860.000	0.238
10870.000	0.237
10880.000	0.241
10890.000	0.241
10900.000	0.238
10910.000	0.241
10920.000	0.239
10930.000	0.241
10940.000	0.241
10950.000	0.240
10960.000	0.237
10970.000	0.233
10980.000	0.238
10990.000	0.238
11000.000	0.240
11010.000	0.241
11020.000	0.235
11030.000	0.238
11040.000	0.236
11050.000	0.236
11060.000	0.235
11070.000	0.237
11080.000	0.235
11090.000	0.234
11100.000	0.231
11110.000	0.237
11120.000	0.231
11130.000	0.231
11140.000	0.233
11150.000	0.235
11160.000	0.233
11170.000	0.233
11180.000	0.235
11190.000	0.235
11200.000	0.235
11210.000	0.233
11220.000	0.233
11230.000	0.232
11240.000	0.232
11250.000	0.233
11260.000	0.230
11270.000	0.234
11280.000	0.235
11290.000	0.232
11300.000	0.231
11310.000	0.229
11320.000	0.227
11330.000	0.229
11340.000	0.230
11350.000	0.227
11360.000	0.231
11370.000	0.229
11380.000	0.227
11390.000	0.231
11400.000	0.231
11410.000	0.230
11420.000	0.229
11430.000	0.227
11440.000	0.223
11450.000	0.223
11460.000	0.227
11470.000	0.226
11480.000	0.227
11490.000	0.228
11500.000	0.230
11510.000	0.226
11520.000	0.229
11530.000	0.228
11540.000	0.224
11550.000	0.224
11560.000	0.225
11570.000	0.225
11580.000	0.223
11590.000	0.220
11600.000	0.220
11610.000	0.222
11620.000	0.224
11630.000	0.226
11640.000	0.224
11650.000	0.219
11660.000	0.221
11670.000	0.220
11680.000	0.222
11690.000	0.219
11700.000	0.218
11710.000	0.220
11720.000	0.214
11730.000	0.216
11740.000	0.221
11750.000	0.222
11760.000	0.225
11770.000	0.223
11780.000	0.218
11790.000	0.217
11800.000	0.218
11810.000	0.221
11820.000	0.220
11830.000	0.216
11840.000	0.216
11850.000	0.218
11860.000	0.216
11870.000	0.216
11880.000	0.219
11890.000	0.217
11900.000	0.217
11910.000	0.215
11920.000	0.215
11930.000	0.215
11940.000	0.217
11950.000	0.220
11960.000	0.218
11970.000	0.218
11980.000	0.218
11990.000	0.216
12000.000	0.214
12010.000	0.212
12020.000	0.214
12030.000	0.212
12040.000	0.213
12050.000	0.214
12060.000	0.214
12070.000	0.213
12080.000	0.212
12090.000	0.212
12100.000	0.208
12110.000	0.207
12120.000	0.205
12130.000	0.210
12140.000	0.213
12150.000	0.214
12160.000	0.213
12170.000	0.213
12180.000	0.213
12190.000	0.209
12200.000	0.212
12210.000	0.208
12220.000	0.209
12230.000	0.212
12240.000	0.210
12250.000	0.206
12260.000	0.207
12270.000	0.211
12280.000	0.210
12290.000	0.208
12300.000	0.208
12310.000	0.204
12320.000	0.204
12330.000	0.206
12340.000	0.203
12350.000	0.207
12360.000	0.211
12370.000	0.205
12380.000	0.205
12390.000	0.206
12400.000	0.204
12410.000	0.203
12420.000	0.206
12430.000	0.206
12440.000	0.201
12450.000	0.202
12460.000	0.205
12470.000	0.206
12480.000	0.206
12490.000	0.206
12500.000	0.204
12510.000	0.206
12520.000	0.205
12530.000	0.202
12540.000	0.201
12550.000	0.203
12560.000	0.202
12570.000	0.198
12580.000	0.199
12590.000	0.197
12600.000	0.199
12610.000	0.204
12620.000	0.201
12630.000	0.204
12640.000	0.203
12650.000	0.200
12660.000	0.201
12670.000	0.203
12680.000	0.201
12690.000	0.200
12700.000	0.203
12710.000	0.199
12720.000	0.197
12730.000	0.199
12740.000	0.197
12750.000	0.198
12760.000	0.197
12770.000	0.198
12780.000	0.200
12790.000	0.201
12800.000	0.196
12810.000	0.197
12820.000	0.197
12830.000	0.199
12840.000	0.198
12850.000	0.197
12860.000	0.194
12870.000	0.197
12880.000	0.194
12890.000	0.193
12900.000	0.194
12910.000	0.195
12920.000	0.194
12930.000	0.195
12940.000	0.194
12950.000	0.197
12960.000	0.195
12970.000	0.197
12980.000	0.197
12990.000	0.195
13000.000	0.197
13010.000	0.195
13020.000	0.196
13030.000	0.197
13040.000	0.195
13050.000	0.194
13060.000	0.195
13070.000	0.193
13080.000	0.196
13090.000	0.191
13100.000	0.192
13110.000	0.190
13120.000	0.190
13130.000	0.193
13140.000	0.193
13150.000	0.191
13160.000	0.190
13170.000	0.190
13180.000	0.191
13190.000	0.191
13200.000	0.194
13210.000	0.195
13220.000	0.195
13230.000	0.189
13240.000	0.190
13250.000	0.190
13260.000	0.192
13270.000	0.194
13280.000	0.191
13290.000	0.190
13300.000	0.191
13310.000	0.188
13320.000	0.188
13330.000	0.187
13340.000	0.189
13350.000	0.186
13360.000	0.188
13370.000	0.190
13380.000	0.191
13390.000	0.188
13400.000	0.190
13410.000	0.190
13420.000	0.184
13430.000	0.186
13440.000	0.189
13450.000	0.186
13460.000	0.187
13470.000	0.187
13480.000	0.187
13490.000	0.191
13500.000	0.189
13510.000	0.189
13520.000	0.191
13530.000	0.190
13540.000	0.185
13550.000	0.185
13560.000	0.183
13570.000	0.186
13580.000	0.183
13590.000	0.184
13600.000	0.187
13610.000	0.190
13620.000	0.188
13630.000	0.187
13640.000	0.185
13650.000	0.188
13660.000	0.186
13670.000	0.184
13680.000	0.181
13690.000	0.182
13700.000	0.182
13710.000	0.184
13720.000	0.186
13730.000	0.184
13740.000	0.182
13750.000	0.183
13760.000	0.187
13770.000	0.186
13780.000	0.186
13790.000	0.185
13800.000	0.183
13810.000	0.183
13820.000	0.181
13830.000	0.179
13840.000	0.180
13850.000	0.182
13860.000	0.184
13870.000	0.186
13880.000	0.186
13890.000	0.187
13900.000	0.185
13910.000	0.190
13920.000	0.186
13930.000	0.187
13940.000	0.185
13950.000	0.185
13960.000	0.180
13970.000	0.179
13980.000	0.180
13990.000	0.182
14000.000	0.185
14010.000	0.183
14020.000	0.186
14030.000	0.184
14040.000	0.188
14050.000	0.186
14060.000	0.186
14070.000	0.185
14080.000	0.185
14090.000	0.183
14100.000	0.181
14110.000	0.177
14120.000	0.172
14130.000	0.173
14140.000	0.177
14150.000	0.175
14160.000	0.177
14170.000	0.179
14180.000	0.182
14190.000	0.185
14200.000	0.186
14210.000	0.188
14220.000	0.187
14230.000	0.192
14240.000	0.188
14250.000	0.186
14260.000	0.180
14270.000	0.181
14280.000	0.178
14290.000	0.175
14300.000	0.173
14310.000	0.171
14320.000	0.173
14330.000	0.174
14340.000	0.179
14350.000	0.183
14360.000	0.188
14370.000	0.185
14380.000	0.185
14390.000	0.186
14400.000	0.190
14410.000	0.187
14420.000	0.185
14430.000	0.184
14440.000	0.181
14450.000	0.174
14460.000	0.169
14470.000	0.171
14480.000	0.172
14490.000	0.172
14500.000	0.172
14510.000	0.177
14520.000	0.179
14530.000	0.182
14540.000	0.186
14550.000	0.186
14560.000	0.186
14570.000	0.186
14580.000	0.188
14590.000	0.185
14600.000	0.186
14610.000	0.185
14620.000	0.181
14630.000	0.179
14640.000	0.172
14650.000	0.163
14660.000	0.161
14670.000	0.160
14680.000	0.159
14690.000	0.162
14700.000	0.166
14710.000	0.167
14720.000	0.171
14730.000	0.179
14740.000	0.181
14750.000	0.184
14760.000	0.188
14770.000	0.190
14780.000	0.194
14790.000	0.192
14800.000	0.187
14810.000	0.182
14820.000	0.178
14830.000	0.175
14840.000	0.171
14850.000	0.170
14860.000	0.162
14870.000	0.158
14880.000	0.157
14890.000	0.158
14900.000	0.160
14910.000	0.162
14920.000	0.168
14930.000	0.170
14940.000	0.173
14950.000	0.175
14960.000	0.174
14970.000	0.178
14980.000	0.180
14990.000	0.185
15000.000	0.185
15010.000	0.186
15020.000	0.184
15030.000	0.179
15040.000	0.175
15050.000	0.169
15060.000	0.166
15070.000	0.158
15080.000	0.155
15090.000	0.156
15100.000	0.154
15110.000	0.156
15120.000	0.157
15130.000	0.162
15140.000	0.165
15150.000	0.169
15160.000	0.173
15170.000	0.174
15180.000	0.172
15190.000	0.172
15200.000	0.172
15210.000	0.179
15220.000	0.182
15230.000	0.182
15240.000	0.183
15250.000	0.179
15260.000	0.176
15270.000	0.172
15280.000	0.166
15290.000	0.157
15300.000	0.155
15310.000	0.150
15320.000	0.150
15330.000	0.149
15340.000	0.151
15350.000	0.154
15360.000	0.159
15370.000	0.164
15380.000	0.168
15390.000	0.171
15400.000	0.171
15410.000	0.172
15420.000	0.181
15430.000	0.182
15440.000	0.186
15450.000	0.190
15460.000	0.190
15470.000	0.192
15480.000	0.192
15490.000	0.181
15500.000	0.177
15510.000	0.168
15520.000	0.158
15530.000	0.152
15540.000	0.148
15550.000	0.147
15560.000	0.146
15570.000	0.145
15580.000	0.150
15590.000	0.152
15600.000	0.154
15610.000	0.158
15620.000	0.165
15630.000	0.167
15640.000	0.174
15650.000	0.176
15660.000	0.182
15670.000	0.188
15680.000	0.192
15690.000	0.191
15700.000	0.194
15710.000	0.195
15720.000	0.195
15730.000	0.193
15740.000	0.187
15750.000	0.176
15760.000	0.168
15770.000	0.161
15780.000	0.147
15790.000	0.142
15800.000	0.138
15810.000	0.139
15820.000	0.140
15830.000	0.144
15840.000	0.148
15850.000	0.151
15860.000	0.156
15870.000	0.157
15880.000	0.158
15890.000	0.164
15900.000	0.165
15910.000	0.166
15920.000	0.171
15930.000	0.172
15940.000	0.171
15950.000	0.177
15960.000	0.179
15970.000	0.183
15980.000	0.183
15990.000	0.188
16000.000	0.187
16010.000	0.182
16020.000	0.175
16030.000	0.168
16040.000	0.157
16050.000	0.150
16060.000	0.138
16070.000	0.135
16080.000	0.133
16090.000	0.135
16100.000	0.136
16110.000	0.137
16120.000	0.141
16130.000	0.145
16140.000	0.147
16150.000	0.150
16160.000	0.161
16170.000	0.162
16180.000	0.169
16190.000	0.174
16200.000	0.182
16210.000	0.184
16220.000	0.190
16230.000	0.193
16240.000	0.194
16250.000	0.197
16260.000	0.202
16270.000	0.200
16280.000	0.190
16290.000	0.180
16300.000	0.169
16310.000	0.158
16320.000	0.149
16330.000	0.139
16340.000	0.133
16350.000	0.133
16360.000	0.135
16370.000	0.136
16380.000	0.140
16390.000	0.144
16400.000	0.146
16410.000	0.148
16420.000	0.154
16430.000	0.156
16440.000	0.160
16450.000	0.165
16460.000	0.167
16470.000	0.165
16480.000	0.167
16490.000	0.168
16500.000	0.173
16510.000	0.178
16520.000	0.184
16530.000	0.187
16540.000	0.186
16550.000	0.191
16560.000	0.196
16570.000	0.198
16580.000	0.190
16590.000	0.182
16600.000	0.175
16610.000	0.160
16620.000	0.146
16630.000	0.138
16640.000	0.138
16650.000	0.140
16660.000	0.140
16670.000	0.147
16680.000	0.150
16690.000	0.152
16700.000	0.154
16710.000	0.154
16720.000	0.155
16730.000	0.160
16740.000	0.163
16750.000	0.169
16760.000	0.175
16770.000	0.180
16780.000	0.186
16790.000	0.195
16800.000	0.204
16810.000	0.206
16820.000	0.207
16830.000	0.211
16840.000	0.220
16850.000	0.227
16860.000	0.225
16870.000	0.222
16880.000	0.209
16890.000	0.198
16900.000	0.183
16910.000	0.163
16920.000	0.146
16930.000	0.135
16940.000	0.131
16950.000	0.126
16960.000	0.128
16970.000	0.131
16980.000	0.134
16990.000	0.138
17000.000	0.139
17010.000	0.142
17020.000	0.147
17030.000	0.153
17040.000	0.163
17050.000	0.169
17060.000	0.178
17070.000	0.182
17080.000	0.192
17090.000	0.199
17100.000	0.202
17110.000	0.211
17120.000	0.212
17130.000	0.214
17140.000	0.215
17150.000	0.220
17160.000	0.220
17170.000	0.223
17180.000	0.224
17190.000	0.225
17200.000	0.214
17210.000	0.204
17220.000	0.187
17230.000	0.164
17240.000	0.145
17250.000	0.127
17260.000	0.121
17270.000	0.124
17280.000	0.133
17290.000	0.140
17300.000	0.150
17310.000	0.158
17320.000	0.167
17330.000	0.168
17340.000	0.172
17350.000	0.174
17360.000	0.178
17370.000	0.181
17380.000	0.185
17390.000	0.187
17400.000	0.192
17410.000	0.198
17420.000	0.207
17430.000	0.211
17440.000	0.212
17450.000	0.220
17460.000	0.232
17470.000	0.243
17480.000	0.251
17490.000	0.261
17500.000	0.266
17510.000	0.265
17520.000	0.260
17530.000	0.242
17540.000	0.223
17550.000	0.198
17560.000	0.173
17570.000	0.156
17580.000	0.142
17590.000	0.134
17600.000	0.134
17610.000	0.140
17620.000	0.144
17630.000	0.145
17640.000	0.153
17650.000	0.158
17660.000	0.157
17670.000	0.161
17680.000	0.175
17690.000	0.185
17700.000	0.187
17710.000	0.193
17720.000	0.196
17730.000	0.198
17740.000	0.195
17750.000	0.202
17760.000	0.206
17770.000	0.216
17780.000	0.220
17790.000	0.223
17800.000	0.225
17810.000	0.228
17820.000	0.231
17830.000	0.238
17840.000	0.251
17850.000	0.264
17860.000	0.277
17870.000	0.281
17880.000	0.269
17890.000	0.244
17900.000	0.210
17910.000	0.173
17920.000	0.148
17930.000	0.129
17940.000	0.124
17950.000	0.124
17960.000	0.128
17970.000	0.130
17980.000	0.138
17990.000	0.144
18000.000	0.153
18010.000	0.162
18020.000	0.167
18030.000	0.177
18040.000	0.179
18050.000	0.181
18060.000	0.187
18070.000	0.192
18080.000	0.200
18090.000	0.209
18100.000	0.217
18110.000	0.220
18120.000	0.220
18130.000	0.228
18140.000	0.232
18150.000	0.238
18160.000	0.244
18170.000	0.254
18180.000	0.259
18190.000	0.260
18200.000	0.259
18210.000	0.262
18220.000	0.260
18230.000	0.248
18240.000	0.233
18250.000	0.220
18260.000	0.194
18270.000	0.170
18280.000	0.146
18290.000	0.135
18300.000	0.126
18310.000	0.122
18320.000	0.121
18330.000	0.119
18340.000	0.123
18350.000	0.130
18360.000	0.136
18370.000	0.148
18380.000	0.155
18390.000	0.165
18400.000	0.172
18410.000	0.179
18420.000	0.184
18430.000	0.188
18440.000	0.196
18450.000	0.204
18460.000	0.214
18470.000	0.215
18480.000	0.222
18490.000	0.231
18500.000	0.231
18510.000	0.232
18520.000	0.241
18530.000	0.248
18540.000	0.258
18550.000	0.271
18560.000	0.276
18570.000	0.281
18580.000	0.277
18590.000	0.268
18600.000	0.260
18610.000	0.238
18620.000	0.208
18630.000	0.172
18640.000	0.139
18650.000	0.115
18660.000	0.102
18670.000	0.099
18680.000	0.107
18690.000	0.116
18700.000	0.126
18710.000	0.135
18720.000	0.142
18730.000	0.146
18740.000	0.153
18750.000	0.155
18760.000	0.162
18770.000	0.171
18780.000	0.172
18790.000	0.176
18800.000	0.183
18810.000	0.184
18820.000	0.184
18830.000	0.186
18840.000	0.193
18850.000	0.196
18860.000	0.202
18870.000	0.207
18880.000	0.211
18890.000	0.218
18900.000	0.226
18910.000	0.230
18920.000	0.237
18930.000	0.245
18940.000	0.252
18950.000	0.263
18960.000	0.272
18970.000	0.283
18980.000	0.284
18990.000	0.269
19000.000	0.252
19010.000	0.211
19020.000	0.174
19030.000	0.140
19040.000	0.116
19050.000	0.104
19060.000	0.102
19070.000	0.102
19080.000	0.107
19090.000	0.109
19100.000	0.111
19110.000	0.111
19120.000	0.120
19130.000	0.125
19140.000	0.131
19150.000	0.137
19160.000	0.143
19170.000	0.151
19180.000	0.157
19190.000	0.163
19200.000	0.169
19210.000	0.177
19220.000	0.180
19230.000	0.179
19240.000	0.183
19250.000	0.188
19260.000	0.194
19270.000	0.199
19280.000	0.206
19290.000	0.215
19300.000	0.214
19310.000	0.218
19320.000	0.221
19330.000	0.233
19340.000	0.241
19350.000	0.252
19360.000	0.268
19370.000	0.270
19380.000	0.272
19390.000	0.264
19400.000	0.237
19410.000	0.202
19420.000	0.163
19430.000	0.127
19440.000	0.102
19450.000	0.095
19460.000	0.097
19470.000	0.097
19480.000	0.100
19490.000	0.104
19500.000	0.107
19510.000	0.107
19520.000	0.112
19530.000	0.118
19540.000	0.121
19550.000	0.128
19560.000	0.132
19570.000	0.138
19580.000	0.141
19590.000	0.144
19600.000	0.150
19610.000	0.163
19620.000	0.177
19630.000	0.194
19640.000	0.203
19650.000	0.208
19660.000	0.208
19670.000	0.208
19680.000	0.213
19690.000	0.220
19700.000	0.240
19710.000	0.255
19720.000	0.269
19730.000	0.278
19740.000	0.290
19750.000	0.292
19760.000	0.294
19770.000	0.297
19780.000	0.284
19790.000	0.276
19800.000	0.251
19810.000	0.217
19820.000	0.177
19830.000	0.137
19840.000	0.103
19850.000	0.084
19860.000	0.080
19870.000	0.082
19880.000	0.086
19890.000	0.089
19900.000	0.095
19910.000	0.098
19920.000	0.104
19930.000	0.111
19940.000	0.118
19950.000	0.128
19960.000	0.135
19970.000	0.135
19980.000	0.139
19990.000	0.144
20000.000	0.147
20010.000	0.148
20020.000	0.152
20030.000	0.156
20040.000	0.164
20050.000	0.171
20060.000	0.178
20070.000	0.186
20080.000	0.197
20090.000	0.214
20100.000	0.228
20110.000	0.233
20120.000	0.239
20130.000	0.244
20140.000	0.247
20150.000	0.251
20160.000	0.254
20170.000	0.257
20180.000	0.268
20190.000	0.274
20200.000	0.278
20210.000	0.277
20220.000	0.272
20230.000	0.243
20240.000	0.204
20250.000	0.165
20260.000	0.126
20270.000	0.096
20280.000	0.088
20290.000	0.085
20300.000	0.084
20310.000	0.084
20320.000	0.089
20330.000	0.098
20340.000	0.101
20350.000	0.114
20360.000	0.123
20370.000	0.137
20380.000	0.146
20390.000	0.154
20400.000	0.160
20410.000	0.164
20420.000	0.164
20430.000	0.168
20440.000	0.176
20450.000	0.179
20460.000	0.176
20470.000	0.173
20480.000	0.180
20490.000	0.185
20500.000	0.193
20510.000	0.204
20520.000	0.215
20530.000	0.221
20540.000	0.232
20550.000	0.241
20560.000	0.245
20570.000	0.249
20580.000	0.253
20590.000	0.260
20600.000	0.262
20610.000	0.270
20620.000	0.276
20630.000	0.287
20640.000	0.299
20650.000	0.298
20660.000	0.293
20670.000	0.260
20680.000	0.218
20690.000	0.172
20700.000	0.130
20710.000	0.101
20720.000	0.088
20730.000	0.084
20740.000	0.086
20750.000	0.094
20760.000	0.099
20770.000	0.106
20780.000	0.107
20790.000	0.116
20800.000	0.121
20810.000	0.128
20820.000	0.135
20830.000	0.144
20840.000	0.153
20850.000	0.161
20860.000	0.175
20870.000	0.187
20880.000	0.197
20890.000	0.199
20900.000	0.197
20910.000	0.195
20920.000	0.198
20930.000	0.208
20940.000	0.224
20950.000	0.237
20960.000	0.244
20970.000	0.253
20980.000	0.253
20990.000	0.259
21000.000	0.262
21010.000	0.268
21020.000	0.275
21030.000	0.284
21040.000	0.287
21050.000	0.291
21060.000	0.290
21070.000	0.292
21080.000	0.306
21090.000	0.316
21100.000	0.312
21110.000	0.295
21120.000	0.260
21130.000	0.213
21140.000	0.161
21150.000	0.115
21160.000	0.092
21170.000	0.083
21180.000	0.080
21190.000	0.086
21200.000	0.097
21210.000	0.110
21220.000	0.126
21230.000	0.134
21240.000	0.140
21250.000	0.144
21260.000	0.154
21270.000	0.157
21280.000	0.168
21290.000	0.174
21300.000	0.180
21310.000	0.194
21320.000	0.206
21330.000	0.216
21340.000	0.222
21350.000	0.226
21360.000	0.221
21370.000	0.221
21380.000	0.225
21390.000	0.233
21400.000	0.247
21410.000	0.268
21420.000	0.279
21430.000	0.284
21440.000	0.289
21450.000	0.293
21460.000	0.305
21470.000	0.320
21480.000	0.332
21490.000	0.338
21500.000	0.342
21510.000	0.344
21520.000	0.342
21530.000	0.341
21540.000	0.343
21550.000	0.351
21560.000	0.349
21570.000	0.338
21580.000	0.303
21590.000	0.250
21600.000	0.194
21610.000	0.137
21620.000	0.106
21630.000	0.091
21640.000	0.091
21650.000	0.097
21660.000	0.105
21670.000	0.112
21680.000	0.117
21690.000	0.124
21700.000	0.128
21710.000	0.136
21720.000	0.148
21730.000	0.165
21740.000	0.182
21750.000	0.196
21760.000	0.212
21770.000	0.223
21780.000	0.222
21790.000	0.223
21800.000	0.226
21810.000	0.224
21820.000	0.225
21830.000	0.228
21840.000	0.238
21850.000	0.254
21860.000	0.273
21870.000	0.286
21880.000	0.296
21890.000	0.305
21900.000	0.318
21910.000	0.321
21920.000	0.336
21930.000	0.350
21940.000	0.357
21950.000	0.367
21960.000	0.370
21970.000	0.366
21980.000	0.377
21990.000	0.382
22000.000	0.390
22010.000	0.405
22020.000	0.412
22030.000	0.414
22040.000	0.401
22050.000	0.366
22060.000	0.308
22070.000	0.238
22080.000	0.164
22090.000	0.119
22100.000	0.099
22110.000	0.095
22120.000	0.099
22130.000	0.109
22140.000	0.113
22150.000	0.117
22160.000	0.124
22170.000	0.130
22180.000	0.138
22190.000	0.150
22200.000	0.165
22210.000	0.186
22220.000	0.210
22230.000	0.229
22240.000	0.239
22250.000	0.249
22260.000	0.255
22270.000	0.259
22280.000	0.260
22290.000	0.259
22300.000	0.263
22310.000	0.263
22320.000	0.278
22330.000	0.289
22340.000	0.307
22350.000	0.324
22360.000	0.334
22370.000	0.349
22380.000	0.361
22390.000	0.369
22400.000	0.373
22410.000	0.380
22420.000	0.387
22430.000	0.397
22440.000	0.405
22450.000	0.409
22460.000	0.407
22470.000	0.407
22480.000	0.402
22490.000	0.408
22500.000	0.411
22510.000	0.407
22520.000	0.402
22530.000	0.376
22540.000	0.331
22550.000	0.268
22560.000	0.194
22570.000	0.137
22580.000	0.109
22590.000	0.098
22600.000	0.101
22610.000	0.109
22620.000	0.121
22630.000	0.127
22640.000	0.133
22650.000	0.134
22660.000	0.144
22670.000	0.158
22680.000	0.174
22690.000	0.187
22700.000	0.197
22710.000	0.211
22720.000	0.219
22730.000	0.237
22740.000	0.255
22750.000	0.264
22760.000	0.272
22770.000	0.270
22780.000	0.269
22790.000	0.275
22800.000	0.286
22810.000	0.302
22820.000	0.319
22830.000	0.331
22840.000	0.328
22850.000	0.324
22860.000	0.326
22870.000	0.329
22880.000	0.341
22890.000	0.356
22900.000	0.370
22910.000	0.384
22920.000	0.389
22930.000	0.397
22940.000	0.408
22950.000	0.417
22960.000	0.433
22970.000	0.444
22980.000	0.454
22990.000	0.464
23000.000	0.470
23010.000	0.461
23020.000	0.431
23030.000	0.382
23040.000	0.307
23050.000	0.234
23060.000	0.167
23070.000	0.121
23080.000	0.099
23090.000	0.094
23100.000	0.099
23110.000	0.104
23120.000	0.113
23130.000	0.119
23140.000	0.125
23150.000	0.136
23160.000	0.147
23170.000	0.159
23180.000	0.167
23190.000	0.176
23200.000	0.181
23210.000	0.191
23220.000	0.200
23230.000	0.206
23240.000	0.219
23250.000	0.223
23260.000	0.220
23270.000	0.215
23280.000	0.213
23290.000	0.222
23300.000	0.230
23310.000	0.249
23320.000	0.262
23330.000	0.284
23340.000	0.295
23350.000	0.303
23360.000	0.318
23370.000	0.338
23380.000	0.347
23390.000	0.360
23400.000	0.366
23410.000	0.378
23420.000	0.386
23430.000	0.397
23440.000	0.414
23450.000	0.424
23460.000	0.435
23470.000	0.444
23480.000	0.451
23490.000	0.454
23500.000	0.452
23510.000	0.441
23520.000	0.419
23530.000	0.396
23540.000	0.359
23550.000	0.301
23560.000	0.234
23570.000	0.169
23580.000	0.122
23590.000	0.093
23600.000	0.086
23610.000	0.085
23620.000	0.086
23630.000	0.088
23640.000	0.095
23650.000	0.103
23660.000	0.110
23670.000	0.116
23680.000	0.121
23690.000	0.125
23700.000	0.131
23710.000	0.138
23720.000	0.144
23730.000	0.146
23740.000	0.151
23750.000	0.162
23760.000	0.172
23770.000	0.187
23780.000	0.201
23790.000	0.211
23800.000	0.214
23810.000	0.220
23820.000	0.234
23830.000	0.247
23840.000	0.265
23850.000	0.283
23860.000	0.298
23870.000	0.305
23880.000	0.314
23890.000	0.324
23900.000	0.334
23910.000	0.346
23920.000	0.355
23930.000	0.366
23940.000	0.372
23950.000	0.383
23960.000	0.389
23970.000	0.394
23980.000	0.407
23990.000	0.407
24000.000	0.418
24010.000	0.421
24020.000	0.414
24030.000	0.403
24040.000	0.377
24050.000	0.341
24060.000	0.293
24070.000	0.226
24080.000	0.166
24090.000	0.114
24100.000	0.088
24110.000	0.074
24120.000	0.072
24130.000	0.073
24140.000	0.078
24150.000	0.082
24160.000	0.088
24170.000	0.088
24180.000	0.095
24190.000	0.104
24200.000	0.115
24210.000	0.121
24220.000	0.131
24230.000	0.144
24240.000	0.156
24250.000	0.165
24260.000	0.173
24270.000	0.179
24280.000	0.185
24290.000	0.186
24300.000	0.195
24310.000	0.203
24320.000	0.213
24330.000	0.224
24340.000	0.233
24350.000	0.238
24360.000	0.251
24370.000	0.263
24380.000	0.275
24390.000	0.294
24400.000	0.313
24410.000	0.329
24420.000	0.343
24430.000	0.348
24440.000	0.351
24450.000	0.352
24460.000	0.351
24470.000	0.363
24480.000	0.372
24490.000	0.376
24500.000	0.375
24510.000	0.375
24520.000	0.360
24530.000	0.347
24540.000	0.336
24550.000	0.330
24560.000	0.322
24570.000	0.304
24580.000	0.273
24590.000	0.240
24600.000	0.187
24610.000	0.144
24620.000	0.109
24630.000	0.086
24640.000	0.077
24650.000	0.077
24660.000	0.076
24670.000	0.081
24680.000	0.087
24690.000	0.093
24700.000	0.100
24710.000	0.111
24720.000	0.118
24730.000	0.123
24740.000	0.126
24750.000	0.131
24760.000	0.139
24770.000	0.146
24780.000	0.153
24790.000	0.164
24800.000	0.170
24810.000	0.187
24820.000	0.195
24830.000	0.205
24840.000	0.219
24850.000	0.230
24860.000	0.241
24870.000	0.249
24880.000	0.259
24890.000	0.272
24900.000	0.283
24910.000	0.296
24920.000	0.301
24930.000	0.310
24940.000	0.321
24950.000	0.327
24960.000	0.336
24970.000	0.339
24980.000	0.341
24990.000	0.338
25000.000	0.331
25010.000	0.318
25020.000	0.313
25030.000	0.313
25040.000	0.312
25050.000	0.324
25060.000	0.331
25070.000	0.333
25080.000	0.335
25090.000	0.336
25100.000	0.327
25110.000	0.312
25120.000	0.289
25130.000	0.246
25140.000	0.199
25150.000	0.148
25160.000	0.117
25170.000	0.097
25180.000	0.091
25190.000	0.091
25200.000	0.097
25210.000	0.098
25220.000	0.104
25230.000	0.113
25240.000	0.121
25250.000	0.133
25260.000	0.141
25270.000	0.146
25280.000	0.149
25290.000	0.150
25300.000	0.156
25310.000	0.160
25320.000	0.168
25330.000	0.184
25340.000	0.192
25350.000	0.201
25360.000	0.216
25370.000	0.232
25380.000	0.250
25390.000	0.261
25400.000	0.264
25410.000	0.278
25420.000	0.283
25430.000	0.292
25440.000	0.300
25450.000	0.310
25460.000	0.317
25470.000	0.323
25480.000	0.323
25490.000	0.320
25500.000	0.317
25510.000	0.311
25520.000	0.298
25530.000	0.292
25540.000	0.285
25550.000	0.287
25560.000	0.294
25570.000	0.303
25580.000	0.314
25590.000	0.326
25600.000	0.337
25610.000	0.351
25620.000	0.362
25630.000	0.369
25640.000	0.365
25650.000	0.357
25660.000	0.336
25670.000	0.298
25680.000	0.249
25690.000	0.192
25700.000	0.149
25710.000	0.116
25720.000	0.100
25730.000	0.097
25740.000	0.099
25750.000	0.105
25760.000	0.112
25770.000	0.121
25780.000	0.132
25790.000	0.146
25800.000	0.160
25810.000	0.170
25820.000	0.176
25830.000	0.182
25840.000	0.189
25850.000	0.189
25860.000	0.197
25870.000	0.200
25880.000	0.206
25890.000	0.216
25900.000	0.229
25910.000	0.242
25920.000	0.259
25930.000	0.275
25940.000	0.287
25950.000	0.304
25960.000	0.303
25970.000	0.304
25980.000	0.313
25990.000	0.311
26000.000	0.317
26010.000	0.312
26020.000	0.303
26030.000	0.289
26040.000	0.275
26050.000	0.265
26060.000	0.268
26070.000	0.261
26080.000	0.269
26090.000	0.281
26100.000	0.291
26110.000	0.294
26120.000	0.301
26130.000	0.315
26140.000	0.327
26150.000	0.335
26160.000	0.349
26170.000	0.358
26180.000	0.371
26190.000	0.379
26200.000	0.385
26210.000	0.364
26220.000	0.338
26230.000	0.294
26240.000	0.235
26250.000	0.187
26260.000	0.152
26270.000	0.133
26280.000	0.123
26290.000	0.124
26300.000	0.131
26310.000	0.143
26320.000	0.150
26330.000	0.159
26340.000	0.167
26350.000	0.182
26360.000	0.193
26370.000	0.199
26380.000	0.210
26390.000	0.217
26400.000	0.231
26410.000	0.237
26420.000	0.243
26430.000	0.253
26440.000	0.266
26450.000	0.274
26460.000	0.283
26470.000	0.301
26480.000	0.310
26490.000	0.317
26500.000	0.324
26510.000	0.338
26520.000	0.340
26530.000	0.340
26540.000	0.332
26550.000	0.316
26560.000	0.297
26570.000	0.279
26580.000	0.263
26590.000	0.261
26600.000	0.260
26610.000	0.262
26620.000	0.270
26630.000	0.282
26640.000	0.293
26650.000	0.297
26660.000	0.308
26670.000	0.322
26680.000	0.333
26690.000	0.345
26700.000	0.366
26710.000	0.376
26720.000	0.386
26730.000	0.404
26740.000	0.414
26750.000	0.421
26760.000	0.418
26770.000	0.411
26780.000	0.386
26790.000	0.334
26800.000	0.281
26810.000	0.235
26820.000	0.189
26830.000	0.161
26840.000	0.146
26850.000	0.142
26860.000	0.154
26870.000	0.162
26880.000	0.171
26890.000	0.184
26900.000	0.194
26910.000	0.208
26920.000	0.220
26930.000	0.224
26940.000	0.237
26950.000	0.251
26960.000	0.266
26970.000	0.283
26980.000	0.300
26990.000	0.310
27000.000	0.328
27010.000	0.339
27020.000	0.351
27030.000	0.361
27040.000	0.369
27050.000	0.372
27060.000	0.365
27070.000	0.354
27080.000	0.331
27090.000	0.311
27100.000	0.289
27110.000	0.273
27120.000	0.257
27130.000	0.260
27140.000	0.265
27150.000	0.271
27160.000	0.287
27170.000	0.295
27180.000	0.304
27190.000	0.313
27200.000	0.327
27210.000	0.332
27220.000	0.351
27230.000	0.352
27240.000	0.362
27250.000	0.378
27260.000	0.388
27270.000	0.403
27280.000	0.418
27290.000	0.427
27300.000	0.434
27310.000	0.436
27320.000	0.443
27330.000	0.441
27340.000	0.433
27350.000	0.411
27360.000	0.370
27370.000	0.325
27380.000	0.277
27390.000	0.229
27400.000	0.195
27410.000	0.178
27420.000	0.171
27430.000	0.175
27440.000	0.183
27450.000	0.197
27460.000	0.203
27470.000	0.216
27480.000	0.233
27490.000	0.243
27500.000	0.251
27510.000	0.262
27520.000	0.276
27530.000	0.292
27540.000	0.307
27550.000	0.321
27560.000	0.333
27570.000	0.342
27580.000	0.354
27590.000	0.366
27600.000	0.371
27610.000	0.371
27620.000	0.356
27630.000	0.332
27640.000	0.310
27650.000	0.282
27660.000	0.257
27670.000	0.247
27680.000	0.244
27690.000	0.253
27700.000	0.262
27710.000	0.272
27720.000	0.285
27730.000	0.300
27740.000	0.316
27750.000	0.330
27760.000	0.346
27770.000	0.356
27780.000	0.362
27790.000	0.373
27800.000	0.386
27810.000	0.388
27820.000	0.397
27830.000	0.407
27840.000	0.423
27850.000	0.434
27860.000	0.441
27870.000	0.453
27880.000	0.456
27890.000	0.457
27900.000	0.469
27910.000	0.470
27920.000	0.466
27930.000	0.447
27940.000	0.415
27950.000	0.372
27960.000	0.327
27970.000	0.280
27980.000	0.250
27990.000	0.223
28000.000	0.211
28010.000	0.214
28020.000	0.218
28030.000	0.226
28040.000	0.231
28050.000	0.253
28060.000	0.264
28070.000	0.275
28080.000	0.292
28090.000	0.308
28100.000	0.319
28110.000	0.332
28120.000	0.344
28130.000	0.355
28140.000	0.361
28150.000	0.364
28160.000	0.360
28170.000	0.351
28180.000	0.328
28190.000	0.306
28200.000	0.280
28210.000	0.256
28220.000	0.237
28230.000	0.233
28240.000	0.232
28250.000	0.235
28260.000	0.243
28270.000	0.259
28280.000	0.267
28290.000	0.279
28300.000	0.286
28310.000	0.293
28320.000	0.305
28330.000	0.319
28340.000	0.329
28350.000	0.346
28360.000	0.361
28370.000	0.372
28380.000	0.383
28390.000	0.389
28400.000	0.392
28410.000	0.411
28420.000	0.419
28430.000	0.430
28440.000	0.451
28450.000	0.457
28460.000	0.466
28470.000	0.480
28480.000	0.494
28490.000	0.500
28500.000	0.502
28510.000	0.492
28520.000	0.475
28530.000	0.439
28540.000	0.399
28550.000	0.357
28560.000	0.316
28570.000	0.279
28580.000	0.257
28590.000	0.246
28600.000	0.245
28610.000	0.253
28620.000	0.264
28630.000	0.275
28640.000	0.284
28650.000	0.294
28660.000	0.306
28670.000	0.314
28680.000	0.328
28690.000	0.334
28700.000	0.342
28710.000	0.349
28720.000	0.343
28730.000	0.329
28740.000	0.317
28750.000	0.297
28760.000	0.272
28770.000	0.249
28780.000	0.225
28790.000	0.215
28800.000	0.203
28810.000	0.206
28820.000	0.217
28830.000	0.226
28840.000	0.235
28850.000	0.248
28860.000	0.261
28870.000	0.279
28880.000	0.293
28890.000	0.301
28900.000	0.309
28910.000	0.315
28920.000	0.328
28930.000	0.335
28940.000	0.345
28950.000	0.362
28960.000	0.373
28970.000	0.389
28980.000	0.409
28990.000	0.430
29000.000	0.442
29010.000	0.456
29020.000	0.468
29030.000	0.476
29040.000	0.480
29050.000	0.497
29060.000	0.506
29070.000	0.515
29080.000	0.521
29090.000	0.520
29100.000	0.515
29110.000	0.508
29120.000	0.480
29130.000	0.444
29140.000	0.416
29150.000	0.381
29160.000	0.342
29170.000	0.315
29180.000	0.297
29190.000	0.291
29200.000	0.295
29210.000	0.301
29220.000	0.312
29230.000	0.322
29240.000	0.333
29250.000	0.339
29260.000	0.351
29270.000	0.355
29280.000	0.357
29290.000	0.351
29300.000	0.336
29310.000	0.309
29320.000	0.286
29330.000	0.260
29340.000	0.230
29350.000	0.212
29360.000	0.200
29370.000	0.197
29380.000	0.200
29390.000	0.212
29400.000	0.220
29410.000	0.229
29420.000	0.241
29430.000	0.252
29440.000	0.263
29450.000	0.275
29460.000	0.282
29470.000	0.296
29480.000	0.307
29490.000	0.321
29500.000	0.333
29510.000	0.344
29520.000	0.350
29530.000	0.370
29540.000	0.373
29550.000	0.385
29560.000	0.393
29570.000	0.406
29580.000	0.422
29590.000	0.432
29600.000	0.445
29610.000	0.456
29620.000	0.470
29630.000	0.482
29640.000	0.497
29650.000	0.501
29660.000	0.514
29670.000	0.524
29680.000	0.535
29690.000	0.543
29700.000	0.543
29710.000	0.538
29720.000	0.515
29730.000	0.493
29740.000	0.466
29750.000	0.433
29760.000	0.402
29770.000	0.367
29780.000	0.350
29790.000	0.341
29800.000	0.334
29810.000	0.341
29820.000	0.347
29830.000	0.354
29840.000	0.363
29850.000	0.364
29860.000	0.360
29870.000	0.353
29880.000	0.338
29890.000	0.318
29900.000	0.292
29910.000	0.269
29920.000	0.246
29930.000	0.225
29940.000	0.215
29950.000	0.205
29960.000	0.209
29970.000	0.217
29980.000	0.227
29990.000	0.236
30000.000	0.241
30010.000	0.257
30020.000	0.265
30030.000	0.276
30040.000	0.286
30050.000	0.297
30060.000	0.314
30070.000	0.320
30080.000	0.331
30090.000	0.338
30100.000	0.346
30110.000	0.356
30120.000	0.366
30130.000	0.373
30140.000	0.386
30150.000	0.397
30160.000	0.412
30170.000	0.423
30180.000	0.437
30190.000	0.453
30200.000	0.457
30210.000	0.469
30220.000	0.477
30230.000	0.487
30240.000	0.501
30250.000	0.517
30260.000	0.532
30270.000	0.534
30280.000	0.542
30290.000	0.551
30300.000	0.559
30310.000	0.557
30320.000	0.547
30330.000	0.533
30340.000	0.515
30350.000	0.484
30360.000	0.464
30370.000	0.443
30380.000	0.417
30390.000	0.401
30400.000	0.396
30410.000	0.397
30420.000	0.394
30430.000	0.400
30440.000	0.403
30450.000	0.394
30460.000	0.378
30470.000	0.358
30480.000	0.333
30490.000	0.308
30500.000	0.281
30510.000	0.254
30520.000	0.235
30530.000	0.225
30540.000	0.220
30550.000	0.226
30560.000	0.234
30570.000	0.246
30580.000	0.255
30590.000	0.268
30600.000	0.277
30610.000	0.289
30620.000	0.295
30630.000	0.309
30640.000	0.314
30650.000	0.321
30660.000	0.323
30670.000	0.328
30680.000	0.339
30690.000	0.348
30700.000	0.349
30710.000	0.355
30720.000	0.368
30730.000	0.380
30740.000	0.396
30750.000	0.407
30760.000	0.418
30770.000	0.425
30780.000	0.434
30790.000	0.450
30800.000	0.461
30810.000	0.478
30820.000	0.493
30830.000	0.504
30840.000	0.510
30850.000	0.515
30860.000	0.528
30870.000	0.539
30880.000	0.545
30890.000	0.555
30900.000	0.562
30910.000	0.568
30920.000	0.572
30930.000	0.567
30940.000	0.563
30950.000	0.551
30960.000	0.538
30970.000	0.518
30980.000	0.502
30990.000	0.484
31000.000	0.471
31010.000	0.462
31020.000	0.456
31030.000	0.447
31040.000	0.435
31050.000	0.417
31060.000	0.396
31070.000	0.373
31080.000	0.346
31090.000	0.319
31100.000	0.293
31110.000	0.268
31120.000	0.255
31130.000	0.248
31140.000	0.251
31150.000	0.262
31160.000	0.265
31170.000	0.280
31180.000	0.291
31190.000	0.297
31200.000	0.303
31210.000	0.304
31220.000	0.307
31230.000	0.311
31240.000	0.313
31250.000	0.316
31260.000	0.322
31270.000	0.330
31280.000	0.338
31290.000	0.351
31300.000	0.359
31310.000	0.371
31320.000	0.387
31330.000	0.397
31340.000	0.410
31350.000	0.416
31360.000	0.426
31370.000	0.436
31380.000	0.454
31390.000	0.462
31400.000	0.473
31410.000	0.481
31420.000	0.494
31430.000	0.504
31440.000	0.516
31450.000	0.525
31460.000	0.539
31470.000	0.541
31480.000	0.556
31490.000	0.565
31500.000	0.577
31510.000	0.591
31520.000	0.594
31530.000	0.598
31540.000	0.600
31550.000	0.606
31560.000	0.603
31570.000	0.590
31580.000	0.580
31590.000	0.572
31600.000	0.547
31610.000	0.539
31620.000	0.520
31630.000	0.496
31640.000	0.477
31650.000	0.451
31660.000	0.429
31670.000	0.405
31680.000	0.381
31690.000	0.356
31700.000	0.322
31710.000	0.298
31720.000	0.285
31730.000	0.286
31740.000	0.283
31750.000	0.292
31760.000	0.295
31770.000	0.299
31780.000	0.304
31790.000	0.303
31800.000	0.302
31810.000	0.303
31820.000	0.307
31830.000	0.308
31840.000	0.314
31850.000	0.321
31860.000	0.327
31870.000	0.336
31880.000	0.349
31890.000	0.358
31900.000	0.369
31910.000	0.377
31920.000	0.392
31930.000	0.407
31940.000	0.414
31950.000	0.426
31960.000	0.438
31970.000	0.445
31980.000	0.456
31990.000	0.468
32000.000	0.479
32010.000	0.495
32020.000	0.499
32030.000	0.512
32040.000	0.522
32050.000	0.530
32060.000	0.535
32070.000	0.548
32080.000	0.557
32090.000	0.564
32100.000	0.573
32110.000	0.584
32120.000	0.592
32130.000	0.605
32140.000	0.611
32150.000	0.615
32160.000	0.622
32170.000	0.626
32180.000	0.622
32190.000	0.614
32200.000	0.607
32210.000	0.593
32220.000	0.578
32230.000	0.559
32240.000	0.536
32250.000	0.504
32260.000	0.473
32270.000	0.446
32280.000	0.424
32290.000	0.389
32300.000	0.359
32310.000	0.336
32320.000	0.318
32330.000	0.310
32340.000	0.308
32350.000	0.311
32360.000	0.311
32370.000	0.317
32380.000	0.308
32390.000	0.309
32400.000	0.304
32410.000	0.309
32420.000	0.310
32430.000	0.312
32440.000	0.322
32450.000	0.338
32460.000	0.343
32470.000	0.352
32480.000	0.364
32490.000	0.373
32500.000	0.384
32510.000	0.394
32520.000	0.406
32530.000	0.413
32540.000	0.426
32550.000	0.440
32560.000	0.442
32570.000	0.458
32580.000	0.460
32590.000	0.471
32600.000	0.480
32610.000	0.492
32620.000	0.496
32630.000	0.506
32640.000	0.514
32650.000	0.529
32660.000	0.535
32670.000	0.539
32680.000	0.541
32690.000	0.554
32700.000	0.561
32710.000	0.566
32720.000	0.570
32730.000	0.570
32740.000	0.583
32750.000	0.589
32760.000	0.598
32770.000	0.602
32780.000	0.610
32790.000	0.621
32800.000	0.614
32810.000	0.611
32820.000	0.615
32830.000	0.605
32840.000	0.585
32850.000	0.568
32860.000	0.544
32870.000	0.510
32880.000	0.484
32890.000	0.455
32900.000	0.426
32910.000	0.395
32920.000	0.365
32930.000	0.338
32940.000	0.323
32950.000	0.322
32960.000	0.314
32970.000	0.307
32980.000	0.307
32990.000	0.302
33000.000	0.297
33010.000	0.300
33020.000	0.304
33030.000	0.317
33040.000	0.323
33050.000	0.335
33060.000	0.345
33070.000	0.353
33080.000	0.360
33090.000	0.370
33100.000	0.381
33110.000	0.390
33120.000	0.400
33130.000	0.403
33140.000	0.413
33150.000	0.425
33160.000	0.432
33170.000	0.441
33180.000	0.450
33190.000	0.454
33200.000	0.467
33210.000	0.473
33220.000	0.478
33230.000	0.479
33240.000	0.486
33250.000	0.492
33260.000	0.494
33270.000	0.497
33280.000	0.503
33290.000	0.515
33300.000	0.519
33310.000	0.528
33320.000	0.534
33330.000	0.547
33340.000	0.545
33350.000	0.556
33360.000	0.564
33370.000	0.570
33380.000	0.576
33390.000	0.574
33400.000	0.578
33410.000	0.579
33420.000	0.583
33430.000	0.582
33440.000	0.580
33450.000	0.577
33460.000	0.562
33470.000	0.540
33480.000	0.520
33490.000	0.496
33500.000	0.476
33510.000	0.443
33520.000	0.406
33530.000	0.377
33540.000	0.346
33550.000	0.323
33560.000	0.313
33570.000	0.304
33580.000	0.295
33590.000	0.287
33600.000	0.288
33610.000	0.284
33620.000	0.290
33630.000	0.293
33640.000	0.306
33650.000	0.315
33660.000	0.328
33670.000	0.340
33680.000	0.346
33690.000	0.354
33700.000	0.363
33710.000	0.367
33720.000	0.370
33730.000	0.376
33740.000	0.383
33750.000	0.392
33760.000	0.401
33770.000	0.403
33780.000	0.405
33790.000	0.414
33800.000	0.422
33810.000	0.429
33820.000	0.437
33830.000	0.439
33840.000	0.443
33850.000	0.449
33860.000	0.454
33870.000	0.461
33880.000	0.465
33890.000	0.471
33900.000	0.478
33910.000	0.481
33920.000	0.482
33930.000	0.494
33940.000	0.503
33950.000	0.509
33960.000	0.510
33970.000	0.516
33980.000	0.515
33990.000	0.519
34000.000	0.523
34010.000	0.525
34020.000	0.524
34030.000	0.530
34040.000	0.526
34050.000	0.526
34060.000	0.522
34070.000	0.514
34080.000	0.503
34090.000	0.496
34100.000	0.475
34110.000	0.449
34120.000	0.432
34130.000	0.399
34140.000	0.369
34150.000	0.342
34160.000	0.318
34170.000	0.299
34180.000	0.280
34190.000	0.271
34200.000	0.269
34210.000	0.270
34220.000	0.278
34230.000	0.281
34240.000	0.282
34250.000	0.287
34260.000	0.295
34270.000	0.301
34280.000	0.308
34290.000	0.318
34300.000	0.321
34310.000	0.328
34320.000	0.334
34330.000	0.342
34340.000	0.342
34350.000	0.344
34360.000	0.354
34370.000	0.361
34380.000	0.360
34390.000	0.366
34400.000	0.372
34410.000	0.375
34420.000	0.383
34430.000	0.386
34440.000	0.389
34450.000	0.393
34460.000	0.395
34470.000	0.404
34480.000	0.409
34490.000	0.412
34500.000	0.419
34510.000	0.425
34520.000	0.427
34530.000	0.432
34540.000	0.430
34550.000	0.432
34560.000	0.432
34570.000	0.434
34580.000	0.441
34590.000	0.438
34600.000	0.441
34610.000	0.441
34620.000	0.449
34630.000	0.450
34640.000	0.456
34650.000	0.454
34660.000	0.456
34670.000	0.453
34680.000	0.451
34690.000	0.443
34700.000	0.431
34710.000	0.418
34720.000	0.397
34730.000	0.379
34740.000	0.366
34750.000	0.349
34760.000	0.325
34770.000	0.303
34780.000	0.279
34790.000	0.262
34800.000	0.250
34810.000	0.243
34820.000	0.244
34830.000	0.245
34840.000	0.243
34850.000	0.245
34860.000	0.251
34870.000	0.259
34880.000	0.265
34890.000	0.269
34900.000	0.276
34910.000	0.277
34920.000	0.283
34930.000	0.290
34940.000	0.292
34950.000	0.296
34960.000	0.296
34970.000	0.305
34980.000	0.307
34990.000	0.310
35000.000	0.312
35010.000	0.317
35020.000	0.322
35030.000	0.327
35040.000	0.324
35050.000	0.332
35060.000	0.335
35070.000	0.337
35080.000	0.331
35090.000	0.338
35100.000	0.345
35110.000	0.346
35120.000	0.346
35130.000	0.350
35140.000	0.349
35150.000	0.351
35160.000	0.346
35170.000	0.349
35180.000	0.352
35190.000	0.357
35200.000	0.360
35210.000	0.363
35220.000	0.365
35230.000	0.370
35240.000	0.369
35250.000	0.369
35260.000	0.367
35270.000	0.366
35280.000	0.367
35290.000	0.362
35300.000	0.356
35310.000	0.352
35320.000	0.342
35330.000	0.326
35340.000	0.314
35350.000	0.296
35360.000	0.288
35370.000	0.274
35380.000	0.261
35390.000	0.244
35400.000	0.228
35410.000	0.216
35420.000	0.214
35430.000	0.209
35440.000	0.205
35450.000	0.208
35460.000	0.214
35470.000	0.216
35480.000	0.216
35490.000	0.220
35500.000	0.222
35510.000	0.225
35520.000	0.230
35530.000	0.233
35540.000	0.231
35550.000	0.234
35560.000	0.243
35570.000	0.246
35580.000	0.246
35590.000	0.254
35600.000	0.255
35610.000	0.259
35620.000	0.260
35630.000	0.261
35640.000	0.262
35650.000	0.265
35660.000	0.265
35670.000	0.267
35680.000	0.267
35690.000	0.268
35700.000	0.268
35710.000	0.271
35720.000	0.271
35730.000	0.277
35740.000	0.278
35750.000	0.280
35760.000	0.282
35770.000	0.280
35780.000	0.277
35790.000	0.280
35800.000	0.281
35810.000	0.284
35820.000	0.287
35830.000	0.282
35840.000	0.280
35850.000	0.284
35860.000	0.284
35870.000	0.282
35880.000	0.287
35890.000	0.284
35900.000	0.281
35910.000	0.276
35920.000	0.269
35930.000	0.264
35940.000	0.254
35950.000	0.250
35960.000	0.243
35970.000	0.233
35980.000	0.221
35990.000	0.211
36000.000	0.197
36010.000	0.191
36020.000	0.177
36030.000	0.178
36040.000	0.175
36050.000	0.176
36060.000	0.177
36070.000	0.178
36080.000	0.181
36090.000	0.181
36100.000	0.184
36110.000	0.183
36120.000	0.185
36130.000	0.188
36140.000	0.188
36150.000	0.189
36160.000	0.189
36170.000	0.192
36180.000	0.195
36190.000	0.195
36200.000	0.196
36210.000	0.203
36220.000	0.202
36230.000	0.199
36240.000	0.200
36250.000	0.205
36260.000	0.207
36270.000	0.208
36280.000	0.207
36290.000	0.207
36300.000	0.212
36310.000	0.213
36320.000	0.211
36330.000	0.215
36340.000	0.214
36350.000	0.218
36360.000	0.218
36370.000	0.213
36380.000	0.218
36390.000	0.218
36400.000	0.216
36410.000	0.215
36420.000	0.217
36430.000	0.219
36440.000	0.220
36450.000	0.218
36460.000	0.217
36470.000	0.215
36480.000	0.212
36490.000	0.211
36500.000	0.205
36510.000	0.210
36520.000	0.202
36530.000	0.198
36540.000	0.196
36550.000	0.189
36560.000	0.184
36570.000	0.181
36580.000	0.174
36590.000	0.167
36600.000	0.161
36610.000	0.153
36620.000	0.148
36630.000	0.140
36640.000	0.142
36650.000	0.142
36660.000	0.142
36670.000	0.142
36680.000	0.139
36690.000	0.143
36700.000	0.146
36710.000	0.144
36720.000	0.142
36730.000	0.143
36740.000	0.147
36750.000	0.152
36760.000	0.149
36770.000	0.150
36780.000	0.149
36790.000	0.151
36800.000	0.153
36810.000	0.156
36820.000	0.154
36830.000	0.154
36840.000	0.157
36850.000	0.158
36860.000	0.159
36870.000	0.157
36880.000	0.158
36890.000	0.160
36900.000	0.162
36910.000	0.159
36920.000	0.163
36930.000	0.160
36940.000	0.165
36950.000	0.159
36960.000	0.160
36970.000	0.163
36980.000	0.162
36990.000	0.161
37000.000	0.159
37010.000	0.162
37020.000	0.162
37030.000	0.162
37040.000	0.163
37050.000	0.164
37060.000	0.161
37070.000	0.163
37080.000	0.158
37090.000	0.159
37100.000	0.158
37110.000	0.156
37120.000	0.154
37130.000	0.151
37140.000	0.146
37150.000	0.143
37160.000	0.142
37170.000	0.137
37180.000	0.134
37190.000	0.129
37200.000	0.127
37210.000	0.124
37220.000	0.121
37230.000	0.116
37240.000	0.112
37250.000	0.111
37260.000	0.111
37270.000	0.110
37280.000	0.110
37290.000	0.112
37300.000	0.113
37310.000	0.112
37320.000	0.111
37330.000	0.111
37340.000	0.115
37350.000	0.114
37360.000	0.114
37370.000	0.117
37380.000	0.115
37390.000	0.117
37400.000	0.117
37410.000	0.118
37420.000	0.120
37430.000	0.120
37440.000	0.122
37450.000	0.119
37460.000	0.122
37470.000	0.121
37480.000	0.118
37490.000	0.119
37500.000	0.120
37510.000	0.121
37520.000	0.121
37530.000	0.122
37540.000	0.120
37550.000	0.120
37560.000	0.123
37570.000	0.122
37580.000	0.124
37590.000	0.120
37600.000	0.123
37610.000	0.124
37620.000	0.120
37630.000	0.120
37640.000	0.120
37650.000	0.119
37660.000	0.118
37670.000	0.116
37680.000	0.116
37690.000	0.114
37700.000	0.116
37710.000	0.115
37720.000	0.110
37730.000	0.108
37740.000	0.106
37750.000	0.104
37760.000	0.101
37770.000	0.102
37780.000	0.102
37790.000	0.102
37800.000	0.098
37810.000	0.095
37820.000	0.092
37830.000	0.091
37840.000	0.089
37850.000	0.090
37860.000	0.090
37870.000	0.086
37880.000	0.089
37890.000	0.087
37900.000	0.089
37910.000	0.089
37920.000	0.088
37930.000	0.090
37940.000	0.089
37950.000	0.087
37960.000	0.089
37970.000	0.091
37980.000	0.092
37990.000	0.092
38000.000	0.090
38010.000	0.090
38020.000	0.090
38030.000	0.090
38040.000	0.090
38050.000	0.088
38060.000	0.093
38070.000	0.093
38080.000	0.094
38090.000	0.091
38100.000	0.091
38110.000	0.089
38120.000	0.090
38130.000	0.091
38140.000	0.094
38150.000	0.093
38160.000	0.091
38170.000	0.090
38180.000	0.089
38190.000	0.090
38200.000	0.090
38210.000	0.090
38220.000	0.088
38230.000	0.089
38240.000	0.090
38250.000	0.089
38260.000	0.090
38270.000	0.089
38280.000	0.085
38290.000	0.086
38300.000	0.087
38310.000	0.086
38320.000	0.085
38330.000	0.083
38340.000	0.081
38350.000	0.079
38360.000	0.079
38370.000	0.078
38380.000	0.077
38390.000	0.074
38400.000	0.073
38410.000	0.073
38420.000	0.072
38430.000	0.070
38440.000	0.067
38450.000	0.068
38460.000	0.069
38470.000	0.069
38480.000	0.067
38490.000	0.070
38500.000	0.067
38510.000	0.068
38520.000	0.068
38530.000	0.068
38540.000	0.067
38550.000	0.070
38560.000	0.070
38570.000	0.069
38580.000	0.069
38590.000	0.070
38600.000	0.070
38610.000	0.069
38620.000	0.070
38630.000	0.070
38640.000	0.069
38650.000	0.068
38660.000	0.070
38670.000	0.069
38680.000	0.069
38690.000	0.066
38700.000	0.067
38710.000	0.070
38720.000	0.070
38730.000	0.069
38740.000	0.068
38750.000	0.068
38760.000	0.068
38770.000	0.070
38780.000	0.067
38790.000	0.066
38800.000	0.066
38810.000	0.067
38820.000	0.066
38830.000	0.065
38840.000	0.066
38850.000	0.065
38860.000	0.066
38870.000	0.066
38880.000	0.065
38890.000	0.067
38900.000	0.064
38910.000	0.066
38920.000	0.065
38930.000	0.061
38940.000	0.060
38950.000	0.061
38960.000	0.058
38970.000	0.058
38980.000	0.057
38990.000	0.056
39000.000	0.056
39010.000	0.054
39020.000	0.054
39030.000	0.054
39040.000	0.053
39050.000	0.053
39060.000	0.052
39070.000	0.052
39080.000	0.051
39090.000	0.052
39100.000	0.051
39110.000	0.049
39120.000	0.049
39130.000	0.052
39140.000	0.052
39150.000	0.053
39160.000	0.054
39170.000	0.051
39180.000	0.050
39190.000	0.052
39200.000	0.052
39210.000	0.052
39220.000	0.053
39230.000	0.050
39240.000	0.052
39250.000	0.050
39260.000	0.049
39270.000	0.051
39280.000	0.050
39290.000	0.052
39300.000	0.051
39310.000	0.050
39320.000	0.050
39330.000	0.051
39340.000	0.054
39350.000	0.052
39360.000	0.054
39370.000	0.054
39380.000	0.051
39390.000	0.052
39400.000	0.051
39410.000	0.050
39420.000	0.050
39430.000	0.049
39440.000	0.049
39450.000	0.050
39460.000	0.050
39470.000	0.049
39480.000	0.048
39490.000	0.048
39500.000	0.047
39510.000	0.045
39520.000	0.045
39530.000	0.045
39540.000	0.045
39550.000	0.044
39560.000	0.044
39570.000	0.043
39580.000	0.043
39590.000	0.043
39600.000	0.043
39610.000	0.043
39620.000	0.043
39630.000	0.040
39640.000	0.040
39650.000	0.041
39660.000	0.042
39670.000	0.040
39680.000	0.039
39690.000	0.040
39700.000	0.039
39710.000	0.038
39720.000	0.040
39730.000	0.040
39740.000	0.040
39750.000	0.039
39760.000	0.040
39770.000	0.040
39780.000	0.040
39790.000	0.040
39800.000	0.038
39810.000	0.038
39820.000	0.037
39830.000	0.039
39840.000	0.037
39850.000	0.039
39860.000	0.039
39870.000	0.039
39880.000	0.040
39890.000	0.039
39900.000	0.040
39910.000	0.039
39920.000	0.039
39930.000	0.037
39940.000	0.040
39950.000	0.037
39960.000	0.037
39970.000	0.037
39980.000	0.036
39990.000	0.037
40000.000	0.038
40010.000	0.035
40020.000	0.036
40030.000	0.037
40040.000	0.037
40050.000	0.037
40060.000	0.035
40070.000	0.036
40080.000	0.036
40090.000	0.035
40100.000	0.035
40110.000	0.034
40120.000	0.033
40130.000	0.032
40140.000	0.031
40150.000	0.033
40160.000	0.032
40170.000	0.031
40180.000	0.031
40190.000	0.032
40200.000	0.033
40210.000	0.034
40220.000	0.033
40230.000	0.033
40240.000	0.032
40250.000	0.030
40260.000	0.029
40270.000	0.029
40280.000	0.030
40290.000	0.030
40300.000	0.029
40310.000	0.030
40320.000	0.030
40330.000	0.030
40340.000	0.032
40350.000	0.031
40360.000	0.030
40370.000	0.030
40380.000	0.030
40390.000	0.029
40400.000	0.029
40410.000	0.029
40420.000	0.029
40430.000	0.028
40440.000	0.028
40450.000	0.027
40460.000	0.028
40470.000	0.029
40480.000	0.029
40490.000	0.029
40500.000	0.029
40510.000	0.029
40520.000	0.029
40530.000	0.029
40540.000	0.027
40550.000	0.028
40560.000	0.027
40570.000	0.028
40580.000	0.027
40590.000	0.029
40600.000	0.029
40610.000	0.029
40620.000	0.028
40630.000	0.028
40640.000	0.027
40650.000	0.028
40660.000	0.026
40670.000	0.025
40680.000	0.026
40690.000	0.026
40700.000	0.025
40710.000	0.024
40720.000	0.026
40730.000	0.025
40740.000	0.024
40750.000	0.024
40760.000	0.023
40770.000	0.024
40780.000	0.025
40790.000	0.025
40800.000	0.023
40810.000	0.024
40820.000	0.025
40830.000	0.024
40840.000	0.025
40850.000	0.024
40860.000	0.023
40870.000	0.023
40880.000	0.022
40890.000	0.023
40900.000	0.022
40910.000	0.022
40920.000	0.022
40930.000	0.022
40940.000	0.023
40950.000	0.022
40960.000	0.022
40970.000	0.022
40980.000	0.023
40990.000	0.023
41000.000	0.023
41010.000	0.021
41020.000	0.022
41030.000	0.019
41040.000	0.021
41050.000	0.021
41060.000	0.021
41070.000	0.022
41080.000	0.022
41090.000	0.021
41100.000	0.021
41110.000	0.020
41120.000	0.022
41130.000	0.022
41140.000	0.022
41150.000	0.022
41160.000	0.021
41170.000	0.021
41180.000	0.020
41190.000	0.020
41200.000	0.020
41210.000	0.021
41220.000	0.021
41230.000	0.021
41240.000	0.019
41250.000	0.020
41260.000	0.020
41270.000	0.020
41280.000	0.019
41290.000	0.020
41300.000	0.018
41310.000	0.018
41320.000	0.017
41330.000	0.018
41340.000	0.018
41350.000	0.017
41360.000	0.018
41370.000	0.019
41380.000	0.018
41390.000	0.017
41400.000	0.017
41410.000	0.017
41420.000	0.017
41430.000	0.017
41440.000	0.017
41450.000	0.017
41460.000	0.017
41470.000	0.017
41480.000	0.016
41490.000	0.017
41500.000	0.017
41510.000	0.018
41520.000	0.019
41530.000	0.016
41540.000	0.016
41550.000	0.018
41560.000	0.017
41570.000	0.015
41580.000	0.015
41590.000	0.015
41600.000	0.016
41610.000	0.017
41620.000	0.017
41630.000	0.018
41640.000	0.017
41650.000	0.017
41660.000	0.016
41670.000	0.016
41680.000	0.017
41690.000	0.015
41700.000	0.015
41710.000	0.015
41720.000	0.016
41730.000	0.016
41740.000	0.015
41750.000	0.016
41760.000	0.014
41770.000	0.015
41780.000	0.015
41790.000	0.015
41800.000	0.014
41810.000	0.016
41820.000	0.016
41830.000	0.016
41840.000	0.014
41850.000	0.014
41860.000	0.014
41870.000	0.014
41880.000	0.015
41890.000	0.014
41900.000	0.015
41910.000	0.015
41920.000	0.015
41930.000	0.015
41940.000	0.013
41950.000	0.013
41960.000	0.012
41970.000	0.013
41980.000	0.013
41990.000	0.014
42000.000	0.012
42010.000	0.012
42020.000	0.013
42030.000	0.013
42040.000	0.012
42050.000	0.012
42060.000	0.012
42070.000	0.012
42080.000	0.012
42090.000	0.013
42100.000	0.012
42110.000	0.013
42120.000	0.012
42130.000	0.012
42140.000	0.013
42150.000	0.012
42160.000	0.012
42170.000	0.012
42180.000	0.012
42190.000	0.012
42200.000	0.012
42210.000	0.012
42220.000	0.012
42230.000	0.012
42240.000	0.012
42250.000	0.012
42260.000	0.012
42270.000	0.012
42280.000	0.011
42290.000	0.012
42300.000	0.011
42310.000	0.011
42320.000	0.011
42330.000	0.011
42340.000	0.010
42350.000	0.009
42360.000	0.009
42370.000	0.010
42380.000	0.011
42390.000	0.010
42400.000	0.011
42410.000	0.010
42420.000	0.011
42430.000	0.010
42440.000	0.012
42450.000	0.010
42460.000	0.011
42470.000	0.010
42480.000	0.012
42490.000	0.010
42500.000	0.010
42510.000	0.010
42520.000	0.009
42530.000	0.008
42540.000	0.008
42550.000	0.008
42560.000	0.010
42570.000	0.010
42580.000	0.009
42590.000	0.009
42600.000	0.008
42610.000	0.008
42620.000	0.008
42630.000	0.008
42640.000	0.010
42650.000	0.009
42660.000	0.009
42670.000	0.009
42680.000	0.009
42690.000	0.009
42700.000	0.008
42710.000	0.009
42720.000	0.009
42730.000	0.009
42740.000	0.009
42750.000	0.008
42760.000	0.007
42770.000	0.008
42780.000	0.008
42790.000	0.008
42800.000	0.009
42810.000	0.008
42820.000	0.008
42830.000	0.009
42840.000	0.008
42850.000	0.008
42860.000	0.008
42870.000	0.008
42880.000	0.008
42890.000	0.008
42900.000	0.008
42910.000	0.007
42920.000	0.008
42930.000	0.008
42940.000	0.007
42950.000	0.008
42960.000	0.008
42970.000	0.008
42980.000	0.007
42990.000	0.007
43000.000	0.007
43010.000	0.007
43020.000	0.007
43030.000	0.008
43040.000	0.008
43050.000	0.007
43060.000	0.007
43070.000	0.007
43080.000	0.007
43090.000	0.007
43100.000	0.007
43110.000	0.007
43120.000	0.007
43130.000	0.007
43140.000	0.007
43150.000	0.007
43160.000	0.007
43170.000	0.007
43180.000	0.007
43190.000	0.007
43200.000	0.007
43210.000	0.007
43220.000	0.007
43230.000	0.007
43240.000	0.007
43250.000	0.007
43260.000	0.007
43270.000	0.007
43280.000	0.007
43290.000	0.007
43300.000	0.007
43310.000	0.007
43320.000	0.007
43330.000	0.007
43340.000	0.007
43350.000	0.006
43360.000	0.007
43370.000	0.007
43380.000	0.007
43390.000	0.007
43400.000	0.006
43410.000	0.007
43420.000	0.006
43430.000	0.007
43440.000	0.007
43450.000	0.007
43460.000	0.007
43470.000	0.007
43480.000	0.007
43490.000	0.006
43500.000	0.006
43510.000	0.006
43520.000	0.006
43530.000	0.006
43540.000	0.007
43550.000	0.007
43560.000	0.007
43570.000	0.007
43580.000	0.006
43590.000	0.007
43600.000	0.007
43610.000	0.006
43620.000	0.006
43630.000	0.007
43640.000	0.006
43650.000	0.006
43660.000	0.005
43670.000	0.004
43680.000	0.005
43690.000	0.005
43700.000	0.007
43710.000	0.006
43720.000	0.006
43730.000	0.005
43740.000	0.006
43750.000	0.007
43760.000	0.007
43770.000	0.007
43780.000	0.005
43790.000	0.005
43800.000	0.005
43810.000	0.005
43820.000	0.005
43830.000	0.006
43840.000	0.006
43850.000	0.005
43860.000	0.006
43870.000	0.006
43880.000	0.004
43890.000	0.005
43900.000	0.006
43910.000	0.007
43920.000	0.006
43930.000	0.006
43940.000	0.006
43950.000	0.005
43960.000	0.005
43970.000	0.006
43980.000	0.005
43990.000	0.006
44000.000	0.005
44010.000	0.005
44020.000	0.005
44030.000	0.005
44040.000	0.005
44050.000	0.005
44060.000	0.004
44070.000	0.004
44080.000	0.005
44090.000	0.005
44100.000	0.004
44110.000	0.005
44120.000	0.004
44130.000	0.004
44140.000	0.005
44150.000	0.004
44160.000	0.005
44170.000	0.005
44180.000	0.004
44190.000	0.005
44200.000	0.005
44210.000	0.004
44220.000	0.004
44230.000	0.005
44240.000	0.005
44250.000	0.005
44260.000	0.005
44270.000	0.005
44280.000	0.004
44290.000	0.004
44300.000	0.005
44310.000	0.005
44320.000	0.005
44330.000	0.004
44340.000	0.005
44350.000	0.004
44360.000	0.005
44370.000	0.004
44380.000	0.004
44390.000	0.004
44400.000	0.004
44410.000	0.004
44420.000	0.005
44430.000	0.004
44440.000	0.004
44450.000	0.004
44460.000	0.004
44470.000	0.004
44480.000	0.004
44490.000	0.005
44500.000	0.004
44510.000	0.004
44520.000	0.004
44530.000	0.004
44540.000	0.004
44550.000	0.004
44560.000	0.004
44570.000	0.003
44580.000	0.004
44590.000	0.004
44600.000	0.004
44610.000	0.004
44620.000	0.004
44630.000	0.003
44640.000	0.003
44650.000	0.003
44660.000	0.003
44670.000	0.004
44680.000	0.004
44690.000	0.003
44700.000	0.003
44710.000	0.004
44720.000	0.004
44730.000	0.003
44740.000	0.003
44750.000	0.003
44760.000	0.003
44770.000	0.004
44780.000	0.004
44790.000	0.004
44800.000	0.004
44810.000	0.003
44820.000	0.003
44830.000	0.003
44840.000	0.003
44850.000	0.003
44860.000	0.003
44870.000	0.003
44880.000	0.003
44890.000	0.004
44900.000	0.003
44910.000	0.003
44920.000	0.003
44930.000	0.004
44940.000	0.004
44950.000	0.003
44960.000	0.003
44970.000	0.003
44980.000	0.002
44990.000	0.003
45000.000	0.002
45010.000	0.002
45020.000	0.003
45030.000	0.003
45040.000	0.002
45050.000	0.003
45060.000	0.003
45070.000	0.003
45080.000	0.003
45090.000	0.003
45100.000	0.003
45110.000	0.002
45120.000	0.003
45130.000	0.002
45140.000	0.003
45150.000	0.003
45160.000	0.003
45170.000	0.003
45180.000	0.003
45190.000	0.002
45200.000	0.003
45210.000	0.002
45220.000	0.002
45230.000	0.002
45240.000	0.002
45250.000	0.002
45260.000	0.003
45270.000	0.002
45280.000	0.002
45290.000	0.002
45300.000	0.002
45310.000	0.002
45320.000	0.003
45330.000	0.003
45340.000	0.002
45350.000	0.002
45360.000	0.002
45370.000	0.002
45380.000	0.002
45390.000	0.003
45400.000	0.003
45410.000	0.003
45420.000	0.002
45430.000	0.002
45440.000	0.003
45450.000	0.002
45460.000	0.002
45470.000	0.003
45480.000	0.003
45490.000	0.002
45500.000	0.002
45510.000	0.002
45520.000	0.002
45530.000	0.002
45540.000	0.003
45550.000	0.002
45560.000	0.002
45570.000	0.002
45580.000	0.002
45590.000	0.002
45600.000	0.002
45610.000	0.002
45620.000	0.002
45630.000	0.002
45640.000	0.003
45650.000	0.002
45660.000	0.002
45670.000	0.002
45680.000	0.002
45690.000	0.002
45700.000	0.002
45710.000	0.002
45720.000	0.002
45730.000	0.002
45740.000	0.002
45750.000	0.002
45760.000	0.002
45770.000	0.002
45780.000	0.001
45790.000	0.002
45800.000	0.003
45810.000	0.002
45820.000	0.002
45830.000	0.001
45840.000	0.001
45850.000	0.001
45860.000	0.002
45870.000	0.002
45880.000	0.002
45890.000	0.002
45900.000	0.002
45910.000	0.002
45920.000	0.002
45930.000	0.002
45940.000	0.002
45950.000	0.002
45960.000	0.001
45970.000	0.002
45980.000	0.001
45990.000	0.002
46000.000	0.003
46010.000	0.002
46020.000	0.002
46030.000	0.002
46040.000	0.002
46050.000	0.002
46060.000	0.002
46070.000	0.002
46080.000	0.002
46090.000	0.002
46100.000	0.001
46110.000	0.001
46120.000	0.001
46130.000	0.001
46140.000	0.002
46150.000	0.001
46160.000	0.002
46170.000	0.002
46180.000	0.002
46190.000	0.001
46200.000	0.001
46210.000	0.001
46220.000	0.001
46230.000	0.001
46240.000	0.001
46250.000	0.002
46260.000	0.002
46270.000	0.001
46280.000	0.001
46290.000	0.002
46300.000	0.001
46310.000	0.002
46320.000	0.002
46330.000	0.002
46340.000	0.002
46350.000	0.002
46360.000	0.001
46370.000	0.002
46380.000	0.002
46390.000	0.001
46400.000	0.001
46410.000	0.001
46420.000	0.002
46430.000	0.001
46440.000	0.002
46450.000	0.001
46460.000	0.001
46470.000	0.001
46480.000	0.002
46490.000	0.001
46500.000	0.002
46510.000	0.001
46520.000	0.001
46530.000	0.001
46540.000	0.001
46550.000	0.001
46560.000	0.002
46570.000	0.001
46580.000	0.001
46590.000	0.002
46600.000	0.002
46610.000	0.001
46620.000	0.001
46630.000	0.001
46640.000	0.001
46650.000	0.001
46660.000	0.001
46670.000	0.002
46680.000	0.001
46690.000	0.002
46700.000	0.001
46710.000	0.001
46720.000	0.001
46730.000	0.001
46740.000	0.002
46750.000	0.001
46760.000	0.001
46770.000	0.001
46780.000	0.001
46790.000	0.001
46800.000	0.001
46810.000	0.001
46820.000	0.001
46830.000	0.000
46840.000	0.001
46850.000	0.001
46860.000	0.001
46870.000	0.001
46880.000	0.001
46890.000	0.000
46900.000	0.000
46910.000	0.001
46920.000	0.001
46930.000	0.001
46940.000	0.001
46950.000	0.001
46960.000	0.001
46970.000	0.002
46980.000	0.002
46990.000	0.001
47000.000	0.001
47010.000	0.001
47020.000	0.001
47030.000	0.002
47040.000	0.001
47050.000	0.000
47060.000	0.000
47070.000	0.001
47080.000	0.001
47090.000	0.000
47100.000	0.000
47110.000	0.000
47120.000	0.001
47130.000	0.001
47140.000	0.001
47150.000	0.000
47160.000	0.000
47170.000	0.001
47180.000	0.001
47190.000	0.001
47200.000	0.000
47210.000	0.000
47220.000	-0.000
47230.000	0.000
47240.000	0.000
47250.000	0.000
47260.000	0.001
47270.000	0.001
47280.000	0.001
47290.000	0.000
47300.000	0.001
47310.000	0.001
47320.000	0.002
47330.000	0.001
47340.000	0.000
47350.000	0.001
47360.000	0.001
47370.000	0.000
47380.000	0.001
47390.000	0.001
47400.000	0.000
47410.000	0.001
47420.000	-0.000
47430.000	0.001
47440.000	0.001
47450.000	0.001
47460.000	0.001
47470.000	0.000
47480.000	0.001
47490.000	0.000
47500.000	0.001
47510.000	0.001
47520.000	0.001
47530.000	0.001
47540.000	0.000
47550.000	0.001
47560.000	0.001
47570.000	0.001
47580.000	0.001
47590.000	0.000
47600.000	0.001
47610.000	0.001
47620.000	0.000
47630.000	0.001
47640.000	0.001
47650.000	0.000
47660.000	0.001
47670.000	0.001
47680.000	0.001
47690.000	0.001
47700.000	0.001
47710.000	0.000
47720.000	0.001
47730.000	0.001
47740.000	0.001
47750.000	0.001
47760.000	0.000
47770.000	0.001
47780.000	0.001
47790.000	0.000
47800.000	0.000
47810.000	0.000
47820.000	0.001
47830.000	0.000
47840.000	0.001
47850.000	0.000
47860.000	0.001
47870.000	0.000
47880.000	0.001
47890.000	0.001
47900.000	0.001
47910.000	0.000
47920.000	0.001
47930.000	0.000
47940.000	0.000
47950.000	0.000
47960.000	0.000
47970.000	0.001
47980.000	0.001
47990.000	0.000
48000.000	0.001
48010.000	0.001
48020.000	0.000
48030.000	0.000
48040.000	-0.000
48050.000	0.000
48060.000	0.001
48070.000	0.001
48080.000	0.000
48090.000	0.000
48100.000	0.001
48110.000	0.001
48120.000	0.001
48130.000	0.000
48140.000	0.000
48150.000	0.000
48160.000	0.000
48170.000	-0.000
48180.000	0.000
48190.000	0.000
48200.000	0.001
48210.000	0.000
48220.000	0.001
48230.000	0.001
48240.000	0.001
48250.000	0.001
48260.000	0.000
48270.000	0.000
48280.000	0.000
48290.000	0.001
48300.000	0.000
48310.000	0.001
48320.000	0.001
48330.000	0.000
48340.000	0.001
48350.000	0.001
48360.000	0.001
48370.000	0.001
48380.000	-0.000
48390.000	0.000
48400.000	0.000
48410.000	0.000
48420.000	0.000
48430.000	0.001
48440.000	0.001
48450.000	0.001
48460.000	0.001
48470.000	0.000
48480.000	0.001
48481.000	0.000
