10.000	0.051
20.000	0.050
30.000	0.049
40.000	0.051
50.000	0.051
60.000	0.052
70.000	0.052
80.000	0.053
90.000	0.052
100.000	0.054
110.000	0.053
120.000	0.054
130.000	0.055
140.000	0.055
150.000	0.054
160.000	0.055
170.000	0.053
180.000	0.054
190.000	0.055
200.000	0.054
210.000	0.056
220.000	0.055
230.000	0.055
240.000	0.054
250.000	0.054
260.000	0.054
270.000	0.055
280.000	0.056
290.000	0.055
300.000	0.056
310.000	0.055
320.000	0.056
330.000	0.056
340.000	0.057
350.000	0.056
360.000	0.057
370.000	0.057
380.000	0.056
390.000	0.056
400.000	0.055
410.000	0.056
420.000	0.057
430.000	0.055
440.000	0.058
450.000	0.056
460.000	0.055
470.000	0.055
480.000	0.056
490.000	0.057
500.000	0.058
510.000	0.058
520.000	0.058
530.000	0.058
540.000	0.060
550.000	0.058
560.000	0.057
570.000	0.058
580.000	0.061
590.000	0.060
600.000	0.060
610.000	0.057
620.000	0.060
630.000	0.061
640.000	0.058
650.000	0.059
660.000	0.061
670.000	0.060
680.000	0.061
690.000	0.062
700.000	0.061
710.000	0.059
720.000	0.060
730.000	0.059
740.000	0.059
750.000	0.058
760.000	0.058
770.000	0.061
780.000	0.061
790.000	0.061
800.000	0.061
810.000	0.060
820.000	0.058
830.000	0.061
840.000	0.061
850.000	0.061
860.000	0.060
870.000	0.059
880.000	0.060
890.000	0.060
900.000	0.061
910.000	0.062
920.000	0.064
930.000	0.061
940.000	0.062
950.000	0.060
960.000	0.062
970.000	0.062
980.000	0.062
990.000	0.063
1000.000	0.062
1010.000	0.062
1020.000	0.064
1030.000	0.065
1040.000	0.063
1050.000	0.064
1060.000	0.063
1070.000	0.065
1080.000	0.062
1090.000	0.064
1100.000	0.063
1110.000	0.061
1120.000	0.062
1130.000	0.062
1140.000	0.062
1150.000	0.064
1160.000	0.065
1170.000	0.066
1180.000	0.066
1190.000	0.065
1200.000	0.067
1210.000	0.063
1220.000	0.064
1230.000	0.063
1240.000	0.064
1250.000	0.062
1260.000	0.062
1270.000	0.064
1280.000	0.064
1290.000	0.063
1300.000	0.064
1310.000	0.062
1320.000	0.065
1330.000	0.064
1340.000	0.063
1350.000	0.064
1360.000	0.065
1370.000	0.066
1380.000	0.064
1390.000	0.065
1400.000	0.063
1410.000	0.062
1420.000	0.064
1430.000	0.065
1440.000	0.066
1450.000	0.066
1460.000	0.067
1470.000	0.066
1480.000	0.067
1490.000	0.067
1500.000	0.067
1510.000	0.068
1520.000	0.066
1530.000	0.063
1540.000	0.064
1550.000	0.067
1560.000	0.066
1570.000	0.065
1580.000	0.067
1590.000	0.068
1600.000	0.066
1610.000	0.066
1620.000	0.069
1630.000	0.067
1640.000	0.069
1650.000	0.068
1660.000	0.068
1670.000	0.067
1680.000	0.066
1690.000	0.066
1700.000	0.064
1710.000	0.066
1720.000	0.066
1730.000	0.067
1740.000	0.067
1750.000	0.067
1760.000	0.066
1770.000	0.068
1780.000	0.066
1790.000	0.069
1800.000	0.070
1810.000	0.066
1820.000	0.065
1830.000	0.067
1840.000	0.070
1850.000	0.069
1860.000	0.071
1870.000	0.071
1880.000	0.071
1890.000	0.067
1900.000	0.069
1910.000	0.069
1920.000	0.070
1930.000	0.068
1940.000	0.067
1950.000	0.068
1960.000	0.067
1970.000	0.070
1980.000	0.069
1990.000	0.070
2000.000	0.070
2010.000	0.071
2020.000	0.069
2030.000	0.069
2040.000	0.070
2050.000	0.071
2060.000	0.071
2070.000	0.069
2080.000	0.069
2090.000	0.069
2100.000	0.069
2110.000	0.071
2120.000	0.071
2130.000	0.068
2140.000	0.066
2150.000	0.069
2160.000	0.071
2170.000	0.071
2180.000	0.069
2190.000	0.071
2200.000	0.069
2210.000	0.070
2220.000	0.070
2230.000	0.071
2240.000	0.070
2250.000	0.071
2260.000	0.072
2270.000	0.072
2280.000	0.070
2290.000	0.072
2300.000	0.072
2310.000	0.072
2320.000	0.069
2330.000	0.069
2340.000	0.070
2350.000	0.071
2360.000	0.071
2370.000	0.071
2380.000	0.072
2390.000	0.072
2400.000	0.072
2410.000	0.072
2420.000	0.071
2430.000	0.072
2440.000	0.072
2450.000	0.073
2460.000	0.074
2470.000	0.074
2480.000	0.074
2490.000	0.072
2500.000	0.072
2510.000	0.071
2520.000	0.073
2530.000	0.073
2540.000	0.075
2550.000	0.073
2560.000	0.073
2570.000	0.073
2580.000	0.073
2590.000	0.075
2600.000	0.075
2610.000	0.075
2620.000	0.075
2630.000	0.075
2640.000	0.076
2650.000	0.077
2660.000	0.076
2670.000	0.078
2680.000	0.077
2690.000	0.074
2700.000	0.074
2710.000	0.074
2720.000	0.075
2730.000	0.074
2740.000	0.074
2750.000	0.076
2760.000	0.076
2770.000	0.075
2780.000	0.073
2790.000	0.075
2800.000	0.075
2810.000	0.075
2820.000	0.077
2830.000	0.076
2840.000	0.074
2850.000	0.074
2860.000	0.074
2870.000	0.076
2880.000	0.074
2890.000	0.073
2900.000	0.076
2910.000	0.076
2920.000	0.077
2930.000	0.077
2940.000	0.076
2950.000	0.077
2960.000	0.076
2970.000	0.076
2980.000	0.077
2990.000	0.078
3000.000	0.077
3010.000	0.076
3020.000	0.078
3030.000	0.078
3040.000	0.077
3050.000	0.077
3060.000	0.076
3070.000	0.077
3080.000	0.077
3090.000	0.078
3100.000	0.078
3110.000	0.074
3120.000	0.075
3130.000	0.074
3140.000	0.077
3150.000	0.078
3160.000	0.079
3170.000	0.080
3180.000	0.078
3190.000	0.077
3200.000	0.076
3210.000	0.079
3220.000	0.078
3230.000	0.077
3240.000	0.077
3250.000	0.077
3260.000	0.079
3270.000	0.077
3280.000	0.076
3290.000	0.076
3300.000	0.077
3310.000	0.080
3320.000	0.079
3330.000	0.079
3340.000	0.080
3350.000	0.079
3360.000	0.078
3370.000	0.079
3380.000	0.078
3390.000	0.078
3400.000	0.079
3410.000	0.077
3420.000	0.077
3430.000	0.079
3440.000	0.080
3450.000	0.082
3460.000	0.081
3470.000	0.080
3480.000	0.081
3490.000	0.081
3500.000	0.082
3510.000	0.082
3520.000	0.078
3530.000	0.081
3540.000	0.080
3550.000	0.080
3560.000	0.081
3570.000	0.080
3580.000	0.080
3590.000	0.081
3600.000	0.081
3610.000	0.078
3620.000	0.080
3630.000	0.080
3640.000	0.081
3650.000	0.082
3660.000	0.079
3670.000	0.081
3680.000	0.080
3690.000	0.081
3700.000	0.082
3710.000	0.082
3720.000	0.080
3730.000	0.081
3740.000	0.083
3750.000	0.083
3760.000	0.079
3770.000	0.081
3780.000	0.083
3790.000	0.083
3800.000	0.083
3810.000	0.081
3820.000	0.081
3830.000	0.083
3840.000	0.082
3850.000	0.082
3860.000	0.084
3870.000	0.083
3880.000	0.082
3890.000	0.083
3900.000	0.081
3910.000	0.083
3920.000	0.085
3930.000	0.083
3940.000	0.082
3950.000	0.082
3960.000	0.083
3970.000	0.084
3980.000	0.082
3990.000	0.083
4000.000	0.084
4010.000	0.085
4020.000	0.086
4030.000	0.083
4040.000	0.084
4050.000	0.082
4060.000	0.083
4070.000	0.082
4080.000	0.080
4090.000	0.082
4100.000	0.081
4110.000	0.081
4120.000	0.083
4130.000	0.085
4140.000	0.082
4150.000	0.082
4160.000	0.084
4170.000	0.086
4180.000	0.087
4190.000	0.087
4200.000	0.085
4210.000	0.087
4220.000	0.084
4230.000	0.085
4240.000	0.086
4250.000	0.085
4260.000	0.083
4270.000	0.086
4280.000	0.085
4290.000	0.084
4300.000	0.085
4310.000	0.087
4320.000	0.085
4330.000	0.087
4340.000	0.086
4350.000	0.085
4360.000	0.085
4370.000	0.084
4380.000	0.084
4390.000	0.086
4400.000	0.085
4410.000	0.086
4420.000	0.085
4430.000	0.084
4440.000	0.086
4450.000	0.087
4460.000	0.085
4470.000	0.085
4480.000	0.085
4490.000	0.085
4500.000	0.085
4510.000	0.086
4520.000	0.084
4530.000	0.087
4540.000	0.088
4550.000	0.087
4560.000	0.087
4570.000	0.088
4580.000	0.085
4590.000	0.087
4600.000	0.085
4610.000	0.086
4620.000	0.086
4630.000	0.085
4640.000	0.084
4650.000	0.085
4660.000	0.086
4670.000	0.087
4680.000	0.087
4690.000	0.087
4700.000	0.085
4710.000	0.087
4720.000	0.087
4730.000	0.087
4740.000	0.086
4750.000	0.086
4760.000	0.087
4770.000	0.087
4780.000	0.086
4790.000	0.086
4800.000	0.083
4810.000	0.087
4820.000	0.085
4830.000	0.085
4840.000	0.086
4850.000	0.089
4860.000	0.090
4870.000	0.089
4880.000	0.091
4890.000	0.090
4900.000	0.089
4910.000	0.088
4920.000	0.090
4930.000	0.090
4940.000	0.088
4950.000	0.090
4960.000	0.090
4970.000	0.091
4980.000	0.088
4990.000	0.088
5000.000	0.088
5010.000	0.088
5020.000	0.086
5030.000	0.088
5040.000	0.087
5050.000	0.089
5060.000	0.088
5070.000	0.088
5080.000	0.088
5090.000	0.090
5100.000	0.090
5110.000	0.088
5120.000	0.089
5130.000	0.089
5140.000	0.090
5150.000	0.094
5160.000	0.092
5170.000	0.089
5180.000	0.089
5190.000	0.090
5200.000	0.090
5210.000	0.088
5220.000	0.086
5230.000	0.088
5240.000	0.085
5250.000	0.086
5260.000	0.087
5270.000	0.085
5280.000	0.085
5290.000	0.084
5300.000	0.086
5310.000	0.086
5320.000	0.087
5330.000	0.088
5340.000	0.087
5350.000	0.090
5360.000	0.090
5370.000	0.089
5380.000	0.088
5390.000	0.087
5400.000	0.088
5410.000	0.090
5420.000	0.089
5430.000	0.088
5440.000	0.090
5450.000	0.090
5460.000	0.091
5470.000	0.090
5480.000	0.090
5490.000	0.094
5500.000	0.093
5510.000	0.095
5520.000	0.095
5530.000	0.093
5540.000	0.093
5550.000	0.094
5560.000	0.094
5570.000	0.092
5580.000	0.094
5590.000	0.094
5600.000	0.094
5610.000	0.094
5620.000	0.093
5630.000	0.092
5640.000	0.092
5650.000	0.093
5660.000	0.094
5670.000	0.092
5680.000	0.094
5690.000	0.097
5700.000	0.094
5710.000	0.094
5720.000	0.093
5730.000	0.091
5740.000	0.092
5750.000	0.095
5760.000	0.093
5770.000	0.094
5780.000	0.092
5790.000	0.093
5800.000	0.096
5810.000	0.096
5820.000	0.094
5830.000	0.097
5840.000	0.095
5850.000	0.093
5860.000	0.094
5870.000	0.096
5880.000	0.096
5890.000	0.095
5900.000	0.095
5910.000	0.096
5920.000	0.097
5930.000	0.095
5940.000	0.096
5950.000	0.095
5960.000	0.096
5970.000	0.095
5980.000	0.095
5990.000	0.097
6000.000	0.098
6010.000	0.099
6020.000	0.097
6030.000	0.097
6040.000	0.096
6050.000	0.094
6060.000	0.096
6070.000	0.096
6080.000	0.096
6090.000	0.098
6100.000	0.099
6110.000	0.098
6120.000	0.097
6130.000	0.096
6140.000	0.096
6150.000	0.096
6160.000	0.096
6170.000	0.098
6180.000	0.099
6190.000	0.097
6200.000	0.096
6210.000	0.096
6220.000	0.096
6230.000	0.100
6240.000	0.100
6250.000	0.100
6260.000	0.099
6270.000	0.098
6280.000	0.099
6290.000	0.100
6300.000	0.097
6310.000	0.097
6320.000	0.098
6330.000	0.098
6340.000	0.098
6350.000	0.098
6360.000	0.099
6370.000	0.100
6380.000	0.100
6390.000	0.097
6400.000	0.099
6410.000	0.097
6420.000	0.097
6430.000	0.097
6440.000	0.097
6450.000	0.099
6460.000	0.097
6470.000	0.098
6480.000	0.099
6490.000	0.097
6500.000	0.096
6510.000	0.097
6520.000	0.097
6530.000	0.098
6540.000	0.099
6550.000	0.099
6560.000	0.097
6570.000	0.099
6580.000	0.098
6590.000	0.097
6600.000	0.098
6610.000	0.098
6620.000	0.098
6630.000	0.100
6640.000	0.099
6650.000	0.101
6660.000	0.098
6670.000	0.100
6680.000	0.102
6690.000	0.104
6700.000	0.100
6710.000	0.100
6720.000	0.102
6730.000	0.102
6740.000	0.101
6750.000	0.103
6760.000	0.102
6770.000	0.100
6780.000	0.100
6790.000	0.101
6800.000	0.100
6810.000	0.099
6820.000	0.101
6830.000	0.099
6840.000	0.097
6850.000	0.098
6860.000	0.102
6870.000	0.101
6880.000	0.101
6890.000	0.097
6900.000	0.098
6910.000	0.102
6920.000	0.101
6930.000	0.100
6940.000	0.103
6950.000	0.102
6960.000	0.106
6970.000	0.104
6980.000	0.102
6990.000	0.100
7000.000	0.101
7010.000	0.099
7020.000	0.102
7030.000	0.102
7040.000	0.103
7050.000	0.101
7060.000	0.101
7070.000	0.101
7080.000	0.102
7090.000	0.103
7100.000	0.105
7110.000	0.104
7120.000	0.103
7130.000	0.105
7140.000	0.103
7150.000	0.103
7160.000	0.103
7170.000	0.103
7180.000	0.103
7190.000	0.103
7200.000	0.103
7210.000	0.105
7220.000	0.101
7230.000	0.100
7240.000	0.100
7250.000	0.103
7260.000	0.102
7270.000	0.102
7280.000	0.104
7290.000	0.104
7300.000	0.102
7310.000	0.101
7320.000	0.101
7330.000	0.103
7340.000	0.103
7350.000	0.105
7360.000	0.103
7370.000	0.106
7380.000	0.102
7390.000	0.103
7400.000	0.106
7410.000	0.104
7420.000	0.105
7430.000	0.105
7440.000	0.103
7450.000	0.105
7460.000	0.105
7470.000	0.104
7480.000	0.105
7490.000	0.104
7500.000	0.103
7510.000	0.104
7520.000	0.104
7530.000	0.103
7540.000	0.102
7550.000	0.102
7560.000	0.102
7570.000	0.101
7580.000	0.101
7590.000	0.101
7600.000	0.101
7610.000	0.100
7620.000	0.105
7630.000	0.105
7640.000	0.105
7650.000	0.103
7660.000	0.103
7670.000	0.103
7680.000	0.102
7690.000	0.104
7700.000	0.104
7710.000	0.104
7720.000	0.103
7730.000	0.103
7740.000	0.103
7750.000	0.102
7760.000	0.105
7770.000	0.107
7780.000	0.107
7790.000	0.106
7800.000	0.106
7810.000	0.105
7820.000	0.106
7830.000	0.107
7840.000	0.106
7850.000	0.105
7860.000	0.105
7870.000	0.107
7880.000	0.104
7890.000	0.104
7900.000	0.106
7910.000	0.103
7920.000	0.103
7930.000	0.105
7940.000	0.106
7950.000	0.106
7960.000	0.107
7970.000	0.107
7980.000	0.105
7990.000	0.104
8000.000	0.107
8010.000	0.108
8020.000	0.106
8030.000	0.106
8040.000	0.107
8050.000	0.104
8060.000	0.102
8070.000	0.105
8080.000	0.108
8090.000	0.105
8100.000	0.106
8110.000	0.104
8120.000	0.107
8130.000	0.109
8140.000	0.105
8150.000	0.106
8160.000	0.108
8170.000	0.108
8180.000	0.102
8190.000	0.105
8200.000	0.109
8210.000	0.107
8220.000	0.107
8230.000	0.108
8240.000	0.104
8250.000	0.102
8260.000	0.104
8270.000	0.105
8280.000	0.106
8290.000	0.106
8300.000	0.108
8310.000	0.105
8320.000	0.108
8330.000	0.108
8340.000	0.107
8350.000	0.106
8360.000	0.106
8370.000	0.105
8380.000	0.104
8390.000	0.106
8400.000	0.106
8410.000	0.105
8420.000	0.104
8430.000	0.108
8440.000	0.107
8450.000	0.104
8460.000	0.106
8470.000	0.110
8480.000	0.106
8490.000	0.104
8500.000	0.104
8510.000	0.105
8520.000	0.106
8530.000	0.107
8540.000	0.105
8550.000	0.108
8560.000	0.107
8570.000	0.109
8580.000	0.109
8590.000	0.108
8600.000	0.107
8610.000	0.108
8620.000	0.110
8630.000	0.107
8640.000	0.108
8650.000	0.107
8660.000	0.105
8670.000	0.104
8680.000	0.106
8690.000	0.105
8700.000	0.106
8710.000	0.106
8720.000	0.106
8730.000	0.105
8740.000	0.105
8750.000	0.105
8760.000	0.106
8770.000	0.105
8780.000	0.105
8790.000	0.108
8800.000	0.107
8810.000	0.108
8820.000	0.109
8830.000	0.107
8840.000	0.105
8850.000	0.107
8860.000	0.106
8870.000	0.107
8880.000	0.105
8890.000	0.108
8900.000	0.107
8910.000	0.104
8920.000	0.106
8930.000	0.106
8940.000	0.108
8950.000	0.109
8960.000	0.108
8970.000	0.108
8980.000	0.107
8990.000	0.106
9000.000	0.108
9010.000	0.107
9020.000	0.110
9030.000	0.108
9040.000	0.106
9050.000	0.108
9060.000	0.107
9070.000	0.109
9080.000	0.112
9090.000	0.112
9100.000	0.109
9110.000	0.110
9120.000	0.110
9130.000	0.109
9140.000	0.108
9150.000	0.107
9160.000	0.109
9170.000	0.109
9180.000	0.108
9190.000	0.109
9200.000	0.110
9210.000	0.110
9220.000	0.108
9230.000	0.108
9240.000	0.108
9250.000	0.110
9260.000	0.110
9270.000	0.108
9280.000	0.109
9290.000	0.109
9300.000	0.110
9310.000	0.109
9320.000	0.109
9330.000	0.110
9340.000	0.109
9350.000	0.108
9360.000	0.108
9370.000	0.108
9380.000	0.105
9390.000	0.104
9400.000	0.105
9410.000	0.107
9420.000	0.111
9430.000	0.109
9440.000	0.108
9450.000	0.109
9460.000	0.115
9470.000	0.110
9480.000	0.109
9490.000	0.109
9500.000	0.110
9510.000	0.110
9520.000	0.110
9530.000	0.111
9540.000	0.111
9550.000	0.111
9560.000	0.109
9570.000	0.111
9580.000	0.113
9590.000	0.112
9600.000	0.112
9610.000	0.110
9620.000	0.108
9630.000	0.108
9640.000	0.108
9650.000	0.106
9660.000	0.109
9670.000	0.108
9680.000	0.106
9690.000	0.105
9700.000	0.107
9710.000	0.107
9720.000	0.110
9730.000	0.112
9740.000	0.111
9750.000	0.109
9760.000	0.106
9770.000	0.107
9780.000	0.111
9790.000	0.109
9800.000	0.109
9810.000	0.109
9820.000	0.112
9830.000	0.110
9840.000	0.112
9850.000	0.109
9860.000	0.107
9870.000	0.109
9880.000	0.109
9890.000	0.111
9900.000	0.112
9910.000	0.109
9920.000	0.109
9930.000	0.109
9940.000	0.108
9950.000	0.108
9960.000	0.110
9970.000	0.110
9980.000	0.109
9990.000	0.109
10000.000	0.111
10010.000	0.110
10020.000	0.112
10030.000	0.111
10040.000	0.109
10050.000	0.112
10060.000	0.109
10070.000	0.107
10080.000	0.107
10090.000	0.108
10100.000	0.111
10110.000	0.111
10120.000	0.109
10130.000	0.109
10140.000	0.112
10150.000	0.111
10160.000	0.110
10170.000	0.111
10180.000	0.110
10190.000	0.111
10200.000	0.111
10210.000	0.109
10220.000	0.111
10230.000	0.108
10240.000	0.107
10250.000	0.110
10260.000	0.110
10270.000	0.109
10280.000	0.111
10290.000	0.112
10300.000	0.111
10310.000	0.109
10320.000	0.109
10330.000	0.112
10340.000	0.110
10350.000	0.110
10360.000	0.111
10370.000	0.111
10380.000	0.108
10390.000	0.109
10400.000	0.112
10410.000	0.110
10420.000	0.111
10430.000	0.110
10440.000	0.108
10450.000	0.110
10460.000	0.110
10470.000	0.110
10480.000	0.109
10490.000	0.109
10500.000	0.109
10510.000	0.110
10520.000	0.110
10530.000	0.108
10540.000	0.109
10550.000	0.111
10560.000	0.109
10570.000	0.109
10580.000	0.112
10590.000	0.110
10600.000	0.110
10610.000	0.106
10620.000	0.107
10630.000	0.111
10640.000	0.114
10650.000	0.114
10660.000	0.111
10670.000	0.111
10680.000	0.112
10690.000	0.111
10700.000	0.113
10710.000	0.112
10720.000	0.111
10730.000	0.111
10740.000	0.112
10750.000	0.109
10760.000	0.110
10770.000	0.112
10780.000	0.112
10790.000	0.111
10800.000	0.109
10810.000	0.109
10820.000	0.110
10830.000	0.109
10840.000	0.109
10850.000	0.109
10860.000	0.111
10870.000	0.111
10880.000	0.111
10890.000	0.111
10900.000	0.108
10910.000	0.108
10920.000	0.108
10930.000	0.108
10940.000	0.109
10950.000	0.110
10960.000	0.108
10970.000	0.109
10980.000	0.110
10990.000	0.107
11000.000	0.108
11010.000	0.112
11020.000	0.110
11030.000	0.110
11040.000	0.110
11050.000	0.111
11060.000	0.113
11070.000	0.112
11080.000	0.113
11090.000	0.109
11100.000	0.106
11110.000	0.107
11120.000	0.111
11130.000	0.110
11140.000	0.110
11150.000	0.110
11160.000	0.109
11170.000	0.110
11180.000	0.109
11190.000	0.110
11200.000	0.111
11210.000	0.109
11220.000	0.111
11230.000	0.111
11240.000	0.108
11250.000	0.110
11260.000	0.110
11270.000	0.107
11280.000	0.106
11290.000	0.109
11300.000	0.111
11310.000	0.113
11320.000	0.112
11330.000	0.109
11340.000	0.109
11350.000	0.110
11360.000	0.113
11370.000	0.112
11380.000	0.112
11390.000	0.111
11400.000	0.110
11410.000	0.108
11420.000	0.110
11430.000	0.111
11440.000	0.109
11450.000	0.109
11460.000	0.111
11470.000	0.112
11480.000	0.111
11490.000	0.112
11500.000	0.111
11510.000	0.109
11520.000	0.111
11530.000	0.110
11540.000	0.110
11550.000	0.112
11560.000	0.110
11570.000	0.112
11580.000	0.111
11590.000	0.111
11600.000	0.112
11610.000	0.110
11620.000	0.110
11630.000	0.111
11640.000	0.110
11650.000	0.111
11660.000	0.110
11670.000	0.109
11680.000	0.111
11690.000	0.110
11700.000	0.111
11710.000	0.110
11720.000	0.111
11730.000	0.110
11740.000	0.110
11750.000	0.111
11760.000	0.107
11770.000	0.110
11780.000	0.110
11790.000	0.109
11800.000	0.110
11810.000	0.109
11820.000	0.110
11830.000	0.110
11840.000	0.111
11850.000	0.112
11860.000	0.111
11870.000	0.109
11880.000	0.109
11890.000	0.111
11900.000	0.112
11910.000	0.112
11920.000	0.111
11930.000	0.113
11940.000	0.108
11950.000	0.112
11960.000	0.110
11970.000	0.110
11980.000	0.110
11990.000	0.110
12000.000	0.109
12010.000	0.107
12020.000	0.108
12030.000	0.109
12040.000	0.109
12050.000	0.109
12060.000	0.110
12070.000	0.112
12080.000	0.112
12090.000	0.113
12100.000	0.111
12110.000	0.110
12120.000	0.112
12130.000	0.111
12140.000	0.112
12150.000	0.113
12160.000	0.111
12170.000	0.111
12180.000	0.110
12190.000	0.109
12200.000	0.112
12210.000	0.109
12220.000	0.110
12230.000	0.110
12240.000	0.111
12250.000	0.109
12260.000	0.109
12270.000	0.109
12280.000	0.110
12290.000	0.109
12300.000	0.113
12310.000	0.112
12320.000	0.113
12330.000	0.113
12340.000	0.109
12350.000	0.111
12360.000	0.112
12370.000	0.109
12380.000	0.110
12390.000	0.109
12400.000	0.111
12410.000	0.113
12420.000	0.111
12430.000	0.111
12440.000	0.112
12450.000	0.112
12460.000	0.111
12470.000	0.109
12480.000	0.108
12490.000	0.109
12500.000	0.110
12510.000	0.110
12520.000	0.107
12530.000	0.110
12540.000	0.111
12550.000	0.112
12560.000	0.109
12570.000	0.110
12580.000	0.111
12590.000	0.111
12600.000	0.109
12610.000	0.110
12620.000	0.111
12630.000	0.113
12640.000	0.112
12650.000	0.112
12660.000	0.112
12670.000	0.111
12680.000	0.112
12690.000	0.111
12700.000	0.113
12710.000	0.110
12720.000	0.110
12730.000	0.110
12740.000	0.111
12750.000	0.111
12760.000	0.110
12770.000	0.108
12780.000	0.109
12790.000	0.110
12800.000	0.111
12810.000	0.111
12820.000	0.110
12830.000	0.112
12840.000	0.111
12850.000	0.111
12860.000	0.110
12870.000	0.111
12880.000	0.112
12890.000	0.112
12900.000	0.110
12910.000	0.112
12920.000	0.110
12930.000	0.110
12940.000	0.110
12950.000	0.111
12960.000	0.110
12970.000	0.111
12980.000	0.112
12990.000	0.115
13000.000	0.112
13010.000	0.113
13020.000	0.109
13030.000	0.110
13040.000	0.110
13050.000	0.111
13060.000	0.108
13070.000	0.110
13080.000	0.110
13090.000	0.112
13100.000	0.112
13110.000	0.110
13120.000	0.107
13130.000	0.107
13140.000	0.109
13150.000	0.111
13160.000	0.113
13170.000	0.109
13180.000	0.109
13190.000	0.112
13200.000	0.111
13210.000	0.113
13220.000	0.111
13230.000	0.109
13240.000	0.108
13250.000	0.109
13260.000	0.109
13270.000	0.109
13280.000	0.108
13290.000	0.111
13300.000	0.110
13310.000	0.112
13320.000	0.110
13330.000	0.108
13340.000	0.110
13350.000	0.112
13360.000	0.111
13370.000	0.110
13380.000	0.113
13390.000	0.114
13400.000	0.112
13410.000	0.112
13420.000	0.111
13430.000	0.109
13440.000	0.110
13450.000	0.111
13460.000	0.111
13470.000	0.109
13480.000	0.109
13490.000	0.113
13500.000	0.114
13510.000	0.112
13520.000	0.113
13530.000	0.113
13540.000	0.112
13550.000	0.112
13560.000	0.115
13570.000	0.111
13580.000	0.110
13590.000	0.109
13600.000	0.110
13610.000	0.110
13620.000	0.110
13630.000	0.110
13640.000	0.111
13650.000	0.111
13660.000	0.113
13670.000	0.110
13680.000	0.110
13690.000	0.109
13700.000	0.108
13710.000	0.108
13720.000	0.111
13730.000	0.111
13740.000	0.108
13750.000	0.112
13760.000	0.112
13770.000	0.112
13780.000	0.111
13790.000	0.110
13800.000	0.110
13810.000	0.109
13820.000	0.109
13830.000	0.110
13840.000	0.110
13850.000	0.107
13860.000	0.110
13870.000	0.113
13880.000	0.109
13890.000	0.111
13900.000	0.112
13910.000	0.110
13920.000	0.113
13930.000	0.111
13940.000	0.109
13950.000	0.107
13960.000	0.108
13970.000	0.108
13980.000	0.107
13990.000	0.107
14000.000	0.109
14010.000	0.109
14020.000	0.112
14030.000	0.110
14040.000	0.113
14050.000	0.111
14060.000	0.110
14070.000	0.112
14080.000	0.110
14090.000	0.109
14100.000	0.108
14110.000	0.110
14120.000	0.110
14130.000	0.106
14140.000	0.109
14150.000	0.109
14160.000	0.108
14170.000	0.107
14180.000	0.109
14190.000	0.111
14200.000	0.114
14210.000	0.113
14220.000	0.111
14230.000	0.112
14240.000	0.113
14250.000	0.112
14260.000	0.112
14270.000	0.110
14280.000	0.109
14290.000	0.106
14300.000	0.106
14310.000	0.108
14320.000	0.107
14330.000	0.108
14340.000	0.108
14350.000	0.109
14360.000	0.110
14370.000	0.111
14380.000	0.113
14390.000	0.112
14400.000	0.116
14410.000	0.116
14420.000	0.116
14430.000	0.112
14440.000	0.111
14450.000	0.110
14460.000	0.108
14470.000	0.108
14480.000	0.110
14490.000	0.107
14500.000	0.109
14510.000	0.110
14520.000	0.111
14530.000	0.109
14540.000	0.111
14550.000	0.111
14560.000	0.111
14570.000	0.111
14580.000	0.113
14590.000	0.112
14600.000	0.111
14610.000	0.113
14620.000	0.113
14630.000	0.111
14640.000	0.109
14650.000	0.104
14660.000	0.105
14670.000	0.105
14680.000	0.105
14690.000	0.103
14700.000	0.104
14710.000	0.107
14720.000	0.110
14730.000	0.107
14740.000	0.109
14750.000	0.112
14760.000	0.111
14770.000	0.115
14780.000	0.115
14790.000	0.115
14800.000	0.115
14810.000	0.113
14820.000	0.111
14830.000	0.111
14840.000	0.111
14850.000	0.109
14860.000	0.106
14870.000	0.105
14880.000	0.105
14890.000	0.104
14900.000	0.104
14910.000	0.103
14920.000	0.103
14930.000	0.106
14940.000	0.109
14950.000	0.108
14960.000	0.111
14970.000	0.113
14980.000	0.112
14990.000	0.112
15000.000	0.113
15010.000	0.111
15020.000	0.112
15030.000	0.112
15040.000	0.113
15050.000	0.112
15060.000	0.111
15070.000	0.108
15080.000	0.106
15090.000	0.102
15100.000	0.103
15110.000	0.103
15120.000	0.105
15130.000	0.105
15140.000	0.106
15150.000	0.107
15160.000	0.107
15170.000	0.110
15180.000	0.110
15190.000	0.112
15200.000	0.112
15210.000	0.110
15220.000	0.113
15230.000	0.113
15240.000	0.113
15250.000	0.112
15260.000	0.109
15270.000	0.109
15280.000	0.109
15290.000	0.108
15300.000	0.104
15310.000	0.103
15320.000	0.102
15330.000	0.099
15340.000	0.100
15350.000	0.101
15360.000	0.102
15370.000	0.106
15380.000	0.107
15390.000	0.107
15400.000	0.106
15410.000	0.108
15420.000	0.109
15430.000	0.110
15440.000	0.111
15450.000	0.114
15460.000	0.115
15470.000	0.114
15480.000	0.114
15490.000	0.114
15500.000	0.113
15510.000	0.112
15520.000	0.111
15530.000	0.109
15540.000	0.103
15550.000	0.103
15560.000	0.100
15570.000	0.101
15580.000	0.102
15590.000	0.104
15600.000	0.104
15610.000	0.104
15620.000	0.104
15630.000	0.105
15640.000	0.104
15650.000	0.107
15660.000	0.109
15670.000	0.109
15680.000	0.111
15690.000	0.111
15700.000	0.115
15710.000	0.115
15720.000	0.118
15730.000	0.118
15740.000	0.117
15750.000	0.116
15760.000	0.115
15770.000	0.111
15780.000	0.107
15790.000	0.102
15800.000	0.101
15810.000	0.100
15820.000	0.100
15830.000	0.099
15840.000	0.102
15850.000	0.103
15860.000	0.103
15870.000	0.104
15880.000	0.103
15890.000	0.104
15900.000	0.105
15910.000	0.109
15920.000	0.109
15930.000	0.111
15940.000	0.111
15950.000	0.112
15960.000	0.111
15970.000	0.112
15980.000	0.114
15990.000	0.116
16000.000	0.115
16010.000	0.116
16020.000	0.117
16030.000	0.112
16040.000	0.113
16050.000	0.110
16060.000	0.102
16070.000	0.104
16080.000	0.102
16090.000	0.099
16100.000	0.098
16110.000	0.099
16120.000	0.100
16130.000	0.099
16140.000	0.099
16150.000	0.101
16160.000	0.103
16170.000	0.104
16180.000	0.105
16190.000	0.108
16200.000	0.111
16210.000	0.112
16220.000	0.114
16230.000	0.115
16240.000	0.116
16250.000	0.116
16260.000	0.116
16270.000	0.116
16280.000	0.118
16290.000	0.119
16300.000	0.118
16310.000	0.114
16320.000	0.110
16330.000	0.107
16340.000	0.101
16350.000	0.099
16360.000	0.097
16370.000	0.095
16380.000	0.096
16390.000	0.100
16400.000	0.099
16410.000	0.103
16420.000	0.104
16430.000	0.106
16440.000	0.105
16450.000	0.107
16460.000	0.107
16470.000	0.107
16480.000	0.110
16490.000	0.112
16500.000	0.110
16510.000	0.110
16520.000	0.114
16530.000	0.113
16540.000	0.112
16550.000	0.116
16560.000	0.111
16570.000	0.115
16580.000	0.113
16590.000	0.115
16600.000	0.112
16610.000	0.109
16620.000	0.107
16630.000	0.102
16640.000	0.097
16650.000	0.096
16660.000	0.096
16670.000	0.098
16680.000	0.097
16690.000	0.100
16700.000	0.102
16710.000	0.100
16720.000	0.102
16730.000	0.101
16740.000	0.103
16750.000	0.104
16760.000	0.107
16770.000	0.110
16780.000	0.111
16790.000	0.113
16800.000	0.116
16810.000	0.117
16820.000	0.117
16830.000	0.117
16840.000	0.118
16850.000	0.118
16860.000	0.120
16870.000	0.122
16880.000	0.122
16890.000	0.123
16900.000	0.122
16910.000	0.119
16920.000	0.113
16930.000	0.106
16940.000	0.099
16950.000	0.096
16960.000	0.093
16970.000	0.093
16980.000	0.095
16990.000	0.095
17000.000	0.096
17010.000	0.099
17020.000	0.099
17030.000	0.100
17040.000	0.101
17050.000	0.103
17060.000	0.107
17070.000	0.105
17080.000	0.110
17090.000	0.111
17100.000	0.112
17110.000	0.114
17120.000	0.115
17130.000	0.120
17140.000	0.120
17150.000	0.119
17160.000	0.119
17170.000	0.120
17180.000	0.121
17190.000	0.121
17200.000	0.120
17210.000	0.123
17220.000	0.120
17230.000	0.117
17240.000	0.111
17250.000	0.108
17260.000	0.099
17270.000	0.095
17280.000	0.093
17290.000	0.094
17300.000	0.096
17310.000	0.097
17320.000	0.099
17330.000	0.100
17340.000	0.101
17350.000	0.105
17360.000	0.106
17370.000	0.108
17380.000	0.109
17390.000	0.109
17400.000	0.112
17410.000	0.116
17420.000	0.114
17430.000	0.116
17440.000	0.118
17450.000	0.117
17460.000	0.121
17470.000	0.121
17480.000	0.122
17490.000	0.124
17500.000	0.126
17510.000	0.127
17520.000	0.129
17530.000	0.131
17540.000	0.127
17550.000	0.126
17560.000	0.122
17570.000	0.115
17580.000	0.108
17590.000	0.102
17600.000	0.096
17610.000	0.095
17620.000	0.095
17630.000	0.095
17640.000	0.100
17650.000	0.098
17660.000	0.100
17670.000	0.101
17680.000	0.102
17690.000	0.102
17700.000	0.105
17710.000	0.108
17720.000	0.112
17730.000	0.112
17740.000	0.116
17750.000	0.117
17760.000	0.116
17770.000	0.117
17780.000	0.114
17790.000	0.116
17800.000	0.118
17810.000	0.122
17820.000	0.123
17830.000	0.123
17840.000	0.126
17850.000	0.123
17860.000	0.125
17870.000	0.126
17880.000	0.128
17890.000	0.131
17900.000	0.129
17910.000	0.125
17920.000	0.117
17930.000	0.110
17940.000	0.100
17950.000	0.094
17960.000	0.092
17970.000	0.090
17980.000	0.092
17990.000	0.095
18000.000	0.097
18010.000	0.098
18020.000	0.096
18030.000	0.096
18040.000	0.100
18050.000	0.104
18060.000	0.105
18070.000	0.107
18080.000	0.108
18090.000	0.109
18100.000	0.110
18110.000	0.112
18120.000	0.117
18130.000	0.118
18140.000	0.118
18150.000	0.120
18160.000	0.123
18170.000	0.124
18180.000	0.126
18190.000	0.127
18200.000	0.129
18210.000	0.129
18220.000	0.129
18230.000	0.130
18240.000	0.130
18250.000	0.125
18260.000	0.122
18270.000	0.119
18280.000	0.114
18290.000	0.109
18300.000	0.099
18310.000	0.094
18320.000	0.091
18330.000	0.091
18340.000	0.094
18350.000	0.091
18360.000	0.092
18370.000	0.091
18380.000	0.094
18390.000	0.094
18400.000	0.097
18410.000	0.102
18420.000	0.104
18430.000	0.105
18440.000	0.105
18450.000	0.108
18460.000	0.111
18470.000	0.113
18480.000	0.116
18490.000	0.117
18500.000	0.119
18510.000	0.122
18520.000	0.120
18530.000	0.118
18540.000	0.123
18550.000	0.122
18560.000	0.125
18570.000	0.128
18580.000	0.127
18590.000	0.130
18600.000	0.130
18610.000	0.133
18620.000	0.131
18630.000	0.128
18640.000	0.122
18650.000	0.114
18660.000	0.103
18670.000	0.096
18680.000	0.091
18690.000	0.087
18700.000	0.085
18710.000	0.087
18720.000	0.087
18730.000	0.092
18740.000	0.096
18750.000	0.096
18760.000	0.099
18770.000	0.100
18780.000	0.103
18790.000	0.103
18800.000	0.101
18810.000	0.106
18820.000	0.106
18830.000	0.106
18840.000	0.107
18850.000	0.105
18860.000	0.107
18870.000	0.108
18880.000	0.110
18890.000	0.113
18900.000	0.116
18910.000	0.119
18920.000	0.120
18930.000	0.121
18940.000	0.123
18950.000	0.122
18960.000	0.126
18970.000	0.128
18980.000	0.131
18990.000	0.135
19000.000	0.137
19010.000	0.134
19020.000	0.131
19030.000	0.124
19040.000	0.117
19050.000	0.105
19060.000	0.096
19070.000	0.088
19080.000	0.085
19090.000	0.084
19100.000	0.082
19110.000	0.086
19120.000	0.087
19130.000	0.087
19140.000	0.089
19150.000	0.090
19160.000	0.093
19170.000	0.093
19180.000	0.094
19190.000	0.097
19200.000	0.096
19210.000	0.098
19220.000	0.102
19230.000	0.101
19240.000	0.104
19250.000	0.107
19260.000	0.107
19270.000	0.111
19280.000	0.112
19290.000	0.115
19300.000	0.117
19310.000	0.116
19320.000	0.119
19330.000	0.121
19340.000	0.123
19350.000	0.122
19360.000	0.122
19370.000	0.125
19380.000	0.130
19390.000	0.132
19400.000	0.132
19410.000	0.130
19420.000	0.127
19430.000	0.121
19440.000	0.111
19450.000	0.097
19460.000	0.091
19470.000	0.085
19480.000	0.081
19490.000	0.080
19500.000	0.081
19510.000	0.084
19520.000	0.084
19530.000	0.086
19540.000	0.087
19550.000	0.088
19560.000	0.088
19570.000	0.091
19580.000	0.092
19590.000	0.094
19600.000	0.096
19610.000	0.098
19620.000	0.098
19630.000	0.098
19640.000	0.104
19650.000	0.109
19660.000	0.110
19670.000	0.113
19680.000	0.115
19690.000	0.115
19700.000	0.116
19710.000	0.119
19720.000	0.121
19730.000	0.123
19740.000	0.125
19750.000	0.127
19760.000	0.132
19770.000	0.134
19780.000	0.137
19790.000	0.136
19800.000	0.136
19810.000	0.135
19820.000	0.131
19830.000	0.128
19840.000	0.118
19850.000	0.108
19860.000	0.095
19870.000	0.087
19880.000	0.080
19890.000	0.078
19900.000	0.080
19910.000	0.077
19920.000	0.079
19930.000	0.078
19940.000	0.083
19950.000	0.084
19960.000	0.086
19970.000	0.089
19980.000	0.091
19990.000	0.095
20000.000	0.095
20010.000	0.094
20020.000	0.097
20030.000	0.098
20040.000	0.102
20050.000	0.102
20060.000	0.104
20070.000	0.106
20080.000	0.110
20090.000	0.107
20100.000	0.112
20110.000	0.114
20120.000	0.116
20130.000	0.118
20140.000	0.118
20150.000	0.122
20160.000	0.125
20170.000	0.129
20180.000	0.131
20190.000	0.134
20200.000	0.133
20210.000	0.134
20220.000	0.138
20230.000	0.136
20240.000	0.134
20250.000	0.132
20260.000	0.125
20270.000	0.119
20280.000	0.108
20290.000	0.096
20300.000	0.085
20310.000	0.078
20320.000	0.077
20330.000	0.078
20340.000	0.079
20350.000	0.081
20360.000	0.081
20370.000	0.082
20380.000	0.086
20390.000	0.089
20400.000	0.091
20410.000	0.095
20420.000	0.099
20430.000	0.101
20440.000	0.100
20450.000	0.101
20460.000	0.101
20470.000	0.104
20480.000	0.106
20490.000	0.110
20500.000	0.112
20510.000	0.109
20520.000	0.110
20530.000	0.112
20540.000	0.117
20550.000	0.119
20560.000	0.122
20570.000	0.122
20580.000	0.123
20590.000	0.125
20600.000	0.129
20610.000	0.131
20620.000	0.135
20630.000	0.133
20640.000	0.136
20650.000	0.139
20660.000	0.140
20670.000	0.141
20680.000	0.141
20690.000	0.135
20700.000	0.125
20710.000	0.115
20720.000	0.102
20730.000	0.089
20740.000	0.080
20750.000	0.076
20760.000	0.073
20770.000	0.075
20780.000	0.077
20790.000	0.079
20800.000	0.081
20810.000	0.083
20820.000	0.085
20830.000	0.089
20840.000	0.092
20850.000	0.094
20860.000	0.095
20870.000	0.097
20880.000	0.101
20890.000	0.102
20900.000	0.107
20910.000	0.111
20920.000	0.111
20930.000	0.109
20940.000	0.111
20950.000	0.112
20960.000	0.111
20970.000	0.116
20980.000	0.117
20990.000	0.121
21000.000	0.123
21010.000	0.124
21020.000	0.125
21030.000	0.128
21040.000	0.131
21050.000	0.132
21060.000	0.135
21070.000	0.137
21080.000	0.137
21090.000	0.139
21100.000	0.140
21110.000	0.145
21120.000	0.143
21130.000	0.142
21140.000	0.141
21150.000	0.131
21160.000	0.120
21170.000	0.103
21180.000	0.090
21190.000	0.083
21200.000	0.077
21210.000	0.075
21220.000	0.076
21230.000	0.078
21240.000	0.082
21250.000	0.083
21260.000	0.088
21270.000	0.090
21280.000	0.093
21290.000	0.097
21300.000	0.097
21310.000	0.098
21320.000	0.100
21330.000	0.104
21340.000	0.105
21350.000	0.107
21360.000	0.111
21370.000	0.111
21380.000	0.114
21390.000	0.116
21400.000	0.117
21410.000	0.117
21420.000	0.120
21430.000	0.123
21440.000	0.125
21450.000	0.130
21460.000	0.131
21470.000	0.133
21480.000	0.135
21490.000	0.137
21500.000	0.136
21510.000	0.138
21520.000	0.143
21530.000	0.142
21540.000	0.146
21550.000	0.147
21560.000	0.147
21570.000	0.147
21580.000	0.153
21590.000	0.153
21600.000	0.148
21610.000	0.144
21620.000	0.132
21630.000	0.118
21640.000	0.100
21650.000	0.088
21660.000	0.080
21670.000	0.077
21680.000	0.079
21690.000	0.080
21700.000	0.083
21710.000	0.085
21720.000	0.089
21730.000	0.091
21740.000	0.091
21750.000	0.096
21760.000	0.098
21770.000	0.101
21780.000	0.103
21790.000	0.109
21800.000	0.112
21810.000	0.113
21820.000	0.116
21830.000	0.115
21840.000	0.114
21850.000	0.118
21860.000	0.118
21870.000	0.121
21880.000	0.127
21890.000	0.130
21900.000	0.130
21910.000	0.133
21920.000	0.132
21930.000	0.135
21940.000	0.140
21950.000	0.142
21960.000	0.142
21970.000	0.145
21980.000	0.146
21990.000	0.149
22000.000	0.150
22010.000	0.154
22020.000	0.157
22030.000	0.158
22040.000	0.158
22050.000	0.160
22060.000	0.159
22070.000	0.157
22080.000	0.154
22090.000	0.144
22100.000	0.125
22110.000	0.108
22120.000	0.096
22130.000	0.083
22140.000	0.077
22150.000	0.078
22160.000	0.080
22170.000	0.081
22180.000	0.082
22190.000	0.085
22200.000	0.086
22210.000	0.089
22220.000	0.092
22230.000	0.094
22240.000	0.101
22250.000	0.104
22260.000	0.109
22270.000	0.112
22280.000	0.117
22290.000	0.123
22300.000	0.120
22310.000	0.121
22320.000	0.124
22330.000	0.124
22340.000	0.125
22350.000	0.129
22360.000	0.133
22370.000	0.134
22380.000	0.137
22390.000	0.141
22400.000	0.143
22410.000	0.146
22420.000	0.148
22430.000	0.150
22440.000	0.151
22450.000	0.151
22460.000	0.156
22470.000	0.158
22480.000	0.156
22490.000	0.155
22500.000	0.160
22510.000	0.161
22520.000	0.162
22530.000	0.161
22540.000	0.161
22550.000	0.160
22560.000	0.158
22570.000	0.149
22580.000	0.133
22590.000	0.118
22600.000	0.103
22610.000	0.090
22620.000	0.080
22630.000	0.080
22640.000	0.082
22650.000	0.084
22660.000	0.088
22670.000	0.089
22680.000	0.092
22690.000	0.094
22700.000	0.095
22710.000	0.099
22720.000	0.105
22730.000	0.107
22740.000	0.111
22750.000	0.112
22760.000	0.113
22770.000	0.120
22780.000	0.124
22790.000	0.127
22800.000	0.127
22810.000	0.129
22820.000	0.130
22830.000	0.130
22840.000	0.131
22850.000	0.138
22860.000	0.141
22870.000	0.143
22880.000	0.142
22890.000	0.142
22900.000	0.143
22910.000	0.143
22920.000	0.144
22930.000	0.149
22940.000	0.154
22950.000	0.155
22960.000	0.158
22970.000	0.158
22980.000	0.160
22990.000	0.161
23000.000	0.166
23010.000	0.170
23020.000	0.173
23030.000	0.172
23040.000	0.173
23050.000	0.171
23060.000	0.165
23070.000	0.154
23080.000	0.137
23090.000	0.117
23100.000	0.099
23110.000	0.087
23120.000	0.081
23130.000	0.080
23140.000	0.081
23150.000	0.084
23160.000	0.085
23170.000	0.088
23180.000	0.086
23190.000	0.090
23200.000	0.094
23210.000	0.097
23220.000	0.101
23230.000	0.102
23240.000	0.105
23250.000	0.107
23260.000	0.111
23270.000	0.111
23280.000	0.114
23290.000	0.116
23300.000	0.120
23310.000	0.116
23320.000	0.117
23330.000	0.118
23340.000	0.121
23350.000	0.122
23360.000	0.131
23370.000	0.132
23380.000	0.137
23390.000	0.139
23400.000	0.141
23410.000	0.143
23420.000	0.144
23430.000	0.145
23440.000	0.150
23450.000	0.152
23460.000	0.152
23470.000	0.156
23480.000	0.164
23490.000	0.162
23500.000	0.163
23510.000	0.167
23520.000	0.169
23530.000	0.171
23540.000	0.170
23550.000	0.173
23560.000	0.169
23570.000	0.163
23580.000	0.152
23590.000	0.132
23600.000	0.114
23610.000	0.098
23620.000	0.085
23630.000	0.079
23640.000	0.075
23650.000	0.076
23660.000	0.078
23670.000	0.080
23680.000	0.081
23690.000	0.086
23700.000	0.087
23710.000	0.090
23720.000	0.089
23730.000	0.091
23740.000	0.091
23750.000	0.093
23760.000	0.097
23770.000	0.098
23780.000	0.100
23790.000	0.107
23800.000	0.109
23810.000	0.113
23820.000	0.113
23830.000	0.115
23840.000	0.119
23850.000	0.118
23860.000	0.124
23870.000	0.128
23880.000	0.131
23890.000	0.135
23900.000	0.138
23910.000	0.143
23920.000	0.144
23930.000	0.147
23940.000	0.146
23950.000	0.147
23960.000	0.152
23970.000	0.156
23980.000	0.154
23990.000	0.159
24000.000	0.162
24010.000	0.165
24020.000	0.169
24030.000	0.167
24040.000	0.171
24050.000	0.171
24060.000	0.171
24070.000	0.166
24080.000	0.162
24090.000	0.154
24100.000	0.141
24110.000	0.122
24120.000	0.102
24130.000	0.090
24140.000	0.078
24150.000	0.073
24160.000	0.073
24170.000	0.072
24180.000	0.074
24190.000	0.077
24200.000	0.079
24210.000	0.081
24220.000	0.085
24230.000	0.088
24240.000	0.091
24250.000	0.089
24260.000	0.094
24270.000	0.097
24280.000	0.100
24290.000	0.104
24300.000	0.110
24310.000	0.110
24320.000	0.109
24330.000	0.113
24340.000	0.115
24350.000	0.116
24360.000	0.120
24370.000	0.124
24380.000	0.128
24390.000	0.129
24400.000	0.132
24410.000	0.133
24420.000	0.134
24430.000	0.141
24440.000	0.147
24450.000	0.146
24460.000	0.149
24470.000	0.150
24480.000	0.153
24490.000	0.153
24500.000	0.159
24510.000	0.159
24520.000	0.162
24530.000	0.163
24540.000	0.166
24550.000	0.162
24560.000	0.160
24570.000	0.157
24580.000	0.157
24590.000	0.161
24600.000	0.157
24610.000	0.152
24620.000	0.144
24630.000	0.132
24640.000	0.119
24650.000	0.101
24660.000	0.088
24670.000	0.079
24680.000	0.074
24690.000	0.074
24700.000	0.074
24710.000	0.077
24720.000	0.081
24730.000	0.085
24740.000	0.085
24750.000	0.086
24760.000	0.087
24770.000	0.091
24780.000	0.094
24790.000	0.097
24800.000	0.099
24810.000	0.103
24820.000	0.106
24830.000	0.109
24840.000	0.110
24850.000	0.113
24860.000	0.117
24870.000	0.122
24880.000	0.126
24890.000	0.125
24900.000	0.127
24910.000	0.130
24920.000	0.135
24930.000	0.139
24940.000	0.145
24950.000	0.143
24960.000	0.144
24970.000	0.147
24980.000	0.145
24990.000	0.155
25000.000	0.154
25010.000	0.155
25020.000	0.156
25030.000	0.157
25040.000	0.156
25050.000	0.154
25060.000	0.151
25070.000	0.147
25080.000	0.147
25090.000	0.150
25100.000	0.155
25110.000	0.155
25120.000	0.158
25130.000	0.157
25140.000	0.155
25150.000	0.156
25160.000	0.149
25170.000	0.140
25180.000	0.121
25190.000	0.102
25200.000	0.090
25210.000	0.081
25220.000	0.079
25230.000	0.082
25240.000	0.084
25250.000	0.086
25260.000	0.088
25270.000	0.089
25280.000	0.091
25290.000	0.094
25300.000	0.098
25310.000	0.101
25320.000	0.102
25330.000	0.103
25340.000	0.106
25350.000	0.107
25360.000	0.111
25370.000	0.112
25380.000	0.116
25390.000	0.118
25400.000	0.121
25410.000	0.125
25420.000	0.127
25430.000	0.131
25440.000	0.132
25450.000	0.140
25460.000	0.139
25470.000	0.141
25480.000	0.144
25490.000	0.148
25500.000	0.145
25510.000	0.151
25520.000	0.151
25530.000	0.152
25540.000	0.148
25550.000	0.144
25560.000	0.149
25570.000	0.145
25580.000	0.141
25590.000	0.143
25600.000	0.142
25610.000	0.143
25620.000	0.150
25630.000	0.152
25640.000	0.153
25650.000	0.153
25660.000	0.161
25670.000	0.161
25680.000	0.160
25690.000	0.159
25700.000	0.158
25710.000	0.146
25720.000	0.133
25730.000	0.116
25740.000	0.103
25750.000	0.091
25760.000	0.086
25770.000	0.083
25780.000	0.081
25790.000	0.083
25800.000	0.086
25810.000	0.090
25820.000	0.093
25830.000	0.098
25840.000	0.103
25850.000	0.106
25860.000	0.109
25870.000	0.108
25880.000	0.112
25890.000	0.118
25900.000	0.120
25910.000	0.120
25920.000	0.120
25930.000	0.122
25940.000	0.126
25950.000	0.128
25960.000	0.130
25970.000	0.133
25980.000	0.140
25990.000	0.144
26000.000	0.143
26010.000	0.146
26020.000	0.146
26030.000	0.147
26040.000	0.152
26050.000	0.150
26060.000	0.147
26070.000	0.145
26080.000	0.141
26090.000	0.137
26100.000	0.136
26110.000	0.134
26120.000	0.133
26130.000	0.141
26140.000	0.144
26150.000	0.142
26160.000	0.149
26170.000	0.149
26180.000	0.150
26190.000	0.150
26200.000	0.154
26210.000	0.157
26220.000	0.160
26230.000	0.163
26240.000	0.163
26250.000	0.163
26260.000	0.154
26270.000	0.148
26280.000	0.134
26290.000	0.118
26300.000	0.101
26310.000	0.092
26320.000	0.090
26330.000	0.092
26340.000	0.094
26350.000	0.097
26360.000	0.100
26370.000	0.102
26380.000	0.103
26390.000	0.106
26400.000	0.110
26410.000	0.112
26420.000	0.115
26430.000	0.119
26440.000	0.119
26450.000	0.120
26460.000	0.123
26470.000	0.127
26480.000	0.128
26490.000	0.131
26500.000	0.136
26510.000	0.136
26520.000	0.139
26530.000	0.140
26540.000	0.145
26550.000	0.149
26560.000	0.152
26570.000	0.153
26580.000	0.153
26590.000	0.147
26600.000	0.147
26610.000	0.137
26620.000	0.133
26630.000	0.128
26640.000	0.133
26650.000	0.135
26660.000	0.135
26670.000	0.136
26680.000	0.137
26690.000	0.145
26700.000	0.148
26710.000	0.147
26720.000	0.149
26730.000	0.151
26740.000	0.156
26750.000	0.160
26760.000	0.161
26770.000	0.163
26780.000	0.168
26790.000	0.167
26800.000	0.170
26810.000	0.172
26820.000	0.170
26830.000	0.158
26840.000	0.150
26850.000	0.132
26860.000	0.114
26870.000	0.102
26880.000	0.096
26890.000	0.095
26900.000	0.096
26910.000	0.100
26920.000	0.102
26930.000	0.106
26940.000	0.113
26950.000	0.114
26960.000	0.115
26970.000	0.119
26980.000	0.123
26990.000	0.122
27000.000	0.128
27010.000	0.128
27020.000	0.133
27030.000	0.139
27040.000	0.142
27050.000	0.144
27060.000	0.146
27070.000	0.151
27080.000	0.154
27090.000	0.158
27100.000	0.158
27110.000	0.156
27120.000	0.151
27130.000	0.149
27140.000	0.141
27150.000	0.132
27160.000	0.130
27170.000	0.128
27180.000	0.129
27190.000	0.132
27200.000	0.137
27210.000	0.138
27220.000	0.142
27230.000	0.143
27240.000	0.142
27250.000	0.143
27260.000	0.150
27270.000	0.153
27280.000	0.157
27290.000	0.156
27300.000	0.159
27310.000	0.160
27320.000	0.160
27330.000	0.163
27340.000	0.167
27350.000	0.170
27360.000	0.170
27370.000	0.171
27380.000	0.172
27390.000	0.172
27400.000	0.170
27410.000	0.157
27420.000	0.145
27430.000	0.128
27440.000	0.118
27450.000	0.110
27460.000	0.107
27470.000	0.104
27480.000	0.105
27490.000	0.111
27500.000	0.112
27510.000	0.115
27520.000	0.117
27530.000	0.120
27540.000	0.125
27550.000	0.128
27560.000	0.132
27570.000	0.132
27580.000	0.136
27590.000	0.140
27600.000	0.145
27610.000	0.145
27620.000	0.148
27630.000	0.152
27640.000	0.153
27650.000	0.157
27660.000	0.154
27670.000	0.150
27680.000	0.146
27690.000	0.136
27700.000	0.128
27710.000	0.124
27720.000	0.122
27730.000	0.122
27740.000	0.123
27750.000	0.129
27760.000	0.131
27770.000	0.137
27780.000	0.140
27790.000	0.140
27800.000	0.145
27810.000	0.147
27820.000	0.150
27830.000	0.153
27840.000	0.155
27850.000	0.156
27860.000	0.158
27870.000	0.160
27880.000	0.163
27890.000	0.163
27900.000	0.166
27910.000	0.169
27920.000	0.172
27930.000	0.175
27940.000	0.174
27950.000	0.177
27960.000	0.179
27970.000	0.180
27980.000	0.176
27990.000	0.167
28000.000	0.155
28010.000	0.142
28020.000	0.126
28030.000	0.118
28040.000	0.113
28050.000	0.110
28060.000	0.112
28070.000	0.119
28080.000	0.122
28090.000	0.122
28100.000	0.129
28110.000	0.129
28120.000	0.133
28130.000	0.135
28140.000	0.137
28150.000	0.140
28160.000	0.145
28170.000	0.147
28180.000	0.149
28190.000	0.150
28200.000	0.153
28210.000	0.153
28220.000	0.153
28230.000	0.146
28240.000	0.140
28250.000	0.133
28260.000	0.125
28270.000	0.118
28280.000	0.119
28290.000	0.119
28300.000	0.119
28310.000	0.122
28320.000	0.128
28330.000	0.129
28340.000	0.130
28350.000	0.133
28360.000	0.136
28370.000	0.137
28380.000	0.139
28390.000	0.141
28400.000	0.146
28410.000	0.149
28420.000	0.150
28430.000	0.156
28440.000	0.155
28450.000	0.160
28460.000	0.162
28470.000	0.164
28480.000	0.168
28490.000	0.169
28500.000	0.171
28510.000	0.175
28520.000	0.179
28530.000	0.177
28540.000	0.178
28550.000	0.182
28560.000	0.178
28570.000	0.179
28580.000	0.168
28590.000	0.160
28600.000	0.150
28610.000	0.139
28620.000	0.130
28630.000	0.123
28640.000	0.121
28650.000	0.125
28660.000	0.125
28670.000	0.131
28680.000	0.131
28690.000	0.133
28700.000	0.137
28710.000	0.140
28720.000	0.143
28730.000	0.148
28740.000	0.150
28750.000	0.151
28760.000	0.152
28770.000	0.150
28780.000	0.152
28790.000	0.146
28800.000	0.137
28810.000	0.129
28820.000	0.119
28830.000	0.115
28840.000	0.112
28850.000	0.111
28860.000	0.112
28870.000	0.114
28880.000	0.117
28890.000	0.120
28900.000	0.126
28910.000	0.127
28920.000	0.130
28930.000	0.132
28940.000	0.136
28950.000	0.139
28960.000	0.144
28970.000	0.147
28980.000	0.145
28990.000	0.145
29000.000	0.152
29010.000	0.154
29020.000	0.157
29030.000	0.160
29040.000	0.163
29050.000	0.162
29060.000	0.165
29070.000	0.168
29080.000	0.173
29090.000	0.174
29100.000	0.176
29110.000	0.180
29120.000	0.181
29130.000	0.183
29140.000	0.185
29150.000	0.184
29160.000	0.185
29170.000	0.177
29180.000	0.172
29190.000	0.162
29200.000	0.151
29210.000	0.144
29220.000	0.140
29230.000	0.132
29240.000	0.134
29250.000	0.135
29260.000	0.135
29270.000	0.140
29280.000	0.141
29290.000	0.143
29300.000	0.146
29310.000	0.147
29320.000	0.152
29330.000	0.155
29340.000	0.154
29350.000	0.151
29360.000	0.143
29370.000	0.132
29380.000	0.122
29390.000	0.113
29400.000	0.109
29410.000	0.108
29420.000	0.110
29430.000	0.112
29440.000	0.117
29450.000	0.117
29460.000	0.121
29470.000	0.122
29480.000	0.124
29490.000	0.129
29500.000	0.132
29510.000	0.132
29520.000	0.133
29530.000	0.138
29540.000	0.141
29550.000	0.143
29560.000	0.146
29570.000	0.148
29580.000	0.150
29590.000	0.155
29600.000	0.156
29610.000	0.157
29620.000	0.160
29630.000	0.163
29640.000	0.162
29650.000	0.166
29660.000	0.168
29670.000	0.173
29680.000	0.174
29690.000	0.174
29700.000	0.175
29710.000	0.177
29720.000	0.177
29730.000	0.179
29740.000	0.180
29750.000	0.185
29760.000	0.185
29770.000	0.184
29780.000	0.180
29790.000	0.171
29800.000	0.162
29810.000	0.152
29820.000	0.147
29830.000	0.141
29840.000	0.142
29850.000	0.143
29860.000	0.146
29870.000	0.148
29880.000	0.148
29890.000	0.149
29900.000	0.152
29910.000	0.156
29920.000	0.154
29930.000	0.155
29940.000	0.144
29950.000	0.134
29960.000	0.125
29970.000	0.116
29980.000	0.112
29990.000	0.110
30000.000	0.110
30010.000	0.111
30020.000	0.115
30030.000	0.119
30040.000	0.119
30050.000	0.119
30060.000	0.124
30070.000	0.129
30080.000	0.128
30090.000	0.131
30100.000	0.135
30110.000	0.137
30120.000	0.140
30130.000	0.140
30140.000	0.144
30150.000	0.142
30160.000	0.143
30170.000	0.147
30180.000	0.146
30190.000	0.148
30200.000	0.154
30210.000	0.157
30220.000	0.158
30230.000	0.162
30240.000	0.165
30250.000	0.164
30260.000	0.167
30270.000	0.168
30280.000	0.171
30290.000	0.174
30300.000	0.176
30310.000	0.179
30320.000	0.179
30330.000	0.181
30340.000	0.182
30350.000	0.182
30360.000	0.184
30370.000	0.182
30380.000	0.183
30390.000	0.181
30400.000	0.172
30410.000	0.168
30420.000	0.160
30430.000	0.156
30440.000	0.149
30450.000	0.149
30460.000	0.151
30470.000	0.152
30480.000	0.159
30490.000	0.156
30500.000	0.157
30510.000	0.155
30520.000	0.149
30530.000	0.143
30540.000	0.133
30550.000	0.123
30560.000	0.117
30570.000	0.112
30580.000	0.111
30590.000	0.113
30600.000	0.113
30610.000	0.114
30620.000	0.119
30630.000	0.120
30640.000	0.122
30650.000	0.125
30660.000	0.127
30670.000	0.130
30680.000	0.132
30690.000	0.135
30700.000	0.137
30710.000	0.135
30720.000	0.140
30730.000	0.138
30740.000	0.138
30750.000	0.142
30760.000	0.142
30770.000	0.146
30780.000	0.148
30790.000	0.150
30800.000	0.151
30810.000	0.155
30820.000	0.156
30830.000	0.160
30840.000	0.163
30850.000	0.160
30860.000	0.163
30870.000	0.164
30880.000	0.168
30890.000	0.170
30900.000	0.171
30910.000	0.173
30920.000	0.175
30930.000	0.176
30940.000	0.175
30950.000	0.177
30960.000	0.182
30970.000	0.182
30980.000	0.181
30990.000	0.184
31000.000	0.183
31010.000	0.181
31020.000	0.178
31030.000	0.175
31040.000	0.167
31050.000	0.159
31060.000	0.158
31070.000	0.162
31080.000	0.160
31090.000	0.160
31100.000	0.156
31110.000	0.154
31120.000	0.148
31130.000	0.140
31140.000	0.129
31150.000	0.121
31160.000	0.115
31170.000	0.114
31180.000	0.117
31190.000	0.115
31200.000	0.114
31210.000	0.117
31220.000	0.124
31230.000	0.125
31240.000	0.129
31250.000	0.127
31260.000	0.131
31270.000	0.128
31280.000	0.130
31290.000	0.131
31300.000	0.129
31310.000	0.132
31320.000	0.134
31330.000	0.135
31340.000	0.136
31350.000	0.139
31360.000	0.140
31370.000	0.143
31380.000	0.146
31390.000	0.147
31400.000	0.148
31410.000	0.151
31420.000	0.153
31430.000	0.158
31440.000	0.159
31450.000	0.162
31460.000	0.163
31470.000	0.163
31480.000	0.166
31490.000	0.167
31500.000	0.167
31510.000	0.168
31520.000	0.171
31530.000	0.174
31540.000	0.175
31550.000	0.175
31560.000	0.174
31570.000	0.175
31580.000	0.177
31590.000	0.178
31600.000	0.181
31610.000	0.181
31620.000	0.183
31630.000	0.183
31640.000	0.178
31650.000	0.172
31660.000	0.168
31670.000	0.165
31680.000	0.161
31690.000	0.165
31700.000	0.161
31710.000	0.157
31720.000	0.152
31730.000	0.144
31740.000	0.129
31750.000	0.123
31760.000	0.117
31770.000	0.119
31780.000	0.121
31790.000	0.118
31800.000	0.124
31810.000	0.127
31820.000	0.129
31830.000	0.130
31840.000	0.127
31850.000	0.127
31860.000	0.125
31870.000	0.126
31880.000	0.126
31890.000	0.128
31900.000	0.127
31910.000	0.130
31920.000	0.130
31930.000	0.132
31940.000	0.134
31950.000	0.139
31960.000	0.140
31970.000	0.140
31980.000	0.143
31990.000	0.146
32000.000	0.150
32010.000	0.148
32020.000	0.151
32030.000	0.150
32040.000	0.151
32050.000	0.153
32060.000	0.152
32070.000	0.156
32080.000	0.161
32090.000	0.160
32100.000	0.164
32110.000	0.169
32120.000	0.167
32130.000	0.166
32140.000	0.168
32150.000	0.170
32160.000	0.172
32170.000	0.172
32180.000	0.169
32190.000	0.173
32200.000	0.175
32210.000	0.176
32220.000	0.174
32230.000	0.173
32240.000	0.173
32250.000	0.178
32260.000	0.175
32270.000	0.170
32280.000	0.171
32290.000	0.167
32300.000	0.161
32310.000	0.157
32320.000	0.150
32330.000	0.143
32340.000	0.137
32350.000	0.132
32360.000	0.125
32370.000	0.122
32380.000	0.121
32390.000	0.124
32400.000	0.126
32410.000	0.123
32420.000	0.122
32430.000	0.121
32440.000	0.118
32450.000	0.117
32460.000	0.117
32470.000	0.119
32480.000	0.119
32490.000	0.120
32500.000	0.123
32510.000	0.124
32520.000	0.126
32530.000	0.127
32540.000	0.128
32550.000	0.131
32560.000	0.132
32570.000	0.136
32580.000	0.136
32590.000	0.141
32600.000	0.142
32610.000	0.145
32620.000	0.146
32630.000	0.146
32640.000	0.145
32650.000	0.147
32660.000	0.151
32670.000	0.148
32680.000	0.148
32690.000	0.153
32700.000	0.150
32710.000	0.153
32720.000	0.156
32730.000	0.157
32740.000	0.157
32750.000	0.160
32760.000	0.160
32770.000	0.157
32780.000	0.161
32790.000	0.162
32800.000	0.160
32810.000	0.162
32820.000	0.167
32830.000	0.163
32840.000	0.164
32850.000	0.165
32860.000	0.167
32870.000	0.166
32880.000	0.165
32890.000	0.167
32900.000	0.162
32910.000	0.161
32920.000	0.155
32930.000	0.150
32940.000	0.142
32950.000	0.135
32960.000	0.128
32970.000	0.124
32980.000	0.124
32990.000	0.122
33000.000	0.119
33010.000	0.116
33020.000	0.115
33030.000	0.112
33040.000	0.108
33050.000	0.109
33060.000	0.108
33070.000	0.111
33080.000	0.114
33090.000	0.117
33100.000	0.117
33110.000	0.117
33120.000	0.117
33130.000	0.118
33140.000	0.119
33150.000	0.122
33160.000	0.124
33170.000	0.122
33180.000	0.121
33190.000	0.128
33200.000	0.130
33210.000	0.130
33220.000	0.130
33230.000	0.129
33240.000	0.133
33250.000	0.137
33260.000	0.137
33270.000	0.136
33280.000	0.139
33290.000	0.139
33300.000	0.139
33310.000	0.139
33320.000	0.140
33330.000	0.140
33340.000	0.140
33350.000	0.143
33360.000	0.143
33370.000	0.144
33380.000	0.146
33390.000	0.149
33400.000	0.148
33410.000	0.147
33420.000	0.149
33430.000	0.150
33440.000	0.151
33450.000	0.148
33460.000	0.150
33470.000	0.153
33480.000	0.150
33490.000	0.152
33500.000	0.153
33510.000	0.148
33520.000	0.149
33530.000	0.150
33540.000	0.148
33550.000	0.138
33560.000	0.132
33570.000	0.124
33580.000	0.122
33590.000	0.119
33600.000	0.112
33610.000	0.108
33620.000	0.104
33630.000	0.101
33640.000	0.099
33650.000	0.101
33660.000	0.103
33670.000	0.101
33680.000	0.102
33690.000	0.105
33700.000	0.108
33710.000	0.107
33720.000	0.109
33730.000	0.109
33740.000	0.109
33750.000	0.109
33760.000	0.112
33770.000	0.113
33780.000	0.111
33790.000	0.113
33800.000	0.113
33810.000	0.115
33820.000	0.117
33830.000	0.113
33840.000	0.118
33850.000	0.119
33860.000	0.118
33870.000	0.120
33880.000	0.123
33890.000	0.121
33900.000	0.121
33910.000	0.122
33920.000	0.122
33930.000	0.121
33940.000	0.122
33950.000	0.124
33960.000	0.126
33970.000	0.129
33980.000	0.127
33990.000	0.127
34000.000	0.129
34010.000	0.130
34020.000	0.128
34030.000	0.127
34040.000	0.126
34050.000	0.127
34060.000	0.129
34070.000	0.129
34080.000	0.132
34090.000	0.131
34100.000	0.131
34110.000	0.130
34120.000	0.126
34130.000	0.129
34140.000	0.126
34150.000	0.127
34160.000	0.122
34170.000	0.120
34180.000	0.115
34190.000	0.109
34200.000	0.104
34210.000	0.098
34220.000	0.094
34230.000	0.090
34240.000	0.090
34250.000	0.091
34260.000	0.088
34270.000	0.090
34280.000	0.093
34290.000	0.091
34300.000	0.091
34310.000	0.091
34320.000	0.091
34330.000	0.095
34340.000	0.093
34350.000	0.094
34360.000	0.097
34370.000	0.098
34380.000	0.098
34390.000	0.098
34400.000	0.100
34410.000	0.100
34420.000	0.100
34430.000	0.101
34440.000	0.099
34450.000	0.101
34460.000	0.102
34470.000	0.100
34480.000	0.102
34490.000	0.102
34500.000	0.103
34510.000	0.102
34520.000	0.105
34530.000	0.103
34540.000	0.105
34550.000	0.102
34560.000	0.106
34570.000	0.107
34580.000	0.105
34590.000	0.106
34600.000	0.104
34610.000	0.103
34620.000	0.106
34630.000	0.107
34640.000	0.106
34650.000	0.105
34660.000	0.105
34670.000	0.106
34680.000	0.106
34690.000	0.106
34700.000	0.105
34710.000	0.106
34720.000	0.106
34730.000	0.107
34740.000	0.107
34750.000	0.107
34760.000	0.106
34770.000	0.104
34780.000	0.103
34790.000	0.099
34800.000	0.096
34810.000	0.089
34820.000	0.085
34830.000	0.082
34840.000	0.080
34850.000	0.074
34860.000	0.075
34870.000	0.075
34880.000	0.077
34890.000	0.077
34900.000	0.076
34910.000	0.077
34920.000	0.078
34930.000	0.076
34940.000	0.076
34950.000	0.079
34960.000	0.079
34970.000	0.079
34980.000	0.078
34990.000	0.078
35000.000	0.080
35010.000	0.082
35020.000	0.082
35030.000	0.084
35040.000	0.081
35050.000	0.082
35060.000	0.082
35070.000	0.082
35080.000	0.083
35090.000	0.084
35100.000	0.084
35110.000	0.085
35120.000	0.083
35130.000	0.084
35140.000	0.083
35150.000	0.083
35160.000	0.083
35170.000	0.082
35180.000	0.082
35190.000	0.083
35200.000	0.085
35210.000	0.083
35220.000	0.083
35230.000	0.084
35240.000	0.087
35250.000	0.085
35260.000	0.085
35270.000	0.085
35280.000	0.086
35290.000	0.086
35300.000	0.086
35310.000	0.085
35320.000	0.085
35330.000	0.087
35340.000	0.085
35350.000	0.083
35360.000	0.082
35370.000	0.081
35380.000	0.082
35390.000	0.081
35400.000	0.081
35410.000	0.077
35420.000	0.072
35430.000	0.068
35440.000	0.064
35450.000	0.062
35460.000	0.059
35470.000	0.061
35480.000	0.062
35490.000	0.060
35500.000	0.061
35510.000	0.061
35520.000	0.061
35530.000	0.060
35540.000	0.062
35550.000	0.062
35560.000	0.061
35570.000	0.064
35580.000	0.064
35590.000	0.064
35600.000	0.062
35610.000	0.063
35620.000	0.063
35630.000	0.063
35640.000	0.063
35650.000	0.064
35660.000	0.063
35670.000	0.062
35680.000	0.062
35690.000	0.063
35700.000	0.063
35710.000	0.066
35720.000	0.066
35730.000	0.066
35740.000	0.066
35750.000	0.065
35760.000	0.065
35770.000	0.064
35780.000	0.066
35790.000	0.064
35800.000	0.066
35810.000	0.067
35820.000	0.065
35830.000	0.064
35840.000	0.066
35850.000	0.065
35860.000	0.064
35870.000	0.064
35880.000	0.065
35890.000	0.066
35900.000	0.064
35910.000	0.064
35920.000	0.063
35930.000	0.064
35940.000	0.062
35950.000	0.065
35960.000	0.061
35970.000	0.063
35980.000	0.063
35990.000	0.062
36000.000	0.062
36010.000	0.059
36020.000	0.058
36030.000	0.057
36040.000	0.055
36050.000	0.053
36060.000	0.052
36070.000	0.049
36080.000	0.047
36090.000	0.047
36100.000	0.048
36110.000	0.046
36120.000	0.046
36130.000	0.046
36140.000	0.046
36150.000	0.048
36160.000	0.049
36170.000	0.049
36180.000	0.047
36190.000	0.048
36200.000	0.048
36210.000	0.048
36220.000	0.047
36230.000	0.049
36240.000	0.049
36250.000	0.048
36260.000	0.048
36270.000	0.048
36280.000	0.048
36290.000	0.048
36300.000	0.046
36310.000	0.050
36320.000	0.050
36330.000	0.048
36340.000	0.049
36350.000	0.049
36360.000	0.049
36370.000	0.049
36380.000	0.049
36390.000	0.051
36400.000	0.051
36410.000	0.050
36420.000	0.051
36430.000	0.047
36440.000	0.048
36450.000	0.050
36460.000	0.049
36470.000	0.048
36480.000	0.047
36490.000	0.047
36500.000	0.046
36510.000	0.046
36520.000	0.046
36530.000	0.047
36540.000	0.047
36550.000	0.044
36560.000	0.045
36570.000	0.044
36580.000	0.045
36590.000	0.045
36600.000	0.044
36610.000	0.044
36620.000	0.043
36630.000	0.042
36640.000	0.042
36650.000	0.040
36660.000	0.038
36670.000	0.038
36680.000	0.038
36690.000	0.037
36700.000	0.037
36710.000	0.035
36720.000	0.035
36730.000	0.035
36740.000	0.037
36750.000	0.036
36760.000	0.036
36770.000	0.037
36780.000	0.036
36790.000	0.033
36800.000	0.034
36810.000	0.036
36820.000	0.033
36830.000	0.034
36840.000	0.036
36850.000	0.037
36860.000	0.036
36870.000	0.036
36880.000	0.036
36890.000	0.036
36900.000	0.037
36910.000	0.035
36920.000	0.036
36930.000	0.035
36940.000	0.034
36950.000	0.035
36960.000	0.035
36970.000	0.034
36980.000	0.036
36990.000	0.035
37000.000	0.034
37010.000	0.034
37020.000	0.035
37030.000	0.036
37040.000	0.034
37050.000	0.034
37060.000	0.034
37070.000	0.034
37080.000	0.034
37090.000	0.034
37100.000	0.034
37110.000	0.034
37120.000	0.034
37130.000	0.033
37140.000	0.033
37150.000	0.034
37160.000	0.033
37170.000	0.034
37180.000	0.033
37190.000	0.032
37200.000	0.032
37210.000	0.032
37220.000	0.030
37230.000	0.029
37240.000	0.027
37250.000	0.027
37260.000	0.028
37270.000	0.028
37280.000	0.031
37290.000	0.027
37300.000	0.027
37310.000	0.028
37320.000	0.027
37330.000	0.027
37340.000	0.027
37350.000	0.026
37360.000	0.026
37370.000	0.026
37380.000	0.026
37390.000	0.026
37400.000	0.025
37410.000	0.026
37420.000	0.027
37430.000	0.026
37440.000	0.024
37450.000	0.026
37460.000	0.024
37470.000	0.026
37480.000	0.026
37490.000	0.026
37500.000	0.026
37510.000	0.024
37520.000	0.026
37530.000	0.026
37540.000	0.025
37550.000	0.025
37560.000	0.025
37570.000	0.024
37580.000	0.024
37590.000	0.025
37600.000	0.026
37610.000	0.025
37620.000	0.025
37630.000	0.026
37640.000	0.026
37650.000	0.026
37660.000	0.025
37670.000	0.024
37680.000	0.026
37690.000	0.025
37700.000	0.025
37710.000	0.024
37720.000	0.024
37730.000	0.024
37740.000	0.025
37750.000	0.024
37760.000	0.024
37770.000	0.024
37780.000	0.025
37790.000	0.024
37800.000	0.024
37810.000	0.023
37820.000	0.021
37830.000	0.021
37840.000	0.019
37850.000	0.021
37860.000	0.021
37870.000	0.020
37880.000	0.020
37890.000	0.021
37900.000	0.020
37910.000	0.020
37920.000	0.019
37930.000	0.019
37940.000	0.020
37950.000	0.021
37960.000	0.021
37970.000	0.020
37980.000	0.021
37990.000	0.020
38000.000	0.020
38010.000	0.020
38020.000	0.019
38030.000	0.019
38040.000	0.018
38050.000	0.019
38060.000	0.018
38070.000	0.019
38080.000	0.018
38090.000	0.018
38100.000	0.019
38110.000	0.019
38120.000	0.020
38130.000	0.019
38140.000	0.018
38150.000	0.020
38160.000	0.019
38170.000	0.018
38180.000	0.018
38190.000	0.016
38200.000	0.017
38210.000	0.017
38220.000	0.019
38230.000	0.018
38240.000	0.018
38250.000	0.017
38260.000	0.017
38270.000	0.017
38280.000	0.017
38290.000	0.017
38300.000	0.017
38310.000	0.017
38320.000	0.017
38330.000	0.018
38340.000	0.018
38350.000	0.016
38360.000	0.015
38370.000	0.016
38380.000	0.017
38390.000	0.017
38400.000	0.016
38410.000	0.017
38420.000	0.016
38430.000	0.015
38440.000	0.015
38450.000	0.015
38460.000	0.015
38470.000	0.014
38480.000	0.015
38490.000	0.014
38500.000	0.015
38510.000	0.013
38520.000	0.014
38530.000	0.014
38540.000	0.013
38550.000	0.014
38560.000	0.014
38570.000	0.014
38580.000	0.014
38590.000	0.014
38600.000	0.015
38610.000	0.014
38620.000	0.014
38630.000	0.014
38640.000	0.014
38650.000	0.015
38660.000	0.015
38670.000	0.014
38680.000	0.015
38690.000	0.014
38700.000	0.014
38710.000	0.014
38720.000	0.013
38730.000	0.014
38740.000	0.014
38750.000	0.013
38760.000	0.013
38770.000	0.013
38780.000	0.013
38790.000	0.012
38800.000	0.014
38810.000	0.014
38820.000	0.014
38830.000	0.014
38840.000	0.014
38850.000	0.013
38860.000	0.013
38870.000	0.013
38880.000	0.013
38890.000	0.013
38900.000	0.013
38910.000	0.012
38920.000	0.012
38930.000	0.011
38940.000	0.012
38950.000	0.013
38960.000	0.012
38970.000	0.012
38980.000	0.012
38990.000	0.013
39000.000	0.011
39010.000	0.012
39020.000	0.011
39030.000	0.010
39040.000	0.010
39050.000	0.010
39060.000	0.010
39070.000	0.012
39080.000	0.011
39090.000	0.011
39100.000	0.011
39110.000	0.011
39120.000	0.010
39130.000	0.010
39140.000	0.010
39150.000	0.010
39160.000	0.010
39170.000	0.010
39180.000	0.011
39190.000	0.010
39200.000	0.011
39210.000	0.010
39220.000	0.010
39230.000	0.010
39240.000	0.010
39250.000	0.009
39260.000	0.009
39270.000	0.009
39280.000	0.010
39290.000	0.009
39300.000	0.010
39310.000	0.010
39320.000	0.009
39330.000	0.008
39340.000	0.009
39350.000	0.009
39360.000	0.009
39370.000	0.008
39380.000	0.009
39390.000	0.009
39400.000	0.009
39410.000	0.010
39420.000	0.007
39430.000	0.008
39440.000	0.008
39450.000	0.008
39460.000	0.009
39470.000	0.009
39480.000	0.009
39490.000	0.010
39500.000	0.008
39510.000	0.009
39520.000	0.008
39530.000	0.008
39540.000	0.008
39550.000	0.008
39560.000	0.007
39570.000	0.008
39580.000	0.008
39590.000	0.008
39600.000	0.008
39610.000	0.008
39620.000	0.007
39630.000	0.008
39640.000	0.008
39650.000	0.007
39660.000	0.007
39670.000	0.007
39680.000	0.008
39690.000	0.007
39700.000	0.007
39710.000	0.007
39720.000	0.007
39730.000	0.008
39740.000	0.007
39750.000	0.007
39760.000	0.007
39770.000	0.007
39780.000	0.007
39790.000	0.007
39800.000	0.007
39810.000	0.007
39820.000	0.007
39830.000	0.007
39840.000	0.007
39850.000	0.007
39860.000	0.007
39870.000	0.007
39880.000	0.007
39890.000	0.007
39900.000	0.007
39910.000	0.007
39920.000	0.007
39930.000	0.007
39940.000	0.007
39950.000	0.007
39960.000	0.007
39970.000	0.007
39980.000	0.007
39990.000	0.007
40000.000	0.007
40010.000	0.007
40020.000	0.007
40030.000	0.007
40040.000	0.007
40050.000	0.007
40060.000	0.007
40070.000	0.007
40080.000	0.007
40090.000	0.007
40100.000	0.007
40110.000	0.007
40120.000	0.006
40130.000	0.007
40140.000	0.006
40150.000	0.006
40160.000	0.006
40170.000	0.006
40180.000	0.006
40190.000	0.006
40200.000	0.006
40210.000	0.006
40220.000	0.006
40230.000	0.007
40240.000	0.007
40250.000	0.007
40260.000	0.006
40270.000	0.007
40280.000	0.006
40290.000	0.006
40300.000	0.006
40310.000	0.006
40320.000	0.006
40330.000	0.007
40340.000	0.007
40350.000	0.006
40360.000	0.005
40370.000	0.006
40380.000	0.006
40390.000	0.006
40400.000	0.006
40410.000	0.006
40420.000	0.006
40430.000	0.006
40440.000	0.006
40450.000	0.005
40460.000	0.006
40470.000	0.006
40480.000	0.006
40490.000	0.005
40500.000	0.005
40510.000	0.006
40520.000	0.006
40530.000	0.006
40540.000	0.006
40550.000	0.006
40560.000	0.006
40570.000	0.006
40580.000	0.006
40590.000	0.005
40600.000	0.004
40610.000	0.005
40620.000	0.006
40630.000	0.006
40640.000	0.005
40650.000	0.005
40660.000	0.006
40670.000	0.005
40680.000	0.005
40690.000	0.005
40700.000	0.005
40710.000	0.005
40720.000	0.004
40730.000	0.006
40740.000	0.005
40750.000	0.005
40760.000	0.006
40770.000	0.005
40780.000	0.005
40790.000	0.006
40800.000	0.004
40810.000	0.005
40820.000	0.005
40830.000	0.006
40840.000	0.005
40850.000	0.005
40860.000	0.005
40870.000	0.006
40880.000	0.005
40890.000	0.005
40900.000	0.005
40910.000	0.005
40920.000	0.005
40930.000	0.004
40940.000	0.005
40950.000	0.004
40960.000	0.005
40970.000	0.004
40980.000	0.004
40990.000	0.004
41000.000	0.005
41010.000	0.006
41020.000	0.005
41030.000	0.004
41040.000	0.005
41050.000	0.005
41060.000	0.005
41070.000	0.004
41080.000	0.005
41090.000	0.005
41100.000	0.004
41110.000	0.005
41120.000	0.004
41130.000	0.005
41140.000	0.004
41150.000	0.004
41160.000	0.004
41170.000	0.004
41180.000	0.004
41190.000	0.004
41200.000	0.004
41210.000	0.005
41220.000	0.005
41230.000	0.004
41240.000	0.004
41250.000	0.004
41260.000	0.004
41270.000	0.003
41280.000	0.004
41290.000	0.004
41300.000	0.004
41310.000	0.004
41320.000	0.004
41330.000	0.003
41340.000	0.003
41350.000	0.004
41360.000	0.004
41370.000	0.004
41380.000	0.003
41390.000	0.003
41400.000	0.004
41410.000	0.004
41420.000	0.003
41430.000	0.003
41440.000	0.004
41450.000	0.004
41460.000	0.004
41470.000	0.004
41480.000	0.003
41490.000	0.003
41500.000	0.004
41510.000	0.004
41520.000	0.004
41530.000	0.004
41540.000	0.004
41550.000	0.004
41560.000	0.003
41570.000	0.003
41580.000	0.003
41590.000	0.003
41600.000	0.003
41610.000	0.004
41620.000	0.003
41630.000	0.004
41640.000	0.003
41650.000	0.004
41660.000	0.003
41670.000	0.003
41680.000	0.003
41690.000	0.003
41700.000	0.003
41710.000	0.003
41720.000	0.004
41730.000	0.004
41740.000	0.003
41750.000	0.004
41760.000	0.004
41770.000	0.004
41780.000	0.003
41790.000	0.004
41800.000	0.003
41810.000	0.003
41820.000	0.003
41830.000	0.003
41840.000	0.003
41850.000	0.003
41860.000	0.003
41870.000	0.003
41880.000	0.003
41890.000	0.003
41900.000	0.003
41910.000	0.003
41920.000	0.003
41930.000	0.003
41940.000	0.003
41950.000	0.003
41960.000	0.002
41970.000	0.003
41980.000	0.003
41990.000	0.003
42000.000	0.003
42010.000	0.002
42020.000	0.003
42030.000	0.002
42040.000	0.003
42050.000	0.003
42060.000	0.004
42070.000	0.003
42080.000	0.003
42090.000	0.003
42100.000	0.003
42110.000	0.003
42120.000	0.002
42130.000	0.002
42140.000	0.003
42150.000	0.003
42160.000	0.003
42170.000	0.003
42180.000	0.003
42190.000	0.003
42200.000	0.002
42210.000	0.002
42220.000	0.003
42230.000	0.002
42240.000	0.003
42250.000	0.004
42260.000	0.002
42270.000	0.003
42280.000	0.003
42290.000	0.003
42300.000	0.002
42310.000	0.003
42320.000	0.003
42330.000	0.002
42340.000	0.003
42350.000	0.003
42360.000	0.003
42370.000	0.002
42380.000	0.002
42390.000	0.002
42400.000	0.002
42410.000	0.003
42420.000	0.003
42430.000	0.003
42440.000	0.002
42450.000	0.002
42460.000	0.003
42470.000	0.002
42480.000	0.002
42490.000	0.003
42500.000	0.002
42510.000	0.002
42520.000	0.002
42530.000	0.002
42540.000	0.003
42550.000	0.003
42560.000	0.002
42570.000	0.002
42580.000	0.002
42590.000	0.002
42600.000	0.003
42610.000	0.002
42620.000	0.002
42630.000	0.002
42640.000	0.002
42650.000	0.002
42660.000	0.002
42670.000	0.002
42680.000	0.003
42690.000	0.002
42700.000	0.002
42710.000	0.002
42720.000	0.002
42730.000	0.001
42740.000	0.002
42750.000	0.002
42760.000	0.002
42770.000	0.002
42780.000	0.003
42790.000	0.003
42800.000	0.002
42810.000	0.002
42820.000	0.002
42830.000	0.002
42840.000	0.002
42850.000	0.002
42860.000	0.002
42870.000	0.003
42880.000	0.002
42890.000	0.003
42900.000	0.002
42910.000	0.002
42920.000	0.002
42930.000	0.002
42940.000	0.002
42950.000	0.002
42960.000	0.002
42970.000	0.002
42980.000	0.002
42990.000	0.002
43000.000	0.002
43010.000	0.002
43020.000	0.002
43030.000	0.002
43040.000	0.002
43050.000	0.002
43060.000	0.002
43070.000	0.002
43080.000	0.002
43090.000	0.002
43100.000	0.002
43110.000	0.002
43120.000	0.002
43130.000	0.002
43140.000	0.003
43150.000	0.002
43160.000	0.002
43170.000	0.002
43180.000	0.001
43190.000	0.002
43200.000	0.002
43210.000	0.002
43220.000	0.002
43230.000	0.002
43240.000	0.003
43250.000	0.001
43260.000	0.002
43270.000	0.002
43280.000	0.002
43290.000	0.001
43300.000	0.001
43310.000	0.002
43320.000	0.002
43330.000	0.002
43340.000	0.002
43350.000	0.002
43360.000	0.002
43370.000	0.002
43380.000	0.002
43390.000	0.002
43400.000	0.002
43410.000	0.002
43420.000	0.002
43430.000	0.003
43440.000	0.002
43450.000	0.001
43460.000	0.002
43470.000	0.002
43480.000	0.001
43490.000	0.002
43500.000	0.002
43510.000	0.002
43520.000	0.002
43530.000	0.001
43540.000	0.002
43550.000	0.002
43560.000	0.002
43570.000	0.002
43580.000	0.002
43590.000	0.002
43600.000	0.002
43610.000	0.002
43620.000	0.002
43630.000	0.002
43640.000	0.002
43650.000	0.002
43660.000	0.002
43670.000	0.002
43680.000	0.002
43690.000	0.001
43700.000	0.002
43710.000	0.002
43720.000	0.001
43730.000	0.001
43740.000	0.002
43750.000	0.002
43760.000	0.002
43770.000	0.001
43780.000	0.002
43790.000	0.002
43800.000	0.002
43810.000	0.002
43820.000	0.002
43830.000	0.002
43840.000	0.002
43850.000	0.002
43860.000	0.002
43870.000	0.002
43880.000	0.002
43890.000	0.001
43900.000	0.002
43910.000	0.001
43920.000	0.001
43930.000	0.002
43940.000	0.002
43950.000	0.001
43960.000	0.001
43970.000	0.002
43980.000	0.001
43990.000	0.001
44000.000	0.001
44010.000	0.001
44020.000	0.002
44030.000	0.002
44040.000	0.001
44050.000	0.002
44060.000	0.001
44070.000	0.002
44080.000	0.001
44090.000	0.002
44100.000	0.002
44110.000	0.003
44120.000	0.002
44130.000	0.002
44140.000	0.002
44150.000	0.001
44160.000	0.002
44170.000	0.002
44180.000	0.002
44190.000	0.002
44200.000	0.002
44210.000	0.001
44220.000	0.002
44230.000	0.002
44240.000	0.002
44250.000	0.001
44260.000	0.002
44270.000	0.001
44280.000	0.002
44290.000	0.001
44300.000	0.001
44310.000	0.001
44320.000	0.001
44330.000	0.001
44340.000	0.002
44350.000	0.002
44360.000	0.002
44370.000	0.001
44380.000	0.001
44390.000	0.001
44400.000	0.001
44410.000	0.001
44420.000	0.002
44430.000	0.002
44440.000	0.001
44450.000	0.002
44460.000	0.001
44470.000	0.002
44480.000	0.002
44490.000	0.002
44500.000	0.001
44510.000	0.001
44520.000	0.001
44530.000	0.001
44540.000	0.002
44550.000	0.002
44560.000	0.002
44570.000	0.001
44580.000	0.001
44590.000	0.002
44600.000	0.001
44610.000	0.001
44620.000	0.001
44630.000	0.002
44640.000	0.001
44650.000	0.002
44660.000	0.001
44670.000	0.001
44680.000	0.002
44690.000	0.001
44700.000	0.002
44710.000	0.002
44720.000	0.001
44730.000	0.001
44740.000	0.001
44750.000	0.002
44760.000	0.002
44770.000	0.001
44780.000	0.001
44790.000	0.001
44800.000	0.001
44810.000	0.001
44820.000	0.002
44830.000	0.002
44840.000	0.002
44850.000	0.001
44860.000	0.001
44870.000	0.002
44880.000	0.001
44890.000	0.001
44900.000	0.001
44910.000	0.001
44920.000	0.001
44930.000	0.001
44940.000	0.002
44950.000	0.001
44960.000	0.002
44970.000	0.001
44980.000	0.001
44990.000	0.001
45000.000	0.002
45010.000	0.002
45020.000	0.001
45030.000	0.001
45040.000	0.001
45050.000	0.002
45060.000	0.001
45070.000	0.001
45080.000	0.002
45090.000	0.001
45100.000	0.001
45110.000	0.001
45120.000	0.001
45130.000	0.001
45140.000	0.001
45150.000	0.001
45160.000	0.001
45170.000	0.001
45180.000	0.001
45190.000	0.002
45200.000	0.002
45210.000	0.001
45220.000	0.002
45230.000	0.002
45240.000	0.001
45250.000	0.001
45260.000	0.001
45270.000	0.001
45280.000	0.002
45290.000	0.001
45300.000	0.001
45310.000	0.001
45320.000	0.001
45330.000	0.002
45340.000	0.000
45350.000	0.002
45360.000	0.001
45370.000	0.001
45380.000	0.001
45390.000	0.001
45400.000	0.001
45410.000	0.001
45420.000	0.000
45430.000	0.000
45440.000	0.001
45450.000	0.002
45460.000	0.001
45470.000	0.002
45480.000	0.002
45490.000	0.001
45500.000	0.001
45510.000	0.001
45520.000	0.001
45530.000	0.002
45540.000	0.001
45550.000	0.001
45560.000	0.001
45570.000	0.001
45580.000	0.002
45590.000	0.001
45600.000	0.001
45610.000	0.001
45620.000	0.001
45630.000	0.001
45640.000	0.001
45650.000	0.001
45660.000	0.002
45670.000	0.001
45680.000	0.001
45690.000	0.001
45700.000	0.001
45710.000	0.001
45720.000	0.001
45730.000	0.001
45740.000	0.001
45750.000	0.001
45760.000	0.001
45770.000	0.001
45780.000	0.001
45790.000	0.001
45800.000	0.001
45810.000	0.000
45820.000	0.001
45830.000	0.001
45840.000	0.001
45850.000	0.001
45860.000	0.002
45870.000	0.001
45880.000	0.000
45890.000	0.001
45900.000	0.001
45910.000	0.001
45920.000	0.001
45930.000	0.001
45940.000	0.001
45950.000	0.001
45960.000	0.000
45970.000	0.000
45980.000	0.001
45990.000	0.001
46000.000	0.001
46010.000	0.001
46020.000	0.001
46030.000	0.000
46040.000	0.001
46050.000	0.001
46060.000	0.000
46070.000	0.001
46080.000	0.001
46090.000	0.001
46100.000	0.001
46110.000	0.001
46120.000	0.001
46130.000	0.001
46140.000	0.001
46150.000	0.001
46160.000	0.001
46170.000	0.001
46180.000	0.001
46190.000	0.001
46200.000	0.002
46210.000	0.001
46220.000	0.001
46230.000	0.001
46240.000	0.001
46250.000	0.000
46260.000	0.001
46270.000	0.002
46280.000	0.001
46290.000	0.001
46300.000	0.001
46310.000	0.002
46320.000	0.002
46330.000	0.001
46340.000	0.001
46350.000	0.001
46360.000	0.001
46370.000	0.001
46380.000	0.000
46390.000	0.001
46400.000	0.001
46410.000	0.001
46420.000	0.001
46430.000	0.001
46440.000	0.001
46450.000	0.001
46460.000	0.001
46470.000	0.001
46480.000	0.001
46490.000	0.001
46500.000	0.002
46510.000	0.001
46520.000	0.001
46530.000	0.001
46540.000	0.000
46550.000	0.001
46560.000	0.001
46570.000	0.001
46580.000	0.000
46590.000	0.001
46600.000	0.001
46610.000	0.001
46620.000	0.000
46630.000	0.001
46640.000	0.001
46650.000	0.001
46660.000	0.001
46670.000	0.001
46680.000	0.001
46690.000	0.001
46700.000	0.001
46710.000	0.001
46720.000	0.001
46730.000	0.001
46740.000	0.002
46750.000	0.001
46760.000	0.001
46770.000	0.001
46780.000	0.001
46790.000	0.002
46800.000	0.001
46810.000	0.001
46820.000	0.002
46830.000	0.001
46840.000	0.001
46850.000	0.001
46860.000	0.001
46870.000	0.001
46880.000	0.001
46890.000	0.001
46900.000	0.001
46910.000	0.000
46920.000	0.001
46930.000	0.001
46940.000	0.001
46950.000	0.000
46960.000	0.000
46970.000	0.001
46980.000	0.001
46990.000	0.002
47000.000	0.002
47010.000	0.002
47020.000	0.001
47030.000	0.001
47040.000	0.000
47050.000	0.000
47060.000	0.001
47070.000	0.001
47080.000	0.001
47090.000	0.001
47100.000	0.001
47110.000	0.001
47120.000	0.001
47130.000	0.001
47140.000	0.001
47150.000	0.001
47160.000	0.001
47170.000	0.001
47180.000	0.000
47190.000	0.001
47200.000	0.001
47210.000	0.000
47220.000	0.002
47230.000	0.001
47240.000	0.001
47250.000	0.000
47260.000	0.001
47270.000	0.001
47280.000	0.001
47290.000	0.002
47300.000	0.001
47310.000	0.001
47320.000	0.001
47330.000	0.001
47340.000	0.000
47350.000	0.001
47360.000	0.001
47370.000	0.001
47380.000	0.001
47390.000	0.001
47400.000	0.001
47410.000	0.001
47420.000	0.001
47430.000	0.001
47440.000	0.001
47450.000	0.001
47460.000	0.001
47470.000	0.001
47480.000	0.001
47490.000	0.000
47500.000	0.001
47510.000	0.001
47520.000	0.001
47530.000	0.001
47540.000	0.001
47550.000	0.001
47560.000	0.000
47570.000	0.001
47580.000	0.000
47590.000	0.001
47600.000	0.000
47610.000	0.001
47620.000	0.001
47630.000	0.001
47640.000	0.001
47650.000	0.001
47660.000	0.000
47670.000	0.001
47680.000	0.001
47690.000	0.001
47700.000	0.001
47710.000	0.001
47720.000	0.001
47730.000	0.000
47740.000	0.001
47750.000	0.000
47760.000	0.000
47770.000	0.001
47780.000	0.001
47790.000	0.001
47800.000	0.001
47810.000	0.001
47820.000	0.001
47830.000	0.000
47840.000	0.000
47850.000	0.001
47860.000	0.001
47870.000	0.001
47880.000	0.001
47890.000	0.001
47900.000	0.001
47910.000	0.001
47920.000	0.001
47930.000	0.001
47940.000	0.001
47950.000	0.001
47960.000	0.001
47970.000	0.001
47980.000	0.000
47990.000	0.002
48000.000	0.001
48010.000	0.001
48020.000	0.001
48030.000	0.001
48040.000	0.001
48050.000	0.001
48060.000	0.000
48070.000	0.001
48080.000	0.001
48090.000	0.001
48100.000	0.000
48110.000	0.001
48120.000	0.001
48130.000	0.001
48140.000	0.001
48150.000	0.000
48160.000	0.000
48170.000	0.001
48180.000	0.001
48190.000	0.001
48200.000	0.001
48210.000	0.000
48220.000	0.000
48230.000	0.001
48240.000	0.001
48250.000	0.001
48260.000	0.000
48270.000	0.001
48280.000	0.000
48290.000	0.000
48300.000	0.001
48310.000	0.000
48320.000	0.001
48330.000	0.001
48340.000	0.001
48350.000	0.001
48360.000	0.001
48370.000	0.001
48380.000	0.001
48390.000	0.000
48400.000	0.000
48410.000	0.000
48420.000	0.000
48430.000	0.001
48440.000	0.001
48450.000	0.001
48460.000	0.001
48470.000	0.001
48480.000	0.001
48490.000	0.000
48500.000	0.001
