10.000	0.811
20.000	0.787
30.000	0.791
40.000	0.791
50.000	0.818
60.000	0.789
70.000	0.793
80.000	0.802
90.000	0.805
100.000	0.809
110.000	0.801
120.000	0.812
130.000	0.821
140.000	0.804
150.000	0.817
160.000	0.805
170.000	0.807
180.000	0.814
190.000	0.792
200.000	0.788
210.000	0.788
220.000	0.794
230.000	0.816
240.000	0.804
250.000	0.812
260.000	0.796
270.000	0.807
280.000	0.823
290.000	0.798
300.000	0.809
310.000	0.799
320.000	0.829
330.000	0.794
340.000	0.777
350.000	0.793
360.000	0.781
370.000	0.771
380.000	0.753
390.000	0.765
400.000	0.742
410.000	0.749
420.000	0.738
430.000	0.761
440.000	0.774
450.000	0.766
460.000	0.755
470.000	0.769
480.000	0.800
490.000	0.774
500.000	0.763
510.000	0.758
520.000	0.755
530.000	0.779
540.000	0.790
550.000	0.797
560.000	0.798
570.000	0.793
580.000	0.815
590.000	0.808
600.000	0.797
610.000	0.782
620.000	0.806
630.000	0.801
640.000	0.801
650.000	0.785
660.000	0.779
670.000	0.808
680.000	0.784
690.000	0.764
700.000	0.767
710.000	0.772
720.000	0.754
730.000	0.757
740.000	0.765
750.000	0.742
760.000	0.782
770.000	0.788
780.000	0.780
790.000	0.790
800.000	0.758
810.000	0.757
820.000	0.756
830.000	0.768
840.000	0.771
850.000	0.739
860.000	0.759
870.000	0.730
880.000	0.758
890.000	0.759
900.000	0.749
910.000	0.743
920.000	0.761
930.000	0.777
940.000	0.778
950.000	0.754
960.000	0.766
970.000	0.784
980.000	0.781
990.000	0.787
1000.000	0.799
1010.000	0.811
1020.000	0.806
1030.000	0.799
1040.000	0.782
1050.000	0.780
1060.000	0.768
1070.000	0.776
1080.000	0.781
1090.000	0.754
1100.000	0.775
1110.000	0.780
1120.000	0.775
1130.000	0.763
1140.000	0.765
1150.000	0.761
1160.000	0.758
1170.000	0.752
1180.000	0.752
1190.000	0.779
1200.000	0.794
1210.000	0.786
1220.000	0.806
1230.000	0.791
1240.000	0.779
1250.000	0.780
1260.000	0.766
1270.000	0.770
1280.000	0.767
1290.000	0.799
1300.000	0.797
1310.000	0.813
1320.000	0.800
1330.000	0.807
1340.000	0.814
1350.000	0.821
1360.000	0.821
1370.000	0.837
1380.000	0.823
1390.000	0.818
1400.000	0.801
1410.000	0.791
1420.000	0.806
1430.000	0.800
1440.000	0.822
1450.000	0.817
1460.000	0.823
1470.000	0.839
1480.000	0.800
1490.000	0.821
1500.000	0.811
1510.000	0.791
1520.000	0.802
1530.000	0.845
1540.000	0.837
1550.000	0.819
1560.000	0.817
1570.000	0.825
1580.000	0.817
1590.000	0.797
1600.000	0.804
1610.000	0.797
1620.000	0.780
1630.000	0.798
1640.000	0.816
1650.000	0.823
1660.000	0.818
1670.000	0.804
1680.000	0.828
1690.000	0.816
1700.000	0.846
1710.000	0.860
1720.000	0.864
1730.000	0.836
1740.000	0.832
1750.000	0.836
1760.000	0.858
1770.000	0.853
1780.000	0.841
1790.000	0.848
1800.000	0.846
1810.000	0.830
1820.000	0.834
1830.000	0.838
1840.000	0.843
1850.000	0.839
1860.000	0.865
1870.000	0.868
1880.000	0.878
1890.000	0.861
1900.000	0.844
1910.000	0.867
1920.000	0.860
1930.000	0.879
1940.000	0.874
1950.000	0.901
1960.000	0.876
1970.000	0.882
1980.000	0.879
1990.000	0.849
2000.000	0.859
2010.000	0.867
2020.000	0.853
2030.000	0.863
2040.000	0.856
2050.000	0.857
2060.000	0.861
2070.000	0.870
2080.000	0.877
2090.000	0.868
2100.000	0.900
2110.000	0.896
2120.000	0.929
2130.000	0.920
2140.000	0.952
2150.000	0.960
2160.000	0.941
2170.000	0.927
2180.000	0.949
2190.000	0.930
2200.000	0.934
2210.000	0.928
2220.000	0.947
2230.000	0.993
2240.000	0.986
2250.000	1.002
2260.000	1.002
2270.000	1.004
2280.000	1.001
2290.000	1.001
2300.000	1.029
2310.000	1.033
2320.000	1.041
2330.000	1.041
2340.000	1.024
2350.000	1.025
2360.000	1.056
2370.000	1.040
2380.000	1.049
2390.000	1.055
2400.000	1.071
2410.000	1.052
2420.000	1.061
2430.000	1.082
2440.000	1.103
2450.000	1.110
2460.000	1.115
2470.000	1.141
2480.000	1.128
2490.000	1.168
2500.000	1.172
2510.000	1.141
2520.000	1.168
2530.000	1.200
2540.000	1.214
2550.000	1.196
2560.000	1.197
2570.000	1.212
2580.000	1.242
2590.000	1.268
2600.000	1.284
2610.000	1.347
2620.000	1.329
2630.000	1.295
2640.000	1.342
2650.000	1.353
2660.000	1.384
2670.000	1.394
2680.000	1.384
2690.000	1.371
2700.000	1.375
2710.000	1.409
2720.000	1.385
2730.000	1.413
2740.000	1.398
2750.000	1.443
2760.000	1.459
2770.000	1.477
2780.000	1.457
2790.000	1.464
2800.000	1.431
2810.000	1.442
2820.000	1.470
2830.000	1.455
2840.000	1.458
2850.000	1.496
2860.000	1.544
2870.000	1.504
2880.000	1.529
2890.000	1.552
2900.000	1.595
2910.000	1.599
2920.000	1.623
2930.000	1.607
2940.000	1.650
2950.000	1.677
2960.000	1.682
2970.000	1.682
2980.000	1.697
2990.000	1.713
3000.000	1.738
3010.000	1.754
3020.000	1.761
3030.000	1.770
3040.000	1.791
3050.000	1.778
3060.000	1.774
3070.000	1.830
3080.000	1.852
3090.000	1.836
3100.000	1.809
3110.000	1.815
3120.000	1.826
3130.000	1.797
3140.000	1.834
3150.000	1.794
3160.000	1.772
3170.000	1.795
3180.000	1.843
3190.000	1.813
3200.000	1.870
3210.000	1.884
3220.000	1.853
3230.000	1.853
3240.000	1.869
3250.000	1.884
3260.000	1.885
3270.000	1.877
3280.000	1.887
3290.000	1.892
3300.000	1.901
3310.000	1.885
3320.000	1.901
3330.000	1.901
3340.000	1.901
3350.000	1.893
3360.000	1.890
3370.000	1.878
3380.000	1.896
3390.000	1.919
3400.000	1.901
3410.000	1.910
3420.000	1.967
3430.000	1.930
3440.000	1.935
3450.000	1.952
3460.000	1.967
3470.000	1.928
3480.000	1.903
3490.000	1.940
3500.000	1.950
3510.000	1.944
3520.000	1.961
3530.000	1.933
3540.000	1.993
3550.000	1.982
3560.000	1.971
3570.000	1.963
3580.000	1.983
3590.000	1.976
3600.000	1.955
3610.000	1.936
3620.000	1.940
3630.000	1.947
3640.000	1.961
3650.000	1.980
3660.000	1.952
3670.000	1.944
3680.000	1.976
3690.000	2.006
3700.000	2.003
3710.000	1.974
3720.000	1.943
3730.000	1.974
3740.000	2.009
3750.000	2.001
3760.000	2.002
3770.000	1.960
3780.000	1.980
3790.000	1.997
3800.000	2.003
3810.000	1.987
3820.000	1.999
3830.000	1.989
3840.000	2.032
3850.000	2.066
3860.000	2.049
3870.000	2.077
3880.000	2.058
3890.000	2.042
3900.000	2.051
3910.000	2.087
3920.000	2.068
3930.000	2.061
3940.000	2.037
3950.000	2.048
3960.000	2.084
3970.000	2.062
3980.000	2.078
3990.000	2.038
4000.000	2.071
4010.000	2.081
4020.000	2.104
4030.000	2.143
4040.000	2.118
4050.000	2.104
4060.000	2.121
4070.000	2.104
4080.000	2.101
4090.000	2.131
4100.000	2.108
4110.000	2.132
4120.000	2.112
4130.000	2.111
4140.000	2.103
4150.000	2.135
4160.000	2.149
4170.000	2.167
4180.000	2.132
4190.000	2.157
4200.000	2.160
4210.000	2.172
4220.000	2.148
4230.000	2.145
4240.000	2.136
4250.000	2.153
4260.000	2.144
4270.000	2.164
4280.000	2.153
4290.000	2.147
4300.000	2.165
4310.000	2.197
4320.000	2.194
4330.000	2.164
4340.000	2.184
4350.000	2.176
4360.000	2.130
4370.000	2.159
4380.000	2.165
4390.000	2.203
4400.000	2.187
4410.000	2.234
4420.000	2.220
4430.000	2.171
4440.000	2.202
4450.000	2.222
4460.000	2.176
4470.000	2.180
4480.000	2.184
4490.000	2.196
4500.000	2.195
4510.000	2.200
4520.000	2.219
4530.000	2.193
4540.000	2.138
4550.000	2.148
4560.000	2.165
4570.000	2.196
4580.000	2.213
4590.000	2.204
4600.000	2.158
4610.000	2.164
4620.000	2.200
4630.000	2.221
4640.000	2.229
4650.000	2.240
4660.000	2.197
4670.000	2.194
4680.000	2.192
4690.000	2.220
4700.000	2.246
4710.000	2.257
4720.000	2.249
4730.000	2.225
4740.000	2.267
4750.000	2.264
4760.000	2.274
4770.000	2.267
4780.000	2.261
4790.000	2.278
4800.000	2.253
4810.000	2.229
4820.000	2.261
4830.000	2.251
4840.000	2.196
4850.000	2.237
4860.000	2.215
4870.000	2.239
4880.000	2.275
4890.000	2.236
4900.000	2.215
4910.000	2.229
4920.000	2.217
4930.000	2.182
4940.000	2.229
4950.000	2.268
4960.000	2.235
4970.000	2.243
4980.000	2.249
4990.000	2.240
5000.000	2.242
5010.000	2.221
5020.000	2.244
5030.000	2.208
5040.000	2.169
5050.000	2.182
5060.000	2.241
5070.000	2.217
5080.000	2.249
5090.000	2.263
5100.000	2.249
5110.000	2.248
5120.000	2.219
5130.000	2.227
5140.000	2.273
5150.000	2.259
5160.000	2.264
5170.000	2.246
5180.000	2.290
5190.000	2.295
5200.000	2.259
5210.000	2.249
5220.000	2.249
5230.000	2.200
5240.000	2.198
5250.000	2.190
5260.000	2.126
5270.000	2.179
5280.000	2.151
5290.000	2.171
5300.000	2.182
5310.000	2.193
5320.000	2.180
5330.000	2.225
5340.000	2.216
5350.000	2.222
5360.000	2.199
5370.000	2.182
5380.000	2.198
5390.000	2.233
5400.000	2.213
5410.000	2.184
5420.000	2.207
5430.000	2.176
5440.000	2.227
5450.000	2.240
5460.000	2.246
5470.000	2.216
5480.000	2.227
5490.000	2.271
5500.000	2.295
5510.000	2.314
5520.000	2.288
5530.000	2.300
5540.000	2.326
5550.000	2.330
5560.000	2.339
5570.000	2.272
5580.000	2.262
5590.000	2.298
5600.000	2.273
5610.000	2.245
5620.000	2.262
5630.000	2.267
5640.000	2.295
5650.000	2.264
5660.000	2.281
5670.000	2.284
5680.000	2.303
5690.000	2.316
5700.000	2.372
5710.000	2.372
5720.000	2.352
5730.000	2.360
5740.000	2.344
5750.000	2.354
5760.000	2.315
5770.000	2.302
5780.000	2.327
5790.000	2.297
5800.000	2.338
5810.000	2.339
5820.000	2.347
5830.000	2.326
5840.000	2.332
5850.000	2.329
5860.000	2.366
5870.000	2.362
5880.000	2.348
5890.000	2.387
5900.000	2.373
5910.000	2.347
5920.000	2.347
5930.000	2.402
5940.000	2.403
5950.000	2.400
5960.000	2.375
5970.000	2.356
5980.000	2.361
5990.000	2.382
6000.000	2.346
6010.000	2.393
6020.000	2.365
6030.000	2.380
6040.000	2.384
6050.000	2.384
6060.000	2.393
6070.000	2.392
6080.000	2.364
6090.000	2.351
6100.000	2.374
6110.000	2.375
6120.000	2.441
6130.000	2.401
6140.000	2.362
6150.000	2.359
6160.000	2.376
6170.000	2.359
6180.000	2.382
6190.000	2.381
6200.000	2.348
6210.000	2.334
6220.000	2.343
6230.000	2.355
6240.000	2.350
6250.000	2.374
6260.000	2.369
6270.000	2.420
6280.000	2.415
6290.000	2.425
6300.000	2.415
6310.000	2.415
6320.000	2.379
6330.000	2.370
6340.000	2.375
6350.000	2.383
6360.000	2.411
6370.000	2.418
6380.000	2.391
6390.000	2.401
6400.000	2.414
6410.000	2.400
6420.000	2.388
6430.000	2.365
6440.000	2.363
6450.000	2.372
6460.000	2.396
6470.000	2.374
6480.000	2.422
6490.000	2.436
6500.000	2.449
6510.000	2.413
6520.000	2.428
6530.000	2.427
6540.000	2.424
6550.000	2.444
6560.000	2.406
6570.000	2.423
6580.000	2.431
6590.000	2.436
6600.000	2.437
6610.000	2.410
6620.000	2.443
6630.000	2.482
6640.000	2.471
6650.000	2.470
6660.000	2.466
6670.000	2.425
6680.000	2.443
6690.000	2.442
6700.000	2.475
6710.000	2.455
6720.000	2.450
6730.000	2.444
6740.000	2.481
6750.000	2.439
6760.000	2.472
6770.000	2.448
6780.000	2.481
6790.000	2.450
6800.000	2.457
6810.000	2.400
6820.000	2.399
6830.000	2.423
6840.000	2.415
6850.000	2.398
6860.000	2.408
6870.000	2.434
6880.000	2.419
6890.000	2.472
6900.000	2.502
6910.000	2.497
6920.000	2.495
6930.000	2.476
6940.000	2.472
6950.000	2.440
6960.000	2.480
6970.000	2.475
6980.000	2.474
6990.000	2.433
7000.000	2.432
7010.000	2.466
7020.000	2.481
7030.000	2.443
7040.000	2.456
7050.000	2.456
7060.000	2.457
7070.000	2.433
7080.000	2.445
7090.000	2.470
7100.000	2.471
7110.000	2.494
7120.000	2.487
7130.000	2.507
7140.000	2.494
7150.000	2.460
7160.000	2.478
7170.000	2.459
7180.000	2.474
7190.000	2.470
7200.000	2.480
7210.000	2.478
7220.000	2.522
7230.000	2.522
7240.000	2.488
7250.000	2.493
7260.000	2.514
7270.000	2.508
7280.000	2.536
7290.000	2.493
7300.000	2.487
7310.000	2.471
7320.000	2.449
7330.000	2.490
7340.000	2.488
7350.000	2.506
7360.000	2.516
7370.000	2.476
7380.000	2.471
7390.000	2.475
7400.000	2.502
7410.000	2.524
7420.000	2.508
7430.000	2.489
7440.000	2.486
7450.000	2.502
7460.000	2.515
7470.000	2.518
7480.000	2.515
7490.000	2.544
7500.000	2.549
7510.000	2.547
7520.000	2.513
7530.000	2.542
7540.000	2.497
7550.000	2.466
7560.000	2.504
7570.000	2.464
7580.000	2.509
7590.000	2.521
7600.000	2.554
7610.000	2.521
7620.000	2.507
7630.000	2.510
7640.000	2.527
7650.000	2.536
7660.000	2.540
7670.000	2.491
7680.000	2.490
7690.000	2.502
7700.000	2.548
7710.000	2.531
7720.000	2.517
7730.000	2.544
7740.000	2.498
7750.000	2.489
7760.000	2.503
7770.000	2.477
7780.000	2.502
7790.000	2.472
7800.000	2.521
7810.000	2.493
7820.000	2.477
7830.000	2.482
7840.000	2.497
7850.000	2.516
7860.000	2.504
7870.000	2.495
7880.000	2.490
7890.000	2.511
7900.000	2.558
7910.000	2.547
7920.000	2.562
7930.000	2.563
7940.000	2.535
7950.000	2.527
7960.000	2.539
7970.000	2.547
7980.000	2.558
7990.000	2.573
8000.000	2.570
8010.000	2.577
8020.000	2.584
8030.000	2.567
8040.000	2.569
8050.000	2.566
8060.000	2.584
8070.000	2.577
8080.000	2.552
8090.000	2.544
8100.000	2.551
8110.000	2.543
8120.000	2.546
8130.000	2.555
8140.000	2.565
8150.000	2.502
8160.000	2.529
8170.000	2.513
8180.000	2.524
8190.000	2.489
8200.000	2.518
8210.000	2.516
8220.000	2.541
8230.000	2.545
8240.000	2.524
8250.000	2.538
8260.000	2.548
8270.000	2.551
8280.000	2.562
8290.000	2.529
8300.000	2.554
8310.000	2.552
8320.000	2.590
8330.000	2.560
8340.000	2.550
8350.000	2.506
8360.000	2.521
8370.000	2.484
8380.000	2.518
8390.000	2.544
8400.000	2.543
8410.000	2.550
8420.000	2.509
8430.000	2.537
8440.000	2.572
8450.000	2.581
8460.000	2.564
8470.000	2.561
8480.000	2.524
8490.000	2.497
8500.000	2.495
8510.000	2.492
8520.000	2.476
8530.000	2.501
8540.000	2.512
8550.000	2.502
8560.000	2.528
8570.000	2.525
8580.000	2.566
8590.000	2.548
8600.000	2.549
8610.000	2.554
8620.000	2.581
8630.000	2.561
8640.000	2.572
8650.000	2.561
8660.000	2.531
8670.000	2.535
8680.000	2.546
8690.000	2.553
8700.000	2.515
8710.000	2.531
8720.000	2.540
8730.000	2.557
8740.000	2.619
8750.000	2.567
8760.000	2.577
8770.000	2.586
8780.000	2.559
8790.000	2.510
8800.000	2.534
8810.000	2.546
8820.000	2.532
8830.000	2.567
8840.000	2.601
8850.000	2.546
8860.000	2.557
8870.000	2.550
8880.000	2.537
8890.000	2.538
8900.000	2.590
8910.000	2.614
8920.000	2.596
8930.000	2.562
8940.000	2.573
8950.000	2.541
8960.000	2.582
8970.000	2.563
8980.000	2.537
8990.000	2.537
9000.000	2.547
9010.000	2.549
9020.000	2.535
9030.000	2.515
9040.000	2.538
9050.000	2.571
9060.000	2.559
9070.000	2.560
9080.000	2.565
9090.000	2.493
9100.000	2.484
9110.000	2.515
9120.000	2.522
9130.000	2.516
9140.000	2.496
9150.000	2.557
9160.000	2.516
9170.000	2.536
9180.000	2.544
9190.000	2.532
9200.000	2.516
9210.000	2.549
9220.000	2.539
9230.000	2.506
9240.000	2.522
9250.000	2.547
9260.000	2.515
9270.000	2.499
9280.000	2.563
9290.000	2.551
9300.000	2.521
9310.000	2.511
9320.000	2.494
9330.000	2.508
9340.000	2.553
9350.000	2.565
9360.000	2.568
9370.000	2.576
9380.000	2.587
9390.000	2.585
9400.000	2.600
9410.000	2.570
9420.000	2.561
9430.000	2.589
9440.000	2.619
9450.000	2.603
9460.000	2.590
9470.000	2.592
9480.000	2.568
9490.000	2.547
9500.000	2.559
9510.000	2.554
9520.000	2.588
9530.000	2.585
9540.000	2.562
9550.000	2.544
9560.000	2.540
9570.000	2.567
9580.000	2.523
9590.000	2.546
9600.000	2.528
9610.000	2.517
9620.000	2.524
9630.000	2.517
9640.000	2.538
9650.000	2.589
9660.000	2.548
9670.000	2.555
9680.000	2.536
9690.000	2.534
9700.000	2.574
9710.000	2.578
9720.000	2.571
9730.000	2.597
9740.000	2.588
9750.000	2.582
9760.000	2.576
9770.000	2.560
9780.000	2.534
9790.000	2.532
9800.000	2.553
9810.000	2.574
9820.000	2.584
9830.000	2.606
9840.000	2.609
9850.000	2.574
9860.000	2.597
9870.000	2.625
9880.000	2.640
9890.000	2.599
9900.000	2.623
9910.000	2.615
9920.000	2.589
9930.000	2.598
9940.000	2.596
9950.000	2.591
9960.000	2.598
9970.000	2.608
9980.000	2.590
9990.000	2.609
10000.000	2.571
10010.000	2.559
10020.000	2.562
10030.000	2.571
10040.000	2.561
10050.000	2.582
10060.000	2.589
10070.000	2.609
10080.000	2.581
10090.000	2.581
10100.000	2.557
10110.000	2.565
10120.000	2.604
10130.000	2.581
10140.000	2.579
10150.000	2.584
10160.000	2.586
10170.000	2.575
10180.000	2.571
10190.000	2.546
10200.000	2.542
10210.000	2.562
10220.000	2.592
10230.000	2.579
10240.000	2.528
10250.000	2.574
10260.000	2.587
10270.000	2.624
10280.000	2.602
10290.000	2.566
10300.000	2.557
10310.000	2.518
10320.000	2.568
10330.000	2.535
10340.000	2.555
10350.000	2.614
10360.000	2.606
10370.000	2.588
10380.000	2.586
10390.000	2.575
10400.000	2.547
10410.000	2.602
10420.000	2.620
10430.000	2.617
10440.000	2.610
10450.000	2.627
10460.000	2.630
10470.000	2.625
10480.000	2.571
10490.000	2.600
10500.000	2.582
10510.000	2.548
10520.000	2.474
10530.000	2.551
10540.000	2.533
10550.000	2.574
10560.000	2.569
10570.000	2.564
10580.000	2.604
10590.000	2.521
10600.000	2.555
10610.000	2.559
10620.000	2.542
10630.000	2.584
10640.000	2.627
10650.000	2.600
10660.000	2.593
10670.000	2.621
10680.000	2.593
10690.000	2.604
10700.000	2.601
10710.000	2.588
10720.000	2.597
10730.000	2.585
10740.000	2.611
10750.000	2.562
10760.000	2.574
10770.000	2.558
10780.000	2.530
10790.000	2.569
10800.000	2.569
10810.000	2.506
10820.000	2.532
10830.000	2.557
10840.000	2.552
10850.000	2.580
10860.000	2.563
10870.000	2.592
10880.000	2.591
10890.000	2.555
10900.000	2.518
10910.000	2.523
10920.000	2.523
10930.000	2.556
10940.000	2.544
10950.000	2.526
10960.000	2.522
10970.000	2.526
10980.000	2.496
10990.000	2.557
11000.000	2.576
11010.000	2.582
11020.000	2.574
11030.000	2.519
11040.000	2.529
11050.000	2.539
11060.000	2.556
11070.000	2.562
11080.000	2.526
11090.000	2.538
11100.000	2.523
11110.000	2.506
11120.000	2.499
11130.000	2.542
11140.000	2.572
11150.000	2.564
11160.000	2.560
11170.000	2.582
11180.000	2.558
11190.000	2.545
11200.000	2.554
11210.000	2.574
11220.000	2.553
11230.000	2.551
11240.000	2.552
11250.000	2.518
11260.000	2.515
11270.000	2.556
11280.000	2.558
11290.000	2.545
11300.000	2.545
11310.000	2.544
11320.000	2.580
11330.000	2.573
11340.000	2.525
11350.000	2.516
11360.000	2.533
11370.000	2.545
11380.000	2.525
11390.000	2.490
11400.000	2.475
11410.000	2.498
11420.000	2.514
11430.000	2.555
11440.000	2.542
11450.000	2.523
11460.000	2.537
11470.000	2.536
11480.000	2.561
11490.000	2.532
11500.000	2.556
11510.000	2.543
11520.000	2.526
11530.000	2.522
11540.000	2.505
11550.000	2.544
11560.000	2.541
11570.000	2.588
11580.000	2.556
11590.000	2.543
11600.000	2.504
11610.000	2.464
11620.000	2.475
11630.000	2.517
11640.000	2.537
11650.000	2.513
11660.000	2.472
11670.000	2.511
11680.000	2.516
11690.000	2.554
11700.000	2.528
11710.000	2.532
11720.000	2.519
11730.000	2.553
11740.000	2.534
11750.000	2.547
11760.000	2.537
11770.000	2.533
11780.000	2.529
11790.000	2.491
11800.000	2.484
11810.000	2.508
11820.000	2.505
11830.000	2.555
11840.000	2.530
11850.000	2.487
11860.000	2.539
11870.000	2.530
11880.000	2.538
11890.000	2.550
11900.000	2.596
11910.000	2.580
11920.000	2.554
11930.000	2.589
11940.000	2.548
11950.000	2.523
11960.000	2.538
11970.000	2.580
11980.000	2.596
11990.000	2.542
12000.000	2.558
12010.000	2.534
12020.000	2.549
12030.000	2.548
12040.000	2.539
12050.000	2.525
12060.000	2.514
12070.000	2.532
12080.000	2.549
12090.000	2.579
12100.000	2.555
12110.000	2.541
12120.000	2.524
12130.000	2.514
12140.000	2.520
12150.000	2.533
12160.000	2.550
12170.000	2.568
12180.000	2.576
12190.000	2.532
12200.000	2.487
12210.000	2.540
12220.000	2.536
12230.000	2.513
12240.000	2.520
12250.000	2.528
12260.000	2.535
12270.000	2.535
12280.000	2.543
12290.000	2.561
12300.000	2.533
12310.000	2.540
12320.000	2.505
12330.000	2.545
12340.000	2.515
12350.000	2.536
12360.000	2.532
12370.000	2.498
12380.000	2.520
12390.000	2.499
12400.000	2.494
12410.000	2.505
12420.000	2.520
12430.000	2.511
12440.000	2.562
12450.000	2.547
12460.000	2.524
12470.000	2.547
12480.000	2.511
12490.000	2.542
12500.000	2.557
12510.000	2.511
12520.000	2.485
12530.000	2.528
12540.000	2.544
12550.000	2.536
12560.000	2.552
12570.000	2.548
12580.000	2.535
12590.000	2.551
12600.000	2.547
12610.000	2.542
12620.000	2.543
12630.000	2.497
12640.000	2.529
12650.000	2.528
12660.000	2.520
12670.000	2.545
12680.000	2.511
12690.000	2.528
12700.000	2.548
12710.000	2.551
12720.000	2.553
12730.000	2.588
12740.000	2.544
12750.000	2.534
12760.000	2.551
12770.000	2.542
12780.000	2.534
12790.000	2.516
12800.000	2.536
12810.000	2.486
12820.000	2.510
12830.000	2.488
12840.000	2.516
12850.000	2.516
12860.000	2.566
12870.000	2.539
12880.000	2.513
12890.000	2.548
12900.000	2.521
12910.000	2.531
12920.000	2.534
12930.000	2.518
12940.000	2.564
12950.000	2.517
12960.000	2.542
12970.000	2.499
12980.000	2.490
12990.000	2.531
13000.000	2.537
13010.000	2.514
13020.000	2.544
13030.000	2.562
13040.000	2.550
13050.000	2.544
13060.000	2.502
13070.000	2.500
13080.000	2.512
13090.000	2.522
13100.000	2.516
13110.000	2.480
13120.000	2.501
13130.000	2.492
13140.000	2.518
13150.000	2.531
13160.000	2.471
13170.000	2.510
13180.000	2.506
13190.000	2.542
13200.000	2.522
13210.000	2.520
13220.000	2.519
13230.000	2.502
13240.000	2.519
13250.000	2.489
13260.000	2.491
13270.000	2.508
13280.000	2.497
13290.000	2.493
13300.000	2.532
13310.000	2.494
13320.000	2.487
13330.000	2.530
13340.000	2.504
13350.000	2.502
13360.000	2.547
13370.000	2.506
13380.000	2.509
13390.000	2.547
13400.000	2.538
13410.000	2.527
13420.000	2.536
13430.000	2.540
13440.000	2.519
13450.000	2.498
13460.000	2.522
13470.000	2.529
13480.000	2.545
13490.000	2.555
13500.000	2.538
13510.000	2.534
13520.000	2.506
13530.000	2.509
13540.000	2.514
13550.000	2.520
13560.000	2.505
13570.000	2.512
13580.000	2.478
13590.000	2.515
13600.000	2.513
13610.000	2.486
13620.000	2.512
13630.000	2.531
13640.000	2.497
13650.000	2.533
13660.000	2.537
13670.000	2.526
13680.000	2.514
13690.000	2.517
13700.000	2.508
13710.000	2.534
13720.000	2.531
13730.000	2.568
13740.000	2.559
13750.000	2.571
13760.000	2.556
13770.000	2.564
13780.000	2.521
13790.000	2.526
13800.000	2.537
13810.000	2.529
13820.000	2.555
13830.000	2.490
13840.000	2.484
13850.000	2.516
13860.000	2.510
13870.000	2.531
13880.000	2.574
13890.000	2.504
13900.000	2.544
13910.000	2.553
13920.000	2.566
13930.000	2.589
13940.000	2.588
13950.000	2.510
13960.000	2.504
13970.000	2.532
13980.000	2.499
13990.000	2.461
14000.000	2.498
14010.000	2.514
14020.000	2.485
14030.000	2.493
14040.000	2.474
14050.000	2.515
14060.000	2.508
14070.000	2.557
14080.000	2.568
14090.000	2.561
14100.000	2.509
14110.000	2.489
14120.000	2.444
14130.000	2.429
14140.000	2.446
14150.000	2.488
14160.000	2.442
14170.000	2.488
14180.000	2.478
14190.000	2.474
14200.000	2.500
14210.000	2.503
14220.000	2.542
14230.000	2.537
14240.000	2.580
14250.000	2.537
14260.000	2.535
14270.000	2.503
14280.000	2.427
14290.000	2.443
14300.000	2.447
14310.000	2.473
14320.000	2.469
14330.000	2.476
14340.000	2.517
14350.000	2.513
14360.000	2.531
14370.000	2.540
14380.000	2.547
14390.000	2.565
14400.000	2.564
14410.000	2.559
14420.000	2.565
14430.000	2.504
14440.000	2.498
14450.000	2.495
14460.000	2.463
14470.000	2.459
14480.000	2.440
14490.000	2.471
14500.000	2.496
14510.000	2.511
14520.000	2.444
14530.000	2.497
14540.000	2.498
14550.000	2.573
14560.000	2.595
14570.000	2.566
14580.000	2.554
14590.000	2.571
14600.000	2.519
14610.000	2.492
14620.000	2.468
14630.000	2.474
14640.000	2.447
14650.000	2.444
14660.000	2.424
14670.000	2.437
14680.000	2.390
14690.000	2.373
14700.000	2.383
14710.000	2.430
14720.000	2.444
14730.000	2.479
14740.000	2.483
14750.000	2.490
14760.000	2.500
14770.000	2.500
14780.000	2.510
14790.000	2.538
14800.000	2.581
14810.000	2.576
14820.000	2.541
14830.000	2.501
14840.000	2.448
14850.000	2.413
14860.000	2.379
14870.000	2.394
14880.000	2.419
14890.000	2.391
14900.000	2.372
14910.000	2.429
14920.000	2.436
14930.000	2.433
14940.000	2.478
14950.000	2.493
14960.000	2.541
14970.000	2.503
14980.000	2.509
14990.000	2.545
15000.000	2.546
15010.000	2.546
15020.000	2.555
15030.000	2.536
15040.000	2.561
15050.000	2.503
15060.000	2.484
15070.000	2.483
15080.000	2.414
15090.000	2.424
15100.000	2.361
15110.000	2.407
15120.000	2.372
15130.000	2.411
15140.000	2.413
15150.000	2.441
15160.000	2.447
15170.000	2.470
15180.000	2.487
15190.000	2.532
15200.000	2.540
15210.000	2.554
15220.000	2.529
15230.000	2.540
15240.000	2.585
15250.000	2.557
15260.000	2.560
15270.000	2.520
15280.000	2.521
15290.000	2.470
15300.000	2.401
15310.000	2.375
15320.000	2.351
15330.000	2.359
15340.000	2.364
15350.000	2.398
15360.000	2.386
15370.000	2.382
15380.000	2.426
15390.000	2.453
15400.000	2.464
15410.000	2.463
15420.000	2.491
15430.000	2.524
15440.000	2.544
15450.000	2.592
15460.000	2.592
15470.000	2.603
15480.000	2.601
15490.000	2.575
15500.000	2.619
15510.000	2.582
15520.000	2.504
15530.000	2.433
15540.000	2.411
15550.000	2.371
15560.000	2.328
15570.000	2.354
15580.000	2.354
15590.000	2.374
15600.000	2.340
15610.000	2.379
15620.000	2.365
15630.000	2.408
15640.000	2.435
15650.000	2.458
15660.000	2.498
15670.000	2.500
15680.000	2.550
15690.000	2.598
15700.000	2.634
15710.000	2.639
15720.000	2.580
15730.000	2.628
15740.000	2.631
15750.000	2.614
15760.000	2.555
15770.000	2.507
15780.000	2.453
15790.000	2.407
15800.000	2.386
15810.000	2.353
15820.000	2.340
15830.000	2.366
15840.000	2.330
15850.000	2.368
15860.000	2.382
15870.000	2.370
15880.000	2.399
15890.000	2.419
15900.000	2.468
15910.000	2.462
15920.000	2.469
15930.000	2.487
15940.000	2.504
15950.000	2.499
15960.000	2.504
15970.000	2.532
15980.000	2.599
15990.000	2.577
16000.000	2.566
16010.000	2.564
16020.000	2.578
16030.000	2.593
16040.000	2.511
16050.000	2.438
16060.000	2.363
16070.000	2.323
16080.000	2.284
16090.000	2.290
16100.000	2.310
16110.000	2.306
16120.000	2.310
16130.000	2.337
16140.000	2.330
16150.000	2.381
16160.000	2.378
16170.000	2.427
16180.000	2.457
16190.000	2.509
16200.000	2.553
16210.000	2.588
16220.000	2.589
16230.000	2.598
16240.000	2.618
16250.000	2.644
16260.000	2.648
16270.000	2.662
16280.000	2.666
16290.000	2.605
16300.000	2.584
16310.000	2.559
16320.000	2.476
16330.000	2.457
16340.000	2.381
16350.000	2.312
16360.000	2.292
16370.000	2.288
16380.000	2.264
16390.000	2.307
16400.000	2.324
16410.000	2.350
16420.000	2.370
16430.000	2.418
16440.000	2.403
16450.000	2.452
16460.000	2.488
16470.000	2.490
16480.000	2.477
16490.000	2.480
16500.000	2.478
16510.000	2.502
16520.000	2.566
16530.000	2.603
16540.000	2.612
16550.000	2.632
16560.000	2.666
16570.000	2.693
16580.000	2.679
16590.000	2.673
16600.000	2.630
16610.000	2.570
16620.000	2.507
16630.000	2.415
16640.000	2.360
16650.000	2.325
16660.000	2.297
16670.000	2.307
16680.000	2.342
16690.000	2.340
16700.000	2.366
16710.000	2.352
16720.000	2.361
16730.000	2.403
16740.000	2.400
16750.000	2.438
16760.000	2.457
16770.000	2.498
16780.000	2.550
16790.000	2.573
16800.000	2.625
16810.000	2.622
16820.000	2.626
16830.000	2.700
16840.000	2.712
16850.000	2.718
16860.000	2.743
16870.000	2.754
16880.000	2.758
16890.000	2.749
16900.000	2.676
16910.000	2.589
16920.000	2.546
16930.000	2.391
16940.000	2.299
16950.000	2.224
16960.000	2.227
16970.000	2.307
16980.000	2.297
16990.000	2.271
17000.000	2.230
17010.000	2.294
17020.000	2.296
17030.000	2.352
17040.000	2.352
17050.000	2.421
17060.000	2.495
17070.000	2.525
17080.000	2.516
17090.000	2.572
17100.000	2.572
17110.000	2.622
17120.000	2.685
17130.000	2.674
17140.000	2.691
17150.000	2.736
17160.000	2.716
17170.000	2.712
17180.000	2.668
17190.000	2.745
17200.000	2.736
17210.000	2.790
17220.000	2.728
17230.000	2.664
17240.000	2.550
17250.000	2.460
17260.000	2.331
17270.000	2.267
17280.000	2.260
17290.000	2.239
17300.000	2.259
17310.000	2.321
17320.000	2.339
17330.000	2.373
17340.000	2.410
17350.000	2.465
17360.000	2.497
17370.000	2.515
17380.000	2.530
17390.000	2.494
17400.000	2.585
17410.000	2.574
17420.000	2.623
17430.000	2.602
17440.000	2.588
17450.000	2.685
17460.000	2.708
17470.000	2.762
17480.000	2.821
17490.000	2.901
17500.000	2.888
17510.000	2.919
17520.000	2.932
17530.000	2.904
17540.000	2.880
17550.000	2.862
17560.000	2.776
17570.000	2.658
17580.000	2.535
17590.000	2.439
17600.000	2.358
17610.000	2.319
17620.000	2.311
17630.000	2.285
17640.000	2.304
17650.000	2.307
17660.000	2.343
17670.000	2.374
17680.000	2.367
17690.000	2.436
17700.000	2.463
17710.000	2.527
17720.000	2.570
17730.000	2.634
17740.000	2.616
17750.000	2.617
17760.000	2.585
17770.000	2.637
17780.000	2.612
17790.000	2.678
17800.000	2.682
17810.000	2.755
17820.000	2.758
17830.000	2.767
17840.000	2.766
17850.000	2.842
17860.000	2.884
17870.000	2.886
17880.000	2.934
17890.000	2.922
17900.000	2.839
17910.000	2.760
17920.000	2.670
17930.000	2.520
17940.000	2.353
17950.000	2.269
17960.000	2.233
17970.000	2.215
17980.000	2.235
17990.000	2.256
18000.000	2.256
18010.000	2.283
18020.000	2.352
18030.000	2.366
18040.000	2.428
18050.000	2.459
18060.000	2.472
18070.000	2.506
18080.000	2.528
18090.000	2.551
18100.000	2.589
18110.000	2.640
18120.000	2.681
18130.000	2.682
18140.000	2.703
18150.000	2.741
18160.000	2.834
18170.000	2.839
18180.000	2.831
18190.000	2.901
18200.000	2.907
18210.000	2.964
18220.000	2.962
18230.000	2.968
18240.000	2.894
18250.000	2.829
18260.000	2.852
18270.000	2.712
18280.000	2.568
18290.000	2.483
18300.000	2.380
18310.000	2.273
18320.000	2.168
18330.000	2.144
18340.000	2.149
18350.000	2.214
18360.000	2.222
18370.000	2.224
18380.000	2.272
18390.000	2.284
18400.000	2.333
18410.000	2.403
18420.000	2.470
18430.000	2.483
18440.000	2.498
18450.000	2.541
18460.000	2.552
18470.000	2.597
18480.000	2.607
18490.000	2.671
18500.000	2.705
18510.000	2.697
18520.000	2.720
18530.000	2.741
18540.000	2.762
18550.000	2.814
18560.000	2.808
18570.000	2.814
18580.000	2.897
18590.000	2.956
18600.000	2.996
18610.000	2.923
18620.000	2.873
18630.000	2.822
18640.000	2.719
18650.000	2.594
18660.000	2.405
18670.000	2.218
18680.000	2.112
18690.000	2.146
18700.000	2.131
18710.000	2.114
18720.000	2.128
18730.000	2.208
18740.000	2.238
18750.000	2.299
18760.000	2.316
18770.000	2.336
18780.000	2.412
18790.000	2.443
18800.000	2.470
18810.000	2.492
18820.000	2.490
18830.000	2.518
18840.000	2.526
18850.000	2.542
18860.000	2.572
18870.000	2.570
18880.000	2.633
18890.000	2.624
18900.000	2.601
18910.000	2.673
18920.000	2.688
18930.000	2.769
18940.000	2.798
18950.000	2.805
18960.000	2.860
18970.000	2.941
18980.000	2.942
18990.000	3.013
19000.000	2.950
19010.000	2.933
19020.000	2.868
19030.000	2.731
19040.000	2.607
19050.000	2.371
19060.000	2.207
19070.000	2.109
19080.000	2.086
19090.000	2.052
19100.000	2.093
19110.000	2.124
19120.000	2.108
19130.000	2.137
19140.000	2.153
19150.000	2.184
19160.000	2.222
19170.000	2.250
19180.000	2.281
19190.000	2.288
19200.000	2.349
19210.000	2.398
19220.000	2.413
19230.000	2.420
19240.000	2.450
19250.000	2.484
19260.000	2.533
19270.000	2.541
19280.000	2.589
19290.000	2.620
19300.000	2.627
19310.000	2.685
19320.000	2.714
19330.000	2.741
19340.000	2.752
19350.000	2.774
19360.000	2.838
19370.000	2.879
19380.000	2.921
19390.000	2.966
19400.000	3.011
19410.000	2.927
19420.000	2.880
19430.000	2.735
19440.000	2.601
19450.000	2.363
19460.000	2.167
19470.000	2.095
19480.000	2.029
19490.000	1.992
19500.000	1.990
19510.000	2.027
19520.000	2.022
19530.000	2.051
19540.000	2.075
19550.000	2.110
19560.000	2.141
19570.000	2.182
19580.000	2.236
19590.000	2.289
19600.000	2.287
19610.000	2.359
19620.000	2.410
19630.000	2.415
19640.000	2.452
19650.000	2.505
19660.000	2.576
19670.000	2.665
19680.000	2.682
19690.000	2.694
19700.000	2.721
19710.000	2.763
19720.000	2.745
19730.000	2.761
19740.000	2.834
19750.000	2.930
19760.000	3.015
19770.000	3.048
19780.000	3.074
19790.000	3.058
19800.000	3.093
19810.000	2.993
19820.000	3.011
19830.000	2.840
19840.000	2.662
19850.000	2.507
19860.000	2.320
19870.000	2.128
19880.000	1.989
19890.000	1.916
19900.000	1.940
19910.000	1.985
19920.000	1.990
19930.000	2.043
19940.000	2.095
19950.000	2.117
19960.000	2.127
19970.000	2.161
19980.000	2.197
19990.000	2.277
20000.000	2.314
20010.000	2.309
20020.000	2.371
20030.000	2.354
20040.000	2.339
20050.000	2.395
20060.000	2.418
20070.000	2.485
20080.000	2.510
20090.000	2.494
20100.000	2.539
20110.000	2.631
20120.000	2.661
20130.000	2.745
20140.000	2.804
20150.000	2.809
20160.000	2.832
20170.000	2.860
20180.000	2.878
20190.000	2.933
20200.000	2.983
20210.000	2.985
20220.000	2.953
20230.000	2.953
20240.000	2.928
20250.000	2.847
20260.000	2.760
20270.000	2.643
20280.000	2.425
20290.000	2.199
20300.000	1.997
20310.000	1.944
20320.000	1.926
20330.000	1.957
20340.000	1.938
20350.000	1.984
20360.000	1.991
20370.000	2.076
20380.000	2.119
20390.000	2.201
20400.000	2.224
20410.000	2.242
20420.000	2.301
20430.000	2.345
20440.000	2.379
20450.000	2.414
20460.000	2.450
20470.000	2.456
20480.000	2.487
20490.000	2.562
20500.000	2.560
20510.000	2.564
20520.000	2.561
20530.000	2.635
20540.000	2.676
20550.000	2.744
20560.000	2.758
20570.000	2.828
20580.000	2.897
20590.000	2.930
20600.000	2.928
20610.000	2.916
20620.000	2.924
20630.000	3.012
20640.000	2.994
20650.000	3.055
20660.000	3.096
20670.000	3.102
20680.000	3.118
20690.000	3.061
20700.000	2.908
20710.000	2.691
20720.000	2.466
20730.000	2.235
20740.000	2.062
20750.000	1.972
20760.000	1.918
20770.000	1.918
20780.000	1.969
20790.000	2.048
20800.000	2.076
20810.000	2.092
20820.000	2.079
20830.000	2.132
20840.000	2.167
20850.000	2.242
20860.000	2.303
20870.000	2.336
20880.000	2.381
20890.000	2.420
20900.000	2.476
20910.000	2.490
20920.000	2.548
20930.000	2.597
20940.000	2.615
20950.000	2.652
20960.000	2.641
20970.000	2.698
20980.000	2.733
20990.000	2.779
21000.000	2.837
21010.000	2.842
21020.000	2.909
21030.000	2.952
21040.000	2.957
21050.000	3.045
21060.000	3.011
21070.000	3.061
21080.000	3.086
21090.000	3.067
21100.000	3.095
21110.000	3.166
21120.000	3.184
21130.000	3.190
21140.000	3.114
21150.000	2.958
21160.000	2.728
21170.000	2.426
21180.000	2.176
21190.000	2.008
21200.000	1.962
21210.000	1.918
21220.000	1.913
21230.000	1.958
21240.000	2.062
21250.000	2.114
21260.000	2.171
21270.000	2.205
21280.000	2.280
21290.000	2.369
21300.000	2.423
21310.000	2.398
21320.000	2.437
21330.000	2.428
21340.000	2.485
21350.000	2.553
21360.000	2.583
21370.000	2.649
21380.000	2.663
21390.000	2.684
21400.000	2.678
21410.000	2.773
21420.000	2.840
21430.000	2.871
21440.000	2.857
21450.000	2.911
21460.000	2.999
21470.000	3.083
21480.000	3.090
21490.000	3.089
21500.000	3.134
21510.000	3.173
21520.000	3.238
21530.000	3.208
21540.000	3.220
21550.000	3.217
21560.000	3.247
21570.000	3.253
21580.000	3.268
21590.000	3.316
21600.000	3.305
21610.000	3.139
21620.000	2.912
21630.000	2.661
21640.000	2.373
21650.000	2.175
21660.000	2.026
21670.000	2.015
21680.000	2.020
21690.000	2.058
21700.000	2.059
21710.000	2.102
21720.000	2.151
21730.000	2.238
21740.000	2.234
21750.000	2.291
21760.000	2.304
21770.000	2.425
21780.000	2.494
21790.000	2.504
21800.000	2.630
21810.000	2.704
21820.000	2.659
21830.000	2.703
21840.000	2.684
21850.000	2.754
21860.000	2.747
21870.000	2.747
21880.000	2.811
21890.000	2.863
21900.000	2.965
21910.000	3.019
21920.000	3.062
21930.000	3.124
21940.000	3.146
21950.000	3.201
21960.000	3.219
21970.000	3.256
21980.000	3.284
21990.000	3.344
22000.000	3.366
22010.000	3.386
22020.000	3.410
22030.000	3.365
22040.000	3.448
22050.000	3.507
22060.000	3.530
22070.000	3.459
22080.000	3.316
22090.000	3.103
22100.000	2.829
22110.000	2.501
22120.000	2.255
22130.000	2.064
22140.000	1.987
22150.000	2.002
22160.000	2.016
22170.000	2.076
22180.000	2.117
22190.000	2.172
22200.000	2.192
22210.000	2.284
22220.000	2.336
22230.000	2.443
22240.000	2.507
22250.000	2.560
22260.000	2.633
22270.000	2.675
22280.000	2.737
22290.000	2.787
22300.000	2.813
22310.000	2.827
22320.000	2.855
22330.000	2.905
22340.000	2.932
22350.000	2.941
22360.000	3.021
22370.000	3.042
22380.000	3.081
22390.000	3.160
22400.000	3.197
22410.000	3.272
22420.000	3.305
22430.000	3.385
22440.000	3.373
22450.000	3.417
22460.000	3.436
22470.000	3.406
22480.000	3.448
22490.000	3.498
22500.000	3.526
22510.000	3.525
22520.000	3.518
22530.000	3.500
22540.000	3.557
22550.000	3.494
22560.000	3.436
22570.000	3.252
22580.000	3.014
22590.000	2.702
22600.000	2.380
22610.000	2.165
22620.000	2.064
22630.000	2.042
22640.000	2.076
22650.000	2.096
22660.000	2.123
22670.000	2.156
22680.000	2.194
22690.000	2.276
22700.000	2.353
22710.000	2.406
22720.000	2.480
22730.000	2.522
22740.000	2.586
22750.000	2.649
22760.000	2.739
22770.000	2.765
22780.000	2.798
22790.000	2.803
22800.000	2.855
22810.000	2.895
22820.000	2.925
22830.000	2.985
22840.000	3.005
22850.000	3.088
22860.000	3.161
22870.000	3.189
22880.000	3.186
22890.000	3.186
22900.000	3.220
22910.000	3.216
22920.000	3.228
22930.000	3.318
22940.000	3.424
22950.000	3.488
22960.000	3.456
22970.000	3.422
22980.000	3.497
22990.000	3.499
23000.000	3.575
23010.000	3.628
23020.000	3.646
23030.000	3.689
23040.000	3.715
23050.000	3.655
23060.000	3.480
23070.000	3.247
23080.000	2.934
23090.000	2.638
23100.000	2.319
23110.000	2.134
23120.000	2.094
23130.000	2.059
23140.000	2.091
23150.000	2.083
23160.000	2.118
23170.000	2.204
23180.000	2.240
23190.000	2.302
23200.000	2.335
23210.000	2.388
23220.000	2.454
23230.000	2.477
23240.000	2.509
23250.000	2.567
23260.000	2.608
23270.000	2.701
23280.000	2.732
23290.000	2.751
23300.000	2.732
23310.000	2.719
23320.000	2.712
23330.000	2.783
23340.000	2.801
23350.000	2.889
23360.000	2.969
23370.000	3.038
23380.000	3.110
23390.000	3.109
23400.000	3.182
23410.000	3.280
23420.000	3.313
23430.000	3.335
23440.000	3.352
23450.000	3.432
23460.000	3.447
23470.000	3.498
23480.000	3.576
23490.000	3.602
23500.000	3.603
23510.000	3.592
23520.000	3.650
23530.000	3.676
23540.000	3.696
23550.000	3.649
23560.000	3.603
23570.000	3.506
23580.000	3.248
23590.000	2.923
23600.000	2.610
23610.000	2.365
23620.000	2.122
23630.000	2.007
23640.000	1.975
23650.000	1.945
23660.000	1.995
23670.000	1.997
23680.000	2.048
23690.000	2.048
23700.000	2.130
23710.000	2.167
23720.000	2.194
23730.000	2.232
23740.000	2.279
23750.000	2.306
23760.000	2.388
23770.000	2.429
23780.000	2.452
23790.000	2.510
23800.000	2.581
23810.000	2.599
23820.000	2.683
23830.000	2.767
23840.000	2.828
23850.000	2.859
23860.000	2.908
23870.000	2.951
23880.000	2.990
23890.000	3.050
23900.000	3.082
23910.000	3.142
23920.000	3.196
23930.000	3.194
23940.000	3.249
23950.000	3.320
23960.000	3.389
23970.000	3.462
23980.000	3.466
23990.000	3.454
24000.000	3.514
24010.000	3.540
24020.000	3.596
24030.000	3.603
24040.000	3.641
24050.000	3.644
24060.000	3.606
24070.000	3.594
24080.000	3.511
24090.000	3.325
24100.000	3.079
24110.000	2.749
24120.000	2.438
24130.000	2.145
24140.000	1.973
24150.000	1.893
24160.000	1.887
24170.000	1.864
24180.000	1.906
24190.000	1.900
24200.000	1.993
24210.000	2.071
24220.000	2.087
24230.000	2.151
24240.000	2.236
24250.000	2.262
24260.000	2.304
24270.000	2.352
24280.000	2.434
24290.000	2.460
24300.000	2.496
24310.000	2.559
24320.000	2.597
24330.000	2.635
24340.000	2.665
24350.000	2.799
24360.000	2.789
24370.000	2.837
24380.000	2.904
24390.000	2.911
24400.000	2.945
24410.000	3.021
24420.000	3.142
24430.000	3.158
24440.000	3.216
24450.000	3.290
24460.000	3.311
24470.000	3.342
24480.000	3.397
24490.000	3.406
24500.000	3.392
24510.000	3.483
24520.000	3.537
24530.000	3.523
24540.000	3.508
24550.000	3.467
24560.000	3.472
24570.000	3.499
24580.000	3.427
24590.000	3.384
24600.000	3.308
24610.000	3.322
24620.000	3.147
24630.000	2.870
24640.000	2.521
24650.000	2.222
24660.000	2.035
24670.000	1.909
24680.000	1.908
24690.000	1.921
24700.000	1.938
24710.000	1.968
24720.000	2.005
24730.000	2.037
24740.000	2.118
24750.000	2.177
24760.000	2.236
24770.000	2.261
24780.000	2.289
24790.000	2.355
24800.000	2.390
24810.000	2.437
24820.000	2.549
24830.000	2.573
24840.000	2.633
24850.000	2.689
24860.000	2.786
24870.000	2.843
24880.000	2.901
24890.000	2.977
24900.000	3.002
24910.000	3.013
24920.000	3.086
24930.000	3.107
24940.000	3.166
24950.000	3.241
24960.000	3.244
24970.000	3.281
24980.000	3.256
24990.000	3.309
25000.000	3.318
25010.000	3.392
25020.000	3.456
25030.000	3.441
25040.000	3.393
25050.000	3.365
25060.000	3.319
25070.000	3.298
25080.000	3.322
25090.000	3.356
25100.000	3.404
25110.000	3.428
25120.000	3.477
25130.000	3.444
25140.000	3.359
25150.000	3.300
25160.000	3.154
25170.000	2.911
25180.000	2.684
25190.000	2.369
25200.000	2.177
25210.000	2.048
25220.000	2.075
25230.000	2.093
25240.000	2.144
25250.000	2.132
25260.000	2.184
25270.000	2.206
25280.000	2.233
25290.000	2.259
25300.000	2.316
25310.000	2.391
25320.000	2.448
25330.000	2.461
25340.000	2.486
25350.000	2.490
25360.000	2.589
25370.000	2.622
25380.000	2.686
25390.000	2.785
25400.000	2.844
25410.000	2.915
25420.000	2.979
25430.000	3.013
25440.000	3.111
25450.000	3.150
25460.000	3.195
25470.000	3.152
25480.000	3.220
25490.000	3.334
25500.000	3.317
25510.000	3.341
25520.000	3.370
25530.000	3.363
25540.000	3.387
25550.000	3.283
25560.000	3.211
25570.000	3.178
25580.000	3.174
25590.000	3.122
25600.000	3.175
25610.000	3.260
25620.000	3.304
25630.000	3.377
25640.000	3.396
25650.000	3.406
25660.000	3.470
25670.000	3.486
25680.000	3.535
25690.000	3.506
25700.000	3.436
25710.000	3.223
25720.000	2.878
25730.000	2.574
25740.000	2.318
25750.000	2.140
25760.000	2.073
25770.000	2.059
25780.000	2.097
25790.000	2.148
25800.000	2.172
25810.000	2.197
25820.000	2.316
25830.000	2.382
25840.000	2.486
25850.000	2.526
25860.000	2.583
25870.000	2.603
25880.000	2.646
25890.000	2.699
25900.000	2.755
25910.000	2.752
25920.000	2.791
25930.000	2.850
25940.000	2.919
25950.000	3.007
25960.000	3.020
25970.000	3.086
25980.000	3.145
25990.000	3.151
26000.000	3.221
26010.000	3.223
26020.000	3.290
26030.000	3.322
26040.000	3.327
26050.000	3.315
26060.000	3.255
26070.000	3.191
26080.000	3.154
26090.000	3.086
26100.000	3.073
26110.000	3.084
26120.000	3.097
26130.000	3.107
26140.000	3.138
26150.000	3.200
26160.000	3.197
26170.000	3.309
26180.000	3.336
26190.000	3.387
26200.000	3.449
26210.000	3.461
26220.000	3.555
26230.000	3.581
26240.000	3.553
26250.000	3.547
26260.000	3.464
26270.000	3.207
26280.000	2.943
26290.000	2.634
26300.000	2.421
26310.000	2.241
26320.000	2.218
26330.000	2.234
26340.000	2.261
26350.000	2.330
26360.000	2.370
26370.000	2.373
26380.000	2.426
26390.000	2.500
26400.000	2.559
26410.000	2.636
26420.000	2.715
26430.000	2.750
26440.000	2.812
26450.000	2.862
26460.000	2.925
26470.000	2.910
26480.000	2.937
26490.000	3.001
26500.000	3.062
26510.000	3.089
26520.000	3.136
26530.000	3.199
26540.000	3.226
26550.000	3.298
26560.000	3.345
26570.000	3.363
26580.000	3.273
26590.000	3.228
26600.000	3.172
26610.000	3.063
26620.000	3.045
26630.000	2.965
26640.000	2.941
26650.000	3.007
26660.000	3.041
26670.000	3.098
26680.000	3.080
26690.000	3.166
26700.000	3.214
26710.000	3.196
26720.000	3.254
26730.000	3.393
26740.000	3.397
26750.000	3.411
26760.000	3.454
26770.000	3.553
26780.000	3.596
26790.000	3.574
26800.000	3.625
26810.000	3.631
26820.000	3.586
26830.000	3.421
26840.000	3.187
26850.000	2.953
26860.000	2.673
26870.000	2.454
26880.000	2.353
26890.000	2.299
26900.000	2.328
26910.000	2.386
26920.000	2.420
26930.000	2.506
26940.000	2.572
26950.000	2.649
26960.000	2.666
26970.000	2.736
26980.000	2.774
26990.000	2.821
27000.000	2.927
27010.000	2.998
27020.000	3.083
27030.000	3.109
27040.000	3.172
27050.000	3.229
27060.000	3.290
27070.000	3.328
27080.000	3.380
27090.000	3.438
27100.000	3.408
27110.000	3.377
27120.000	3.281
27130.000	3.253
27140.000	3.102
27150.000	3.017
27160.000	2.920
27170.000	2.932
27180.000	2.916
27190.000	2.948
27200.000	3.013
27210.000	3.041
27220.000	3.083
27230.000	3.146
27240.000	3.234
27250.000	3.219
27260.000	3.317
27270.000	3.307
27280.000	3.326
27290.000	3.387
27300.000	3.461
27310.000	3.556
27320.000	3.593
27330.000	3.639
27340.000	3.614
27350.000	3.615
27360.000	3.661
27370.000	3.703
27380.000	3.675
27390.000	3.660
27400.000	3.550
27410.000	3.364
27420.000	3.092
27430.000	2.805
27440.000	2.624
27450.000	2.511
27460.000	2.410
27470.000	2.405
27480.000	2.503
27490.000	2.555
27500.000	2.625
27510.000	2.646
27520.000	2.761
27530.000	2.846
27540.000	2.928
27550.000	2.938
27560.000	2.988
27570.000	3.033
27580.000	3.091
27590.000	3.169
27600.000	3.231
27610.000	3.252
27620.000	3.291
27630.000	3.343
27640.000	3.407
27650.000	3.354
27660.000	3.372
27670.000	3.288
27680.000	3.168
27690.000	3.008
27700.000	2.935
27710.000	2.876
27720.000	2.843
27730.000	2.911
27740.000	2.933
27750.000	2.978
27760.000	3.020
27770.000	3.082
27780.000	3.117
27790.000	3.161
27800.000	3.188
27810.000	3.267
27820.000	3.376
27830.000	3.364
27840.000	3.451
27850.000	3.440
27860.000	3.457
27870.000	3.499
27880.000	3.544
27890.000	3.592
27900.000	3.618
27910.000	3.698
27920.000	3.668
27930.000	3.726
27940.000	3.734
27950.000	3.795
27960.000	3.762
27970.000	3.777
27980.000	3.686
27990.000	3.553
28000.000	3.343
28010.000	3.096
28020.000	2.879
28030.000	2.746
28040.000	2.674
28050.000	2.666
28060.000	2.692
28070.000	2.777
28080.000	2.779
28090.000	2.900
28100.000	2.893
28110.000	2.937
28120.000	3.022
28130.000	3.092
28140.000	3.116
28150.000	3.183
28160.000	3.263
28170.000	3.298
28180.000	3.354
28190.000	3.390
28200.000	3.419
28210.000	3.422
28220.000	3.368
28230.000	3.227
28240.000	3.078
28250.000	2.958
28260.000	2.836
28270.000	2.763
28280.000	2.781
28290.000	2.837
28300.000	2.864
28310.000	2.892
28320.000	2.926
28330.000	2.943
28340.000	2.942
28350.000	3.020
28360.000	3.070
28370.000	3.168
28380.000	3.197
28390.000	3.241
28400.000	3.269
28410.000	3.306
28420.000	3.365
28430.000	3.409
28440.000	3.439
28450.000	3.484
28460.000	3.560
28470.000	3.559
28480.000	3.637
28490.000	3.671
28500.000	3.701
28510.000	3.717
28520.000	3.755
28530.000	3.838
28540.000	3.855
28550.000	3.885
28560.000	3.897
28570.000	3.854
28580.000	3.708
28590.000	3.552
28600.000	3.287
28610.000	3.095
28620.000	2.952
28630.000	2.903
28640.000	2.958
28650.000	2.991
28660.000	2.979
28670.000	2.963
28680.000	3.024
28690.000	3.118
28700.000	3.157
28710.000	3.208
28720.000	3.278
28730.000	3.297
28740.000	3.308
28750.000	3.317
28760.000	3.294
28770.000	3.340
28780.000	3.307
28790.000	3.217
28800.000	3.050
28810.000	2.946
28820.000	2.833
28830.000	2.744
28840.000	2.724
28850.000	2.715
28860.000	2.758
28870.000	2.753
28880.000	2.819
28890.000	2.842
28900.000	2.938
28910.000	2.960
28920.000	3.073
28930.000	3.157
28940.000	3.133
28950.000	3.157
28960.000	3.239
28970.000	3.290
28980.000	3.330
28990.000	3.356
29000.000	3.366
29010.000	3.441
29020.000	3.511
29030.000	3.568
29040.000	3.606
29050.000	3.630
29060.000	3.656
29070.000	3.727
29080.000	3.753
29090.000	3.807
29100.000	3.812
29110.000	3.837
29120.000	3.871
29130.000	3.915
29140.000	3.982
29150.000	3.951
29160.000	3.991
29170.000	3.843
29180.000	3.705
29190.000	3.506
29200.000	3.312
29210.000	3.142
29220.000	3.058
29230.000	3.053
29240.000	3.074
29250.000	3.103
29260.000	3.110
29270.000	3.181
29280.000	3.230
29290.000	3.311
29300.000	3.345
29310.000	3.317
29320.000	3.385
29330.000	3.400
29340.000	3.452
29350.000	3.360
29360.000	3.196
29370.000	3.013
29380.000	2.855
29390.000	2.709
29400.000	2.641
29410.000	2.587
29420.000	2.585
29430.000	2.620
29440.000	2.667
29450.000	2.722
29460.000	2.773
29470.000	2.800
29480.000	2.846
29490.000	2.919
29500.000	2.998
29510.000	3.040
29520.000	3.066
29530.000	3.116
29540.000	3.201
29550.000	3.196
29560.000	3.241
29570.000	3.284
29580.000	3.310
29590.000	3.359
29600.000	3.452
29610.000	3.380
29620.000	3.440
29630.000	3.490
29640.000	3.592
29650.000	3.561
29660.000	3.619
29670.000	3.705
29680.000	3.768
29690.000	3.781
29700.000	3.792
29710.000	3.853
29720.000	3.835
29730.000	3.868
29740.000	3.928
29750.000	3.948
29760.000	3.977
29770.000	3.895
29780.000	3.770
29790.000	3.678
29800.000	3.515
29810.000	3.373
29820.000	3.242
29830.000	3.216
29840.000	3.229
29850.000	3.239
29860.000	3.278
29870.000	3.309
29880.000	3.324
29890.000	3.339
29900.000	3.382
29910.000	3.439
29920.000	3.384
29930.000	3.328
29940.000	3.193
29950.000	3.015
29960.000	2.868
29970.000	2.718
29980.000	2.595
29990.000	2.622
30000.000	2.613
30010.000	2.662
30020.000	2.698
30030.000	2.732
30040.000	2.812
30050.000	2.869
30060.000	2.887
30070.000	2.943
30080.000	2.996
30090.000	3.082
30100.000	3.113
30110.000	3.148
30120.000	3.198
30130.000	3.228
30140.000	3.216
30150.000	3.233
30160.000	3.299
30170.000	3.314
30180.000	3.306
30190.000	3.373
30200.000	3.418
30210.000	3.493
30220.000	3.523
30230.000	3.602
30240.000	3.589
30250.000	3.638
30260.000	3.647
30270.000	3.632
30280.000	3.674
30290.000	3.749
30300.000	3.707
30310.000	3.762
30320.000	3.779
30330.000	3.855
30340.000	3.871
30350.000	3.839
30360.000	3.876
30370.000	3.879
30380.000	3.869
30390.000	3.806
30400.000	3.701
30410.000	3.551
30420.000	3.424
30430.000	3.355
30440.000	3.323
30450.000	3.316
30460.000	3.306
30470.000	3.355
30480.000	3.411
30490.000	3.472
30500.000	3.438
30510.000	3.385
30520.000	3.310
30530.000	3.102
30540.000	2.915
30550.000	2.774
30560.000	2.656
30570.000	2.555
30580.000	2.543
30590.000	2.559
30600.000	2.592
30610.000	2.655
30620.000	2.710
30630.000	2.714
30640.000	2.794
30650.000	2.863
30660.000	2.901
30670.000	2.930
30680.000	2.946
30690.000	2.955
30700.000	2.959
30710.000	3.015
30720.000	3.007
30730.000	3.065
30740.000	3.096
30750.000	3.104
30760.000	3.077
30770.000	3.115
30780.000	3.160
30790.000	3.260
30800.000	3.312
30810.000	3.288
30820.000	3.405
30830.000	3.460
30840.000	3.490
30850.000	3.495
30860.000	3.512
30870.000	3.584
30880.000	3.604
30890.000	3.653
30900.000	3.657
30910.000	3.672
30920.000	3.757
30930.000	3.773
30940.000	3.786
30950.000	3.815
30960.000	3.905
30970.000	3.860
30980.000	3.851
30990.000	3.838
31000.000	3.739
31010.000	3.704
31020.000	3.673
31030.000	3.578
31040.000	3.484
31050.000	3.464
31060.000	3.501
31070.000	3.511
31080.000	3.514
31090.000	3.476
31100.000	3.432
31110.000	3.296
31120.000	3.235
31130.000	3.026
31140.000	2.844
31150.000	2.733
31160.000	2.602
31170.000	2.591
31180.000	2.626
31190.000	2.667
31200.000	2.706
31210.000	2.747
31220.000	2.776
31230.000	2.834
31240.000	2.842
31250.000	2.922
31260.000	2.893
31270.000	2.868
31280.000	2.834
31290.000	2.905
31300.000	2.910
31310.000	2.940
31320.000	2.942
31330.000	2.975
31340.000	3.058
31350.000	3.092
31360.000	3.086
31370.000	3.129
31380.000	3.164
31390.000	3.204
31400.000	3.243
31410.000	3.227
31420.000	3.252
31430.000	3.297
31440.000	3.337
31450.000	3.380
31460.000	3.381
31470.000	3.436
31480.000	3.485
31490.000	3.500
31500.000	3.503
31510.000	3.528
31520.000	3.547
31530.000	3.583
31540.000	3.585
31550.000	3.659
31560.000	3.672
31570.000	3.680
31580.000	3.648
31590.000	3.719
31600.000	3.690
31610.000	3.703
31620.000	3.717
31630.000	3.711
31640.000	3.619
31650.000	3.571
31660.000	3.486
31670.000	3.472
31680.000	3.515
31690.000	3.538
31700.000	3.509
31710.000	3.368
31720.000	3.199
31730.000	3.029
31740.000	2.885
31750.000	2.735
31760.000	2.691
31770.000	2.739
31780.000	2.745
31790.000	2.792
31800.000	2.757
31810.000	2.786
31820.000	2.855
31830.000	2.869
31840.000	2.825
31850.000	2.824
31860.000	2.820
31870.000	2.790
31880.000	2.790
31890.000	2.777
31900.000	2.797
31910.000	2.849
31920.000	2.878
31930.000	2.906
31940.000	2.914
31950.000	2.949
31960.000	3.009
31970.000	3.018
31980.000	3.113
31990.000	3.121
32000.000	3.141
32010.000	3.210
32020.000	3.219
32030.000	3.301
32040.000	3.275
32050.000	3.338
32060.000	3.328
32070.000	3.393
32080.000	3.350
32090.000	3.374
32100.000	3.445
32110.000	3.499
32120.000	3.545
32130.000	3.559
32140.000	3.576
32150.000	3.623
32160.000	3.655
32170.000	3.705
32180.000	3.715
32190.000	3.679
32200.000	3.692
32210.000	3.678
32220.000	3.709
32230.000	3.707
32240.000	3.715
32250.000	3.694
32260.000	3.642
32270.000	3.595
32280.000	3.522
32290.000	3.473
32300.000	3.441
32310.000	3.385
32320.000	3.311
32330.000	3.129
32340.000	2.944
32350.000	2.831
32360.000	2.754
32370.000	2.688
32380.000	2.729
32390.000	2.753
32400.000	2.743
32410.000	2.747
32420.000	2.722
32430.000	2.695
32440.000	2.682
32450.000	2.626
32460.000	2.583
32470.000	2.590
32480.000	2.618
32490.000	2.647
32500.000	2.682
32510.000	2.741
32520.000	2.741
32530.000	2.787
32540.000	2.832
32550.000	2.868
32560.000	2.944
32570.000	2.969
32580.000	2.995
32590.000	3.035
32600.000	3.087
32610.000	3.063
32620.000	3.092
32630.000	3.112
32640.000	3.182
32650.000	3.163
32660.000	3.214
32670.000	3.212
32680.000	3.261
32690.000	3.275
32700.000	3.270
32710.000	3.299
32720.000	3.357
32730.000	3.380
32740.000	3.388
32750.000	3.395
32760.000	3.406
32770.000	3.437
32780.000	3.403
32790.000	3.386
32800.000	3.398
32810.000	3.437
32820.000	3.493
32830.000	3.464
32840.000	3.465
32850.000	3.431
32860.000	3.478
32870.000	3.449
32880.000	3.416
32890.000	3.408
32900.000	3.382
32910.000	3.300
32920.000	3.189
32930.000	3.121
32940.000	3.050
32950.000	2.911
32960.000	2.730
32970.000	2.664
32980.000	2.591
32990.000	2.590
33000.000	2.601
33010.000	2.547
33020.000	2.493
33030.000	2.482
33040.000	2.421
33050.000	2.419
33060.000	2.476
33070.000	2.457
33080.000	2.510
33090.000	2.509
33100.000	2.614
33110.000	2.555
33120.000	2.588
33130.000	2.658
33140.000	2.671
33150.000	2.675
33160.000	2.706
33170.000	2.738
33180.000	2.729
33190.000	2.755
33200.000	2.792
33210.000	2.762
33220.000	2.857
33230.000	2.822
33240.000	2.878
33250.000	2.886
33260.000	2.919
33270.000	2.900
33280.000	2.923
33290.000	2.945
33300.000	2.994
33310.000	2.997
33320.000	3.036
33330.000	2.987
33340.000	3.017
33350.000	3.030
33360.000	3.043
33370.000	3.079
33380.000	3.094
33390.000	3.069
33400.000	3.073
33410.000	3.109
33420.000	3.116
33430.000	3.126
33440.000	3.130
33450.000	3.164
33460.000	3.131
33470.000	3.126
33480.000	3.131
33490.000	3.130
33500.000	3.179
33510.000	3.116
33520.000	3.069
33530.000	3.052
33540.000	3.012
33550.000	2.925
33560.000	2.809
33570.000	2.645
33580.000	2.569
33590.000	2.515
33600.000	2.395
33610.000	2.314
33620.000	2.281
33630.000	2.264
33640.000	2.231
33650.000	2.196
33660.000	2.212
33670.000	2.255
33680.000	2.256
33690.000	2.280
33700.000	2.316
33710.000	2.321
33720.000	2.342
33730.000	2.376
33740.000	2.416
33750.000	2.459
33760.000	2.462
33770.000	2.491
33780.000	2.534
33790.000	2.550
33800.000	2.536
33810.000	2.579
33820.000	2.616
33830.000	2.612
33840.000	2.675
33850.000	2.659
33860.000	2.674
33870.000	2.691
33880.000	2.670
33890.000	2.619
33900.000	2.649
33910.000	2.688
33920.000	2.669
33930.000	2.656
33940.000	2.743
33950.000	2.722
33960.000	2.646
33970.000	2.679
33980.000	2.675
33990.000	2.694
34000.000	2.629
34010.000	2.642
34020.000	2.665
34030.000	2.707
34040.000	2.698
34050.000	2.722
34060.000	2.728
34070.000	2.710
34080.000	2.762
34090.000	2.730
34100.000	2.755
34110.000	2.743
34120.000	2.768
34130.000	2.748
34140.000	2.722
34150.000	2.716
34160.000	2.694
34170.000	2.604
34180.000	2.467
34190.000	2.347
34200.000	2.247
34210.000	2.115
34220.000	2.040
34230.000	1.978
34240.000	1.975
34250.000	1.949
34260.000	1.989
34270.000	1.970
34280.000	2.012
34290.000	1.999
34300.000	1.983
34310.000	1.998
34320.000	2.029
34330.000	2.043
34340.000	2.052
34350.000	2.106
34360.000	2.107
34370.000	2.120
34380.000	2.192
34390.000	2.225
34400.000	2.191
34410.000	2.215
34420.000	2.241
34430.000	2.248
34440.000	2.282
34450.000	2.276
34460.000	2.288
34470.000	2.277
34480.000	2.279
34490.000	2.275
34500.000	2.270
34510.000	2.303
34520.000	2.291
34530.000	2.271
34540.000	2.284
34550.000	2.309
34560.000	2.335
34570.000	2.350
34580.000	2.352
34590.000	2.337
34600.000	2.359
34610.000	2.345
34620.000	2.390
34630.000	2.379
34640.000	2.356
34650.000	2.326
34660.000	2.347
34670.000	2.348
34680.000	2.366
34690.000	2.330
34700.000	2.365
34710.000	2.311
34720.000	2.302
34730.000	2.349
34740.000	2.347
34750.000	2.334
34760.000	2.349
34770.000	2.341
34780.000	2.257
34790.000	2.177
34800.000	2.097
34810.000	2.029
34820.000	1.950
34830.000	1.855
34840.000	1.809
34850.000	1.792
34860.000	1.726
34870.000	1.739
34880.000	1.739
34890.000	1.742
34900.000	1.738
34910.000	1.752
34920.000	1.758
34930.000	1.777
34940.000	1.786
34950.000	1.794
34960.000	1.798
34970.000	1.834
34980.000	1.831
34990.000	1.850
35000.000	1.835
35010.000	1.856
35020.000	1.852
35030.000	1.838
35040.000	1.843
35050.000	1.846
35060.000	1.817
35070.000	1.786
35080.000	1.879
35090.000	1.849
35100.000	1.849
35110.000	1.874
35120.000	1.871
35130.000	1.898
35140.000	1.944
35150.000	1.937
35160.000	1.922
35170.000	1.925
35180.000	1.896
35190.000	1.893
35200.000	1.918
35210.000	1.931
35220.000	1.926
35230.000	1.924
35240.000	1.922
35250.000	1.949
35260.000	1.955
35270.000	1.912
35280.000	1.912
35290.000	1.918
35300.000	1.875
35310.000	1.881
35320.000	1.877
35330.000	1.852
35340.000	1.889
35350.000	1.877
35360.000	1.896
35370.000	1.852
35380.000	1.872
35390.000	1.832
35400.000	1.816
35410.000	1.761
35420.000	1.653
35430.000	1.605
35440.000	1.545
35450.000	1.492
35460.000	1.422
35470.000	1.443
35480.000	1.427
35490.000	1.411
35500.000	1.384
35510.000	1.434
35520.000	1.427
35530.000	1.426
35540.000	1.434
35550.000	1.444
35560.000	1.449
35570.000	1.459
35580.000	1.476
35590.000	1.475
35600.000	1.457
35610.000	1.443
35620.000	1.470
35630.000	1.488
35640.000	1.490
35650.000	1.468
35660.000	1.539
35670.000	1.510
35680.000	1.530
35690.000	1.513
35700.000	1.502
35710.000	1.511
35720.000	1.482
35730.000	1.516
35740.000	1.516
35750.000	1.511
35760.000	1.500
35770.000	1.526
35780.000	1.521
35790.000	1.488
35800.000	1.497
35810.000	1.518
35820.000	1.516
35830.000	1.517
35840.000	1.494
35850.000	1.470
35860.000	1.489
35870.000	1.501
35880.000	1.481
35890.000	1.461
35900.000	1.467
35910.000	1.455
35920.000	1.454
35930.000	1.445
35940.000	1.469
35950.000	1.434
35960.000	1.410
35970.000	1.420
35980.000	1.429
35990.000	1.435
36000.000	1.403
36010.000	1.321
36020.000	1.293
36030.000	1.258
36040.000	1.243
36050.000	1.185
36060.000	1.142
36070.000	1.125
36080.000	1.158
36090.000	1.142
36100.000	1.129
36110.000	1.117
36120.000	1.106
36130.000	1.108
36140.000	1.107
36150.000	1.105
36160.000	1.124
36170.000	1.125
36180.000	1.126
36190.000	1.153
36200.000	1.164
36210.000	1.183
36220.000	1.142
36230.000	1.152
36240.000	1.194
36250.000	1.157
36260.000	1.174
36270.000	1.185
36280.000	1.158
36290.000	1.167
36300.000	1.167
36310.000	1.159
36320.000	1.131
36330.000	1.125
36340.000	1.138
36350.000	1.169
36360.000	1.139
36370.000	1.147
36380.000	1.143
36390.000	1.168
36400.000	1.162
36410.000	1.189
36420.000	1.158
36430.000	1.172
36440.000	1.172
36450.000	1.166
36460.000	1.155
36470.000	1.133
36480.000	1.142
36490.000	1.146
36500.000	1.165
36510.000	1.152
36520.000	1.117
36530.000	1.114
36540.000	1.147
36550.000	1.130
36560.000	1.137
36570.000	1.147
36580.000	1.127
36590.000	1.135
36600.000	1.117
36610.000	1.091
36620.000	1.066
36630.000	1.053
36640.000	1.018
36650.000	1.010
36660.000	0.971
36670.000	0.967
36680.000	0.962
36690.000	0.953
36700.000	0.934
36710.000	0.927
36720.000	0.918
36730.000	0.902
36740.000	0.926
36750.000	0.914
36760.000	0.935
36770.000	0.938
36780.000	0.928
36790.000	0.920
36800.000	0.938
36810.000	0.958
36820.000	0.941
36830.000	0.932
36840.000	0.907
36850.000	0.921
36860.000	0.937
36870.000	0.939
36880.000	0.937
36890.000	0.951
36900.000	0.931
36910.000	0.925
36920.000	0.917
36930.000	0.924
36940.000	0.922
36950.000	0.926
36960.000	0.913
36970.000	0.922
36980.000	0.921
36990.000	0.890
37000.000	0.888
37010.000	0.888
37020.000	0.891
37030.000	0.918
37040.000	0.919
37050.000	0.924
37060.000	0.910
37070.000	0.896
37080.000	0.881
37090.000	0.888
37100.000	0.874
37110.000	0.877
37120.000	0.893
37130.000	0.900
37140.000	0.890
37150.000	0.863
37160.000	0.879
37170.000	0.876
37180.000	0.877
37190.000	0.858
37200.000	0.850
37210.000	0.853
37220.000	0.850
37230.000	0.830
37240.000	0.796
37250.000	0.787
37260.000	0.757
37270.000	0.761
37280.000	0.742
37290.000	0.724
37300.000	0.734
37310.000	0.721
37320.000	0.718
37330.000	0.718
37340.000	0.730
37350.000	0.718
37360.000	0.723
37370.000	0.728
37380.000	0.719
37390.000	0.706
37400.000	0.718
37410.000	0.718
37420.000	0.708
37430.000	0.698
37440.000	0.716
37450.000	0.694
37460.000	0.703
37470.000	0.689
37480.000	0.679
37490.000	0.698
37500.000	0.716
37510.000	0.726
37520.000	0.731
37530.000	0.726
37540.000	0.714
37550.000	0.706
37560.000	0.701
37570.000	0.714
37580.000	0.714
37590.000	0.704
37600.000	0.682
37610.000	0.686
37620.000	0.724
37630.000	0.722
37640.000	0.699
37650.000	0.709
37660.000	0.685
37670.000	0.686
37680.000	0.690
37690.000	0.686
37700.000	0.708
37710.000	0.700
37720.000	0.690
37730.000	0.659
37740.000	0.693
37750.000	0.697
37760.000	0.685
37770.000	0.687
37780.000	0.665
37790.000	0.677
37800.000	0.696
37810.000	0.675
37820.000	0.668
37830.000	0.654
37840.000	0.648
37850.000	0.634
37860.000	0.629
37870.000	0.614
37880.000	0.619
37890.000	0.609
37900.000	0.598
37910.000	0.597
37920.000	0.599
37930.000	0.597
37940.000	0.618
37950.000	0.604
37960.000	0.572
37970.000	0.572
37980.000	0.579
37990.000	0.585
38000.000	0.579
38010.000	0.583
38020.000	0.574
38030.000	0.562
38040.000	0.569
38050.000	0.579
38060.000	0.578
38070.000	0.571
38080.000	0.575
38090.000	0.568
38100.000	0.558
38110.000	0.567
38120.000	0.564
38130.000	0.564
38140.000	0.545
38150.000	0.566
38160.000	0.576
38170.000	0.563
38180.000	0.569
38190.000	0.557
38200.000	0.575
38210.000	0.569
38220.000	0.559
38230.000	0.555
38240.000	0.564
38250.000	0.568
38260.000	0.560
38270.000	0.565
38280.000	0.561
38290.000	0.557
38300.000	0.578
38310.000	0.561
38320.000	0.548
38330.000	0.549
38340.000	0.549
38350.000	0.549
38360.000	0.534
38370.000	0.522
38380.000	0.524
38390.000	0.510
38400.000	0.519
38410.000	0.508
38420.000	0.510
38430.000	0.496
38440.000	0.495
38450.000	0.510
38460.000	0.518
38470.000	0.503
38480.000	0.492
38490.000	0.486
38500.000	0.463
38510.000	0.459
38520.000	0.472
38530.000	0.470
38540.000	0.482
38550.000	0.483
38560.000	0.466
38570.000	0.471
38580.000	0.468
38590.000	0.477
38600.000	0.473
38610.000	0.461
38620.000	0.449
38630.000	0.454
38640.000	0.470
38650.000	0.462
38660.000	0.448
38670.000	0.453
38680.000	0.481
38690.000	0.466
38700.000	0.458
38710.000	0.455
38720.000	0.458
38730.000	0.463
38740.000	0.459
38750.000	0.452
38760.000	0.448
38770.000	0.446
38780.000	0.437
38790.000	0.449
38800.000	0.449
38810.000	0.440
38820.000	0.432
38830.000	0.440
38840.000	0.436
38850.000	0.424
38860.000	0.422
38870.000	0.409
38880.000	0.413
38890.000	0.425
38900.000	0.433
38910.000	0.425
38920.000	0.417
38930.000	0.410
38940.000	0.433
38950.000	0.424
38960.000	0.411
38970.000	0.420
38980.000	0.429
38990.000	0.413
39000.000	0.415
39010.000	0.403
39020.000	0.405
39030.000	0.417
39040.000	0.410
39050.000	0.395
39060.000	0.384
39070.000	0.400
39080.000	0.395
39090.000	0.395
39100.000	0.386
39110.000	0.370
39120.000	0.360
39130.000	0.369
39140.000	0.391
39150.000	0.385
39160.000	0.381
39170.000	0.391
39180.000	0.380
39190.000	0.369
39200.000	0.380
39210.000	0.377
39220.000	0.371
39230.000	0.375
39240.000	0.371
39250.000	0.376
39260.000	0.382
39270.000	0.379
39280.000	0.369
39290.000	0.358
39300.000	0.360
39310.000	0.364
39320.000	0.372
39330.000	0.365
39340.000	0.356
39350.000	0.348
39360.000	0.348
39370.000	0.357
39380.000	0.358
39390.000	0.356
39400.000	0.365
39410.000	0.367
39420.000	0.346
39430.000	0.349
39440.000	0.346
39450.000	0.352
39460.000	0.340
39470.000	0.333
39480.000	0.331
39490.000	0.338
39500.000	0.333
39510.000	0.343
39520.000	0.351
39530.000	0.358
39540.000	0.346
39550.000	0.345
39560.000	0.334
39570.000	0.313
39580.000	0.316
39590.000	0.334
39600.000	0.332
39610.000	0.340
39620.000	0.334
39630.000	0.328
39640.000	0.315
39650.000	0.313
39660.000	0.307
39670.000	0.319
39680.000	0.311
39690.000	0.326
39700.000	0.336
39710.000	0.334
39720.000	0.326
39730.000	0.323
39740.000	0.325
39750.000	0.314
39760.000	0.315
39770.000	0.313
39780.000	0.317
39790.000	0.314
39800.000	0.318
39810.000	0.322
39820.000	0.319
39830.000	0.321
39840.000	0.303
39850.000	0.299
39860.000	0.303
39870.000	0.308
39880.000	0.299
39890.000	0.291
39900.000	0.290
39910.000	0.294
39920.000	0.301
39930.000	0.297
39940.000	0.295
39950.000	0.312
39960.000	0.306
39970.000	0.295
39980.000	0.297
39990.000	0.284
40000.000	0.286
40010.000	0.289
40020.000	0.294
40030.000	0.286
40040.000	0.289
40050.000	0.284
40060.000	0.298
40070.000	0.301
40080.000	0.301
40090.000	0.291
40100.000	0.300
40110.000	0.308
40120.000	0.301
40130.000	0.292
40140.000	0.297
40150.000	0.298
40160.000	0.284
40170.000	0.285
40180.000	0.290
40190.000	0.278
40200.000	0.283
40210.000	0.291
40220.000	0.295
40230.000	0.288
40240.000	0.288
40250.000	0.284
40260.000	0.277
40270.000	0.285
40280.000	0.290
40290.000	0.294
40300.000	0.295
40310.000	0.291
40320.000	0.287
40330.000	0.289
40340.000	0.293
40350.000	0.290
40360.000	0.292
40370.000	0.286
40380.000	0.270
40390.000	0.264
40400.000	0.269
40410.000	0.270
40420.000	0.265
40430.000	0.273
40440.000	0.274
40450.000	0.270
40460.000	0.265
40470.000	0.261
40480.000	0.261
40490.000	0.270
40500.000	0.268
40510.000	0.260
40520.000	0.266
40530.000	0.272
40540.000	0.265
40550.000	0.248
40560.000	0.249
40570.000	0.254
40580.000	0.264
40590.000	0.261
40600.000	0.267
40610.000	0.271
40620.000	0.264
40630.000	0.256
40640.000	0.260
40650.000	0.261
40660.000	0.252
40670.000	0.256
40680.000	0.258
40690.000	0.258
40700.000	0.255
40710.000	0.250
40720.000	0.246
40730.000	0.252
40740.000	0.256
40750.000	0.245
40760.000	0.253
40770.000	0.246
40780.000	0.248
40790.000	0.252
40800.000	0.252
40810.000	0.248
40820.000	0.240
40830.000	0.247
40840.000	0.235
40850.000	0.239
40860.000	0.240
40870.000	0.243
40880.000	0.236
40890.000	0.234
40900.000	0.242
40910.000	0.250
40920.000	0.248
40930.000	0.246
40940.000	0.248
40950.000	0.247
40960.000	0.238
40970.000	0.237
40980.000	0.242
40990.000	0.245
41000.000	0.243
41010.000	0.239
41020.000	0.232
41030.000	0.235
41040.000	0.233
41050.000	0.235
41060.000	0.235
41070.000	0.230
41080.000	0.239
41090.000	0.234
41100.000	0.238
41110.000	0.240
41120.000	0.239
41130.000	0.234
41140.000	0.243
41150.000	0.246
41160.000	0.246
41170.000	0.240
41180.000	0.242
41190.000	0.242
41200.000	0.240
41210.000	0.242
41220.000	0.233
41230.000	0.229
41240.000	0.238
41250.000	0.239
41260.000	0.241
41270.000	0.240
41280.000	0.243
41290.000	0.238
41300.000	0.234
41310.000	0.231
41320.000	0.227
41330.000	0.214
41340.000	0.228
41350.000	0.243
41360.000	0.238
41370.000	0.229
41380.000	0.228
41390.000	0.224
41400.000	0.229
41410.000	0.236
41420.000	0.235
41430.000	0.231
41440.000	0.235
41450.000	0.231
41460.000	0.218
41470.000	0.224
41480.000	0.219
41490.000	0.214
41500.000	0.225
41510.000	0.227
41520.000	0.220
41530.000	0.222
41540.000	0.218
41550.000	0.217
41560.000	0.221
41570.000	0.222
41580.000	0.219
41590.000	0.221
41600.000	0.222
41610.000	0.217
41620.000	0.212
41630.000	0.215
41640.000	0.218
41650.000	0.216
41660.000	0.211
41670.000	0.216
41680.000	0.208
41690.000	0.214
41700.000	0.207
41710.000	0.215
41720.000	0.213
41730.000	0.215
41740.000	0.212
41750.000	0.207
41760.000	0.207
41770.000	0.206
41780.000	0.204
41790.000	0.203
41800.000	0.214
41810.000	0.211
41820.000	0.209
41830.000	0.205
41840.000	0.202
41850.000	0.210
41860.000	0.216
41870.000	0.210
41880.000	0.205
41890.000	0.205
41900.000	0.205
41910.000	0.197
41920.000	0.202
41930.000	0.203
41940.000	0.194
41950.000	0.196
41960.000	0.194
41970.000	0.188
41980.000	0.198
41990.000	0.201
42000.000	0.195
42010.000	0.202
42020.000	0.198
42030.000	0.197
42040.000	0.193
42050.000	0.190
42060.000	0.197
42070.000	0.200
42080.000	0.205
42090.000	0.202
42100.000	0.207
42110.000	0.210
42120.000	0.205
42130.000	0.208
42140.000	0.207
42150.000	0.210
42160.000	0.212
42170.000	0.217
42180.000	0.207
42190.000	0.210
42200.000	0.207
42210.000	0.201
42220.000	0.201
42230.000	0.194
42240.000	0.191
42250.000	0.197
42260.000	0.200
42270.000	0.201
42280.000	0.207
42290.000	0.210
42300.000	0.199
42310.000	0.188
42320.000	0.192
42330.000	0.188
42340.000	0.193
42350.000	0.193
42360.000	0.197
42370.000	0.190
42380.000	0.184
42390.000	0.185
42400.000	0.188
42410.000	0.186
42420.000	0.195
42430.000	0.196
42440.000	0.196
42450.000	0.191
42460.000	0.189
42470.000	0.192
42480.000	0.200
42490.000	0.195
42500.000	0.186
42510.000	0.191
42520.000	0.201
42530.000	0.196
42540.000	0.193
42550.000	0.190
42560.000	0.196
42570.000	0.190
42580.000	0.198
42590.000	0.188
42600.000	0.186
42610.000	0.185
42620.000	0.193
42630.000	0.193
42640.000	0.195
42650.000	0.192
42660.000	0.187
42670.000	0.187
42680.000	0.185
42690.000	0.187
42700.000	0.190
42710.000	0.186
42720.000	0.177
42730.000	0.186
42740.000	0.184
42750.000	0.185
42760.000	0.181
42770.000	0.176
42780.000	0.178
42790.000	0.182
42800.000	0.186
42810.000	0.166
42820.000	0.155
42830.000	0.143
42840.000	0.147
42850.000	0.145
42860.000	0.146
42870.000	0.146
42880.000	0.144
42890.000	0.145
42900.000	0.144
42910.000	0.142
42920.000	0.138
42930.000	0.139
42940.000	0.144
42950.000	0.134
42960.000	0.133
42970.000	0.134
42980.000	0.132
42990.000	0.132
43000.000	0.136
43010.000	0.139
43020.000	0.134
43030.000	0.130
43040.000	0.131
43050.000	0.133
43060.000	0.134
43070.000	0.137
43080.000	0.131
43090.000	0.131
43100.000	0.137
43110.000	0.140
43120.000	0.147
43130.000	0.160
43140.000	0.165
43150.000	0.168
43160.000	0.165
43170.000	0.167
43180.000	0.175
43190.000	0.172
43200.000	0.176
43210.000	0.177
43220.000	0.173
43230.000	0.172
43240.000	0.168
43250.000	0.170
43260.000	0.168
43270.000	0.176
43280.000	0.174
43290.000	0.175
43300.000	0.171
43310.000	0.166
43320.000	0.164
43330.000	0.163
43340.000	0.171
43350.000	0.165
43360.000	0.169
43370.000	0.164
43380.000	0.164
43390.000	0.159
43400.000	0.162
43410.000	0.167
43420.000	0.171
43430.000	0.170
43440.000	0.163
43450.000	0.162
43460.000	0.167
43470.000	0.183
43480.000	0.171
43490.000	0.173
43500.000	0.165
43510.000	0.166
43520.000	0.163
43530.000	0.161
43540.000	0.165
43550.000	0.159
43560.000	0.160
43570.000	0.166
43580.000	0.170
43590.000	0.169
43600.000	0.172
43610.000	0.168
43620.000	0.168
43630.000	0.164
43640.000	0.162
43650.000	0.170
43660.000	0.169
43670.000	0.170
43680.000	0.173
43690.000	0.167
43700.000	0.165
43710.000	0.167
43720.000	0.174
43730.000	0.176
43740.000	0.181
43750.000	0.178
43760.000	0.176
43770.000	0.168
43780.000	0.172
43790.000	0.172
43800.000	0.167
43810.000	0.169
43820.000	0.173
43830.000	0.164
43840.000	0.168
43850.000	0.172
43860.000	0.168
43870.000	0.162
43880.000	0.163
43890.000	0.165
43900.000	0.163
43910.000	0.158
43920.000	0.160
43930.000	0.152
43940.000	0.155
43950.000	0.162
43960.000	0.163
43970.000	0.160
43980.000	0.158
43990.000	0.156
44000.000	0.156
44010.000	0.150
44020.000	0.153
44030.000	0.159
44040.000	0.153
44050.000	0.151
44060.000	0.147
44070.000	0.137
44080.000	0.139
44090.000	0.152
44100.000	0.149
44110.000	0.156
44120.000	0.142
44130.000	0.152
44140.000	0.147
44150.000	0.135
44160.000	0.129
44170.000	0.128
44180.000	0.135
44190.000	0.137
44200.000	0.129
44210.000	0.128
44220.000	0.128
44230.000	0.130
44240.000	0.130
44250.000	0.127
44260.000	0.119
44270.000	0.117
44280.000	0.114
44290.000	0.116
44300.000	0.111
44310.000	0.096
44320.000	0.090
44330.000	0.088
44340.000	0.092
44350.000	0.107
44360.000	0.105
44370.000	0.101
44380.000	0.098
44390.000	0.098
44400.000	0.099
44410.000	0.096
44420.000	0.099
44430.000	0.096
44440.000	0.096
44450.000	0.101
44460.000	0.100
44470.000	0.104
44480.000	0.102
44490.000	0.097
44500.000	0.098
44510.000	0.095
44520.000	0.098
44530.000	0.096
44540.000	0.096
44550.000	0.094
44560.000	0.088
44570.000	0.093
44580.000	0.093
44590.000	0.095
44600.000	0.091
44610.000	0.091
44620.000	0.083
44630.000	0.084
44640.000	0.081
44650.000	0.077
44660.000	0.078
44670.000	0.082
44680.000	0.080
44690.000	0.079
44700.000	0.078
44710.000	0.079
44720.000	0.075
44730.000	0.076
44740.000	0.071
44750.000	0.071
44760.000	0.073
44770.000	0.075
44780.000	0.073
44790.000	0.071
44800.000	0.071
44810.000	0.072
44820.000	0.070
44830.000	0.068
44840.000	0.067
44850.000	0.071
44860.000	0.068
44870.000	0.064
44880.000	0.070
44890.000	0.074
44900.000	0.071
44910.000	0.065
44920.000	0.069
44930.000	0.070
44940.000	0.063
44950.000	0.067
44960.000	0.071
44970.000	0.070
44980.000	0.065
44990.000	0.070
45000.000	0.066
45010.000	0.063
45020.000	0.061
45030.000	0.066
45040.000	0.070
45050.000	0.065
45060.000	0.065
45070.000	0.065
45080.000	0.067
45090.000	0.062
45100.000	0.064
45110.000	0.066
45120.000	0.068
45130.000	0.066
45140.000	0.064
45150.000	0.061
45160.000	0.069
45170.000	0.065
45180.000	0.064
45190.000	0.063
45200.000	0.066
45210.000	0.074
45220.000	0.069
45230.000	0.065
45240.000	0.067
45250.000	0.069
45260.000	0.072
45270.000	0.065
45280.000	0.065
45290.000	0.067
45300.000	0.070
45310.000	0.067
45320.000	0.069
45330.000	0.066
45340.000	0.059
45350.000	0.064
45360.000	0.067
45370.000	0.070
45380.000	0.066
45390.000	0.070
45400.000	0.072
45410.000	0.073
45420.000	0.069
45430.000	0.069
45440.000	0.074
45450.000	0.070
45460.000	0.064
45470.000	0.067
45480.000	0.065
45490.000	0.066
45500.000	0.071
45510.000	0.068
45520.000	0.066
45530.000	0.069
45540.000	0.070
45550.000	0.070
45560.000	0.067
45570.000	0.067
45580.000	0.070
45590.000	0.070
45600.000	0.067
45610.000	0.070
45620.000	0.074
45630.000	0.071
45640.000	0.072
45650.000	0.075
45660.000	0.076
45670.000	0.072
45680.000	0.072
45690.000	0.071
45700.000	0.073
45710.000	0.075
45720.000	0.072
45730.000	0.072
45740.000	0.077
45750.000	0.077
45760.000	0.072
45770.000	0.074
45780.000	0.078
45790.000	0.077
45800.000	0.075
45810.000	0.083
45820.000	0.081
45830.000	0.083
45840.000	0.075
45850.000	0.074
45860.000	0.075
45870.000	0.077
45880.000	0.077
45890.000	0.071
45900.000	0.068
45910.000	0.069
45920.000	0.073
45930.000	0.076
45940.000	0.079
45950.000	0.078
45960.000	0.077
45970.000	0.071
45980.000	0.079
45990.000	0.078
46000.000	0.090
46010.000	0.084
46020.000	0.081
46030.000	0.077
46040.000	0.077
46050.000	0.079
46060.000	0.084
46070.000	0.081
46080.000	0.081
46090.000	0.081
46100.000	0.079
46110.000	0.080
46120.000	0.077
46130.000	0.077
46140.000	0.081
46150.000	0.080
46160.000	0.076
46170.000	0.083
46180.000	0.076
46190.000	0.074
46200.000	0.078
46210.000	0.080
46220.000	0.076
46230.000	0.073
46240.000	0.079
46250.000	0.070
46260.000	0.071
46270.000	0.077
46280.000	0.076
46290.000	0.073
46300.000	0.075
46310.000	0.078
46320.000	0.076
46330.000	0.080
46340.000	0.081
46350.000	0.081
46360.000	0.079
46370.000	0.081
46380.000	0.085
46390.000	0.083
46400.000	0.085
46410.000	0.082
46420.000	0.082
46430.000	0.088
46440.000	0.085
46450.000	0.083
46460.000	0.082
46470.000	0.085
46480.000	0.086
46490.000	0.085
46500.000	0.083
46510.000	0.084
46520.000	0.081
46530.000	0.080
46540.000	0.080
46550.000	0.079
46560.000	0.079
46570.000	0.079
46580.000	0.080
46590.000	0.079
46600.000	0.075
46610.000	0.077
46620.000	0.078
46630.000	0.078
46640.000	0.078
46650.000	0.081
46660.000	0.082
46670.000	0.085
46680.000	0.080
46690.000	0.081
46700.000	0.080
46710.000	0.076
46720.000	0.075
46730.000	0.079
46740.000	0.081
46750.000	0.081
46760.000	0.080
46770.000	0.080
46780.000	0.078
46790.000	0.075
46800.000	0.073
46810.000	0.073
46820.000	0.075
46830.000	0.076
46840.000	0.077
46850.000	0.078
46860.000	0.073
46870.000	0.074
46880.000	0.076
46890.000	0.075
46900.000	0.074
46910.000	0.076
46920.000	0.077
46930.000	0.082
46940.000	0.087
46950.000	0.085
46960.000	0.086
46970.000	0.081
46980.000	0.082
46990.000	0.077
47000.000	0.079
47010.000	0.081
47020.000	0.080
47030.000	0.082
47040.000	0.086
47050.000	0.088
47060.000	0.087
47070.000	0.088
47080.000	0.083
47090.000	0.080
47100.000	0.078
47110.000	0.080
47120.000	0.086
47130.000	0.087
47140.000	0.086
47150.000	0.082
47160.000	0.082
47170.000	0.078
47180.000	0.082
47190.000	0.082
47200.000	0.085
47210.000	0.083
47220.000	0.080
47230.000	0.077
47240.000	0.075
47250.000	0.076
47260.000	0.081
47270.000	0.084
47280.000	0.082
47290.000	0.081
47300.000	0.084
47310.000	0.084
47320.000	0.085
47330.000	0.080
47340.000	0.073
47350.000	0.072
47360.000	0.074
47370.000	0.072
47380.000	0.073
47390.000	0.072
47400.000	0.077
47410.000	0.076
47420.000	0.073
47430.000	0.071
47440.000	0.070
47450.000	0.067
47460.000	0.069
47470.000	0.072
47480.000	0.073
47490.000	0.073
47500.000	0.071
47510.000	0.069
47520.000	0.070
47530.000	0.069
47540.000	0.072
47550.000	0.071
47560.000	0.066
47570.000	0.069
47580.000	0.065
47590.000	0.069
47600.000	0.069
47610.000	0.073
47620.000	0.070
47630.000	0.066
47640.000	0.066
47650.000	0.066
47660.000	0.065
47670.000	0.068
47680.000	0.067
47690.000	0.072
47700.000	0.071
47710.000	0.067
47720.000	0.067
47730.000	0.065
47740.000	0.066
47750.000	0.068
47760.000	0.069
47770.000	0.072
47780.000	0.071
47790.000	0.067
47800.000	0.069
47810.000	0.064
47820.000	0.064
47830.000	0.070
47840.000	0.068
47850.000	0.068
47860.000	0.070
47870.000	0.068
47880.000	0.076
47890.000	0.073
47900.000	0.070
47910.000	0.069
47920.000	0.065
47930.000	0.061
47940.000	0.062
47950.000	0.066
47960.000	0.066
47970.000	0.070
47980.000	0.069
47990.000	0.068
48000.000	0.067
48010.000	0.065
48020.000	0.064
48030.000	0.066
48040.000	0.067
48050.000	0.071
48060.000	0.070
48070.000	0.072
48080.000	0.075
48090.000	0.071
48100.000	0.071
48110.000	0.067
48120.000	0.067
48130.000	0.070
48140.000	0.070
48150.000	0.072
48160.000	0.068
48170.000	0.068
48180.000	0.066
48190.000	0.066
48200.000	0.067
48210.000	0.066
48220.000	0.063
48230.000	0.064
48240.000	0.063
48250.000	0.063
48260.000	0.064
48270.000	0.063
48280.000	0.061
48290.000	0.061
48300.000	0.065
48310.000	0.070
48320.000	0.066
48330.000	0.065
48340.000	0.064
48350.000	0.061
48360.000	0.065
48370.000	0.064
48380.000	0.064
48390.000	0.063
48400.000	0.060
48410.000	0.059
48420.000	0.064
48430.000	0.063
48440.000	0.063
48450.000	0.064
48460.000	0.065
48470.000	0.064
48480.000	0.063
48490.000	0.064
48496.000	0.067
