10.000	0.185
20.000	0.191
30.000	0.191
40.000	0.196
50.000	0.198
60.000	0.197
70.000	0.196
80.000	0.198
90.000	0.199
100.000	0.198
110.000	0.200
120.000	0.199
130.000	0.196
140.000	0.202
150.000	0.201
160.000	0.203
170.000	0.200
180.000	0.204
190.000	0.205
200.000	0.205
210.000	0.203
220.000	0.201
230.000	0.198
240.000	0.203
250.000	0.205
260.000	0.205
270.000	0.202
280.000	0.205
290.000	0.205
300.000	0.201
310.000	0.205
320.000	0.205
330.000	0.203
340.000	0.208
350.000	0.205
360.000	0.202
370.000	0.203
380.000	0.205
390.000	0.207
400.000	0.204
410.000	0.205
420.000	0.208
430.000	0.207
440.000	0.204
450.000	0.208
460.000	0.208
470.000	0.207
480.000	0.209
490.000	0.211
500.000	0.215
510.000	0.217
520.000	0.216
530.000	0.215
540.000	0.214
550.000	0.215
560.000	0.216
570.000	0.217
580.000	0.217
590.000	0.216
600.000	0.219
610.000	0.220
620.000	0.221
630.000	0.217
640.000	0.218
650.000	0.222
660.000	0.219
670.000	0.219
680.000	0.217
690.000	0.222
700.000	0.220
710.000	0.218
720.000	0.218
730.000	0.218
740.000	0.218
750.000	0.223
760.000	0.220
770.000	0.223
780.000	0.217
790.000	0.221
800.000	0.221
810.000	0.222
820.000	0.223
830.000	0.223
840.000	0.223
850.000	0.226
860.000	0.222
870.000	0.223
880.000	0.228
890.000	0.223
900.000	0.227
910.000	0.224
920.000	0.227
930.000	0.226
940.000	0.228
950.000	0.224
960.000	0.224
970.000	0.225
980.000	0.228
990.000	0.228
1000.000	0.229
1010.000	0.226
1020.000	0.226
1030.000	0.227
1040.000	0.231
1050.000	0.226
1060.000	0.226
1070.000	0.227
1080.000	0.228
1090.000	0.232
1100.000	0.229
1110.000	0.228
1120.000	0.226
1130.000	0.229
1140.000	0.229
1150.000	0.234
1160.000	0.230
1170.000	0.229
1180.000	0.233
1190.000	0.231
1200.000	0.231
1210.000	0.235
1220.000	0.234
1230.000	0.233
1240.000	0.231
1250.000	0.229
1260.000	0.228
1270.000	0.226
1280.000	0.228
1290.000	0.230
1300.000	0.231
1310.000	0.230
1320.000	0.233
1330.000	0.231
1340.000	0.232
1350.000	0.237
1360.000	0.234
1370.000	0.236
1380.000	0.238
1390.000	0.238
1400.000	0.234
1410.000	0.234
1420.000	0.235
1430.000	0.233
1440.000	0.234
1450.000	0.239
1460.000	0.236
1470.000	0.236
1480.000	0.237
1490.000	0.236
1500.000	0.233
1510.000	0.232
1520.000	0.234
1530.000	0.235
1540.000	0.236
1550.000	0.236
1560.000	0.235
1570.000	0.235
1580.000	0.233
1590.000	0.236
1600.000	0.237
1610.000	0.237
1620.000	0.241
1630.000	0.238
1640.000	0.240
1650.000	0.236
1660.000	0.236
1670.000	0.236
1680.000	0.244
1690.000	0.239
1700.000	0.236
1710.000	0.237
1720.000	0.239
1730.000	0.241
1740.000	0.242
1750.000	0.243
1760.000	0.241
1770.000	0.243
1780.000	0.245
1790.000	0.243
1800.000	0.243
1810.000	0.243
1820.000	0.237
1830.000	0.239
1840.000	0.244
1850.000	0.244
1860.000	0.246
1870.000	0.247
1880.000	0.247
1890.000	0.249
1900.000	0.243
1910.000	0.248
1920.000	0.243
1930.000	0.244
1940.000	0.243
1950.000	0.246
1960.000	0.246
1970.000	0.245
1980.000	0.247
1990.000	0.244
2000.000	0.243
2010.000	0.242
2020.000	0.242
2030.000	0.242
2040.000	0.246
2050.000	0.247
2060.000	0.242
2070.000	0.244
2080.000	0.245
2090.000	0.244
2100.000	0.248
2110.000	0.243
2120.000	0.247
2130.000	0.252
2140.000	0.248
2150.000	0.245
2160.000	0.244
2170.000	0.248
2180.000	0.250
2190.000	0.250
2200.000	0.252
2210.000	0.253
2220.000	0.250
2230.000	0.248
2240.000	0.254
2250.000	0.254
2260.000	0.257
2270.000	0.255
2280.000	0.256
2290.000	0.256
2300.000	0.252
2310.000	0.249
2320.000	0.248
2330.000	0.255
2340.000	0.256
2350.000	0.254
2360.000	0.252
2370.000	0.253
2380.000	0.252
2390.000	0.251
2400.000	0.253
2410.000	0.254
2420.000	0.250
2430.000	0.253
2440.000	0.251
2450.000	0.253
2460.000	0.257
2470.000	0.253
2480.000	0.251
2490.000	0.252
2500.000	0.253
2510.000	0.250
2520.000	0.257
2530.000	0.256
2540.000	0.260
2550.000	0.258
2560.000	0.253
2570.000	0.257
2580.000	0.256
2590.000	0.259
2600.000	0.261
2610.000	0.264
2620.000	0.262
2630.000	0.260
2640.000	0.259
2650.000	0.259
2660.000	0.257
2670.000	0.259
2680.000	0.264
2690.000	0.264
2700.000	0.261
2710.000	0.266
2720.000	0.260
2730.000	0.261
2740.000	0.259
2750.000	0.260
2760.000	0.259
2770.000	0.262
2780.000	0.264
2790.000	0.257
2800.000	0.255
2810.000	0.262
2820.000	0.261
2830.000	0.265
2840.000	0.266
2850.000	0.260
2860.000	0.262
2870.000	0.265
2880.000	0.266
2890.000	0.262
2900.000	0.259
2910.000	0.262
2920.000	0.261
2930.000	0.265
2940.000	0.265
2950.000	0.267
2960.000	0.264
2970.000	0.267
2980.000	0.268
2990.000	0.268
3000.000	0.267
3010.000	0.266
3020.000	0.265
3030.000	0.263
3040.000	0.264
3050.000	0.262
3060.000	0.267
3070.000	0.269
3080.000	0.270
3090.000	0.269
3100.000	0.266
3110.000	0.264
3120.000	0.265
3130.000	0.269
3140.000	0.265
3150.000	0.263
3160.000	0.263
3170.000	0.261
3180.000	0.264
3190.000	0.266
3200.000	0.267
3210.000	0.268
3220.000	0.267
3230.000	0.265
3240.000	0.265
3250.000	0.264
3260.000	0.264
3270.000	0.268
3280.000	0.267
3290.000	0.265
3300.000	0.263
3310.000	0.266
3320.000	0.268
3330.000	0.275
3340.000	0.272
3350.000	0.272
3360.000	0.275
3370.000	0.274
3380.000	0.272
3390.000	0.271
3400.000	0.272
3410.000	0.278
3420.000	0.275
3430.000	0.274
3440.000	0.277
3450.000	0.275
3460.000	0.273
3470.000	0.273
3480.000	0.274
3490.000	0.278
3500.000	0.270
3510.000	0.272
3520.000	0.272
3530.000	0.273
3540.000	0.272
3550.000	0.272
3560.000	0.268
3570.000	0.270
3580.000	0.273
3590.000	0.270
3600.000	0.275
3610.000	0.275
3620.000	0.268
3630.000	0.272
3640.000	0.273
3650.000	0.273
3660.000	0.277
3670.000	0.279
3680.000	0.275
3690.000	0.279
3700.000	0.279
3710.000	0.277
3720.000	0.275
3730.000	0.278
3740.000	0.278
3750.000	0.275
3760.000	0.276
3770.000	0.274
3780.000	0.276
3790.000	0.277
3800.000	0.280
3810.000	0.275
3820.000	0.278
3830.000	0.279
3840.000	0.277
3850.000	0.280
3860.000	0.278
3870.000	0.279
3880.000	0.280
3890.000	0.281
3900.000	0.278
3910.000	0.278
3920.000	0.279
3930.000	0.279
3940.000	0.280
3950.000	0.276
3960.000	0.281
3970.000	0.282
3980.000	0.284
3990.000	0.283
4000.000	0.282
4010.000	0.279
4020.000	0.279
4030.000	0.280
4040.000	0.279
4050.000	0.278
4060.000	0.281
4070.000	0.278
4080.000	0.282
4090.000	0.281
4100.000	0.284
4110.000	0.285
4120.000	0.283
4130.000	0.284
4140.000	0.284
4150.000	0.285
4160.000	0.288
4170.000	0.289
4180.000	0.285
4190.000	0.285
4200.000	0.284
4210.000	0.287
4220.000	0.284
4230.000	0.288
4240.000	0.289
4250.000	0.288
4260.000	0.286
4270.000	0.287
4280.000	0.286
4290.000	0.289
4300.000	0.290
4310.000	0.285
4320.000	0.285
4330.000	0.289
4340.000	0.292
4350.000	0.291
4360.000	0.284
4370.000	0.287
4380.000	0.284
4390.000	0.290
4400.000	0.287
4410.000	0.287
4420.000	0.289
4430.000	0.286
4440.000	0.290
4450.000	0.284
4460.000	0.292
4470.000	0.290
4480.000	0.293
4490.000	0.294
4500.000	0.291
4510.000	0.293
4520.000	0.295
4530.000	0.285
4540.000	0.286
4550.000	0.288
4560.000	0.288
4570.000	0.287
4580.000	0.288
4590.000	0.287
4600.000	0.289
4610.000	0.291
4620.000	0.289
4630.000	0.290
4640.000	0.294
4650.000	0.291
4660.000	0.293
4670.000	0.295
4680.000	0.290
4690.000	0.291
4700.000	0.296
4710.000	0.294
4720.000	0.292
4730.000	0.292
4740.000	0.292
4750.000	0.292
4760.000	0.289
4770.000	0.293
4780.000	0.296
4790.000	0.297
4800.000	0.295
4810.000	0.290
4820.000	0.292
4830.000	0.291
4840.000	0.294
4850.000	0.297
4860.000	0.296
4870.000	0.297
4880.000	0.298
4890.000	0.294
4900.000	0.295
4910.000	0.297
4920.000	0.299
4930.000	0.298
4940.000	0.296
4950.000	0.296
4960.000	0.301
4970.000	0.296
4980.000	0.295
4990.000	0.291
5000.000	0.291
5010.000	0.296
5020.000	0.299
5030.000	0.298
5040.000	0.299
5050.000	0.300
5060.000	0.298
5070.000	0.297
5080.000	0.292
5090.000	0.296
5100.000	0.297
5110.000	0.301
5120.000	0.296
5130.000	0.296
5140.000	0.294
5150.000	0.297
5160.000	0.298
5170.000	0.299
5180.000	0.299
5190.000	0.300
5200.000	0.299
5210.000	0.297
5220.000	0.293
5230.000	0.294
5240.000	0.295
5250.000	0.294
5260.000	0.297
5270.000	0.302
5280.000	0.298
5290.000	0.300
5300.000	0.296
5310.000	0.298
5320.000	0.295
5330.000	0.299
5340.000	0.298
5350.000	0.301
5360.000	0.294
5370.000	0.298
5380.000	0.301
5390.000	0.298
5400.000	0.303
5410.000	0.304
5420.000	0.308
5430.000	0.305
5440.000	0.303
5450.000	0.301
5460.000	0.307
5470.000	0.303
5480.000	0.306
5490.000	0.304
5500.000	0.305
5510.000	0.304
5520.000	0.300
5530.000	0.303
5540.000	0.301
5550.000	0.301
5560.000	0.304
5570.000	0.305
5580.000	0.301
5590.000	0.301
5600.000	0.302
5610.000	0.301
5620.000	0.303
5630.000	0.305
5640.000	0.305
5650.000	0.305
5660.000	0.307
5670.000	0.307
5680.000	0.307
5690.000	0.305
5700.000	0.306
5710.000	0.311
5720.000	0.307
5730.000	0.307
5740.000	0.309
5750.000	0.309
5760.000	0.309
5770.000	0.306
5780.000	0.306
5790.000	0.308
5800.000	0.306
5810.000	0.304
5820.000	0.309
5830.000	0.312
5840.000	0.311
5850.000	0.302
5860.000	0.304
5870.000	0.310
5880.000	0.308
5890.000	0.310
5900.000	0.310
5910.000	0.307
5920.000	0.309
5930.000	0.307
5940.000	0.311
5950.000	0.314
5960.000	0.316
5970.000	0.310
5980.000	0.305
5990.000	0.302
6000.000	0.306
6010.000	0.311
6020.000	0.312
6030.000	0.312
6040.000	0.310
6050.000	0.311
6060.000	0.310
6070.000	0.312
6080.000	0.315
6090.000	0.313
6100.000	0.313
6110.000	0.314
6120.000	0.311
6130.000	0.314
6140.000	0.317
6150.000	0.319
6160.000	0.313
6170.000	0.315
6180.000	0.315
6190.000	0.312
6200.000	0.312
6210.000	0.318
6220.000	0.311
6230.000	0.312
6240.000	0.313
6250.000	0.313
6260.000	0.318
6270.000	0.313
6280.000	0.315
6290.000	0.316
6300.000	0.312
6310.000	0.313
6320.000	0.310
6330.000	0.310
6340.000	0.310
6350.000	0.312
6360.000	0.310
6370.000	0.312
6380.000	0.317
6390.000	0.317
6400.000	0.317
6410.000	0.315
6420.000	0.311
6430.000	0.310
6440.000	0.316
6450.000	0.319
6460.000	0.319
6470.000	0.319
6480.000	0.320
6490.000	0.318
6500.000	0.321
6510.000	0.319
6520.000	0.319
6530.000	0.319
6540.000	0.319
6550.000	0.317
6560.000	0.318
6570.000	0.319
6580.000	0.320
6590.000	0.314
6600.000	0.313
6610.000	0.317
6620.000	0.320
6630.000	0.318
6640.000	0.318
6650.000	0.322
6660.000	0.319
6670.000	0.317
6680.000	0.322
6690.000	0.322
6700.000	0.319
6710.000	0.318
6720.000	0.319
6730.000	0.314
6740.000	0.318
6750.000	0.320
6760.000	0.314
6770.000	0.321
6780.000	0.318
6790.000	0.318
6800.000	0.317
6810.000	0.322
6820.000	0.321
6830.000	0.320
6840.000	0.319
6850.000	0.319
6860.000	0.322
6870.000	0.322
6880.000	0.324
6890.000	0.323
6900.000	0.317
6910.000	0.322
6920.000	0.318
6930.000	0.316
6940.000	0.322
6950.000	0.318
6960.000	0.320
6970.000	0.324
6980.000	0.319
6990.000	0.318
7000.000	0.322
7010.000	0.328
7020.000	0.324
7030.000	0.322
7040.000	0.320
7050.000	0.320
7060.000	0.320
7070.000	0.318
7080.000	0.320
7090.000	0.322
7100.000	0.319
7110.000	0.322
7120.000	0.323
7130.000	0.324
7140.000	0.326
7150.000	0.326
7160.000	0.319
7170.000	0.326
7180.000	0.321
7190.000	0.315
7200.000	0.319
7210.000	0.321
7220.000	0.321
7230.000	0.325
7240.000	0.321
7250.000	0.323
7260.000	0.320
7270.000	0.322
7280.000	0.320
7290.000	0.319
7300.000	0.323
7310.000	0.324
7320.000	0.325
7330.000	0.327
7340.000	0.321
7350.000	0.322
7360.000	0.319
7370.000	0.322
7380.000	0.323
7390.000	0.325
7400.000	0.322
7410.000	0.326
7420.000	0.324
7430.000	0.322
7440.000	0.328
7450.000	0.323
7460.000	0.319
7470.000	0.324
7480.000	0.322
7490.000	0.325
7500.000	0.328
7510.000	0.327
7520.000	0.327
7530.000	0.326
7540.000	0.326
7550.000	0.323
7560.000	0.320
7570.000	0.324
7580.000	0.321
7590.000	0.321
7600.000	0.321
7610.000	0.319
7620.000	0.327
7630.000	0.328
7640.000	0.327
7650.000	0.324
7660.000	0.320
7670.000	0.320
7680.000	0.324
7690.000	0.326
7700.000	0.327
7710.000	0.324
7720.000	0.327
7730.000	0.326
7740.000	0.327
7750.000	0.327
7760.000	0.325
7770.000	0.325
7780.000	0.324
7790.000	0.327
7800.000	0.329
7810.000	0.325
7820.000	0.331
7830.000	0.335
7840.000	0.328
7850.000	0.329
7860.000	0.329
7870.000	0.327
7880.000	0.322
7890.000	0.324
7900.000	0.325
7910.000	0.328
7920.000	0.331
7930.000	0.329
7940.000	0.328
7950.000	0.324
7960.000	0.327
7970.000	0.327
7980.000	0.325
7990.000	0.324
8000.000	0.330
8010.000	0.327
8020.000	0.332
8030.000	0.333
8040.000	0.327
8050.000	0.328
8060.000	0.328
8070.000	0.325
8080.000	0.329
8090.000	0.326
8100.000	0.333
8110.000	0.328
8120.000	0.328
8130.000	0.330
8140.000	0.331
8150.000	0.331
8160.000	0.329
8170.000	0.330
8180.000	0.322
8190.000	0.322
8200.000	0.324
8210.000	0.328
8220.000	0.327
8230.000	0.327
8240.000	0.326
8250.000	0.327
8260.000	0.324
8270.000	0.330
8280.000	0.330
8290.000	0.328
8300.000	0.332
8310.000	0.328
8320.000	0.327
8330.000	0.331
8340.000	0.330
8350.000	0.331
8360.000	0.330
8370.000	0.329
8380.000	0.330
8390.000	0.334
8400.000	0.329
8410.000	0.329
8420.000	0.329
8430.000	0.333
8440.000	0.327
8450.000	0.325
8460.000	0.327
8470.000	0.326
8480.000	0.330
8490.000	0.332
8500.000	0.331
8510.000	0.330
8520.000	0.335
8530.000	0.333
8540.000	0.330
8550.000	0.331
8560.000	0.332
8570.000	0.334
8580.000	0.335
8590.000	0.334
8600.000	0.328
8610.000	0.330
8620.000	0.331
8630.000	0.326
8640.000	0.326
8650.000	0.326
8660.000	0.329
8670.000	0.334
8680.000	0.336
8690.000	0.332
8700.000	0.329
8710.000	0.329
8720.000	0.331
8730.000	0.332
8740.000	0.330
8750.000	0.330
8760.000	0.325
8770.000	0.325
8780.000	0.330
8790.000	0.331
8800.000	0.330
8810.000	0.331
8820.000	0.333
8830.000	0.333
8840.000	0.332
8850.000	0.328
8860.000	0.329
8870.000	0.331
8880.000	0.331
8890.000	0.332
8900.000	0.328
8910.000	0.328
8920.000	0.332
8930.000	0.335
8940.000	0.335
8950.000	0.332
8960.000	0.332
8970.000	0.331
8980.000	0.330
8990.000	0.326
9000.000	0.326
9010.000	0.333
9020.000	0.332
9030.000	0.330
9040.000	0.334
9050.000	0.336
9060.000	0.338
9070.000	0.334
9080.000	0.340
9090.000	0.332
9100.000	0.331
9110.000	0.334
9120.000	0.337
9130.000	0.337
9140.000	0.335
9150.000	0.332
9160.000	0.333
9170.000	0.332
9180.000	0.332
9190.000	0.332
9200.000	0.334
9210.000	0.334
9220.000	0.329
9230.000	0.334
9240.000	0.336
9250.000	0.334
9260.000	0.335
9270.000	0.337
9280.000	0.337
9290.000	0.335
9300.000	0.335
9310.000	0.334
9320.000	0.337
9330.000	0.333
9340.000	0.335
9350.000	0.336
9360.000	0.339
9370.000	0.334
9380.000	0.335
9390.000	0.329
9400.000	0.331
9410.000	0.330
9420.000	0.332
9430.000	0.338
9440.000	0.334
9450.000	0.334
9460.000	0.337
9470.000	0.332
9480.000	0.334
9490.000	0.335
9500.000	0.336
9510.000	0.333
9520.000	0.335
9530.000	0.336
9540.000	0.336
9550.000	0.333
9560.000	0.329
9570.000	0.333
9580.000	0.335
9590.000	0.337
9600.000	0.336
9610.000	0.337
9620.000	0.337
9630.000	0.329
9640.000	0.334
9650.000	0.332
9660.000	0.334
9670.000	0.333
9680.000	0.335
9690.000	0.333
9700.000	0.333
9710.000	0.330
9720.000	0.336
9730.000	0.338
9740.000	0.332
9750.000	0.329
9760.000	0.331
9770.000	0.333
9780.000	0.338
9790.000	0.335
9800.000	0.337
9810.000	0.333
9820.000	0.334
9830.000	0.336
9840.000	0.335
9850.000	0.338
9860.000	0.336
9870.000	0.338
9880.000	0.339
9890.000	0.337
9900.000	0.330
9910.000	0.332
9920.000	0.332
9930.000	0.336
9940.000	0.335
9950.000	0.339
9960.000	0.338
9970.000	0.340
9980.000	0.339
9990.000	0.338
10000.000	0.337
10010.000	0.335
10020.000	0.332
10030.000	0.339
10040.000	0.333
10050.000	0.329
10060.000	0.330
10070.000	0.332
10080.000	0.331
10090.000	0.334
10100.000	0.337
10110.000	0.336
10120.000	0.335
10130.000	0.335
10140.000	0.337
10150.000	0.334
10160.000	0.338
10170.000	0.341
10180.000	0.334
10190.000	0.336
10200.000	0.333
10210.000	0.334
10220.000	0.336
10230.000	0.336
10240.000	0.334
10250.000	0.332
10260.000	0.332
10270.000	0.335
10280.000	0.334
10290.000	0.337
10300.000	0.335
10310.000	0.336
10320.000	0.336
10330.000	0.332
10340.000	0.334
10350.000	0.332
10360.000	0.333
10370.000	0.334
10380.000	0.338
10390.000	0.330
10400.000	0.331
10410.000	0.335
10420.000	0.333
10430.000	0.336
10440.000	0.333
10450.000	0.333
10460.000	0.336
10470.000	0.336
10480.000	0.334
10490.000	0.340
10500.000	0.340
10510.000	0.339
10520.000	0.340
10530.000	0.335
10540.000	0.336
10550.000	0.338
10560.000	0.337
10570.000	0.330
10580.000	0.335
10590.000	0.337
10600.000	0.339
10610.000	0.335
10620.000	0.337
10630.000	0.330
10640.000	0.332
10650.000	0.335
10660.000	0.340
10670.000	0.338
10680.000	0.331
10690.000	0.334
10700.000	0.336
10710.000	0.335
10720.000	0.342
10730.000	0.337
10740.000	0.337
10750.000	0.334
10760.000	0.335
10770.000	0.337
10780.000	0.337
10790.000	0.333
10800.000	0.331
10810.000	0.331
10820.000	0.337
10830.000	0.335
10840.000	0.342
10850.000	0.336
10860.000	0.334
10870.000	0.340
10880.000	0.336
10890.000	0.338
10900.000	0.337
10910.000	0.333
10920.000	0.334
10930.000	0.338
10940.000	0.333
10950.000	0.334
10960.000	0.339
10970.000	0.336
10980.000	0.331
10990.000	0.333
11000.000	0.339
11010.000	0.337
11020.000	0.336
11030.000	0.336
11040.000	0.340
11050.000	0.339
11060.000	0.336
11070.000	0.337
11080.000	0.335
11090.000	0.335
11100.000	0.337
11110.000	0.336
11120.000	0.332
11130.000	0.337
11140.000	0.336
11150.000	0.331
11160.000	0.335
11170.000	0.337
11180.000	0.338
11190.000	0.336
11200.000	0.336
11210.000	0.332
11220.000	0.333
11230.000	0.338
11240.000	0.337
11250.000	0.333
11260.000	0.332
11270.000	0.337
11280.000	0.337
11290.000	0.334
11300.000	0.333
11310.000	0.332
11320.000	0.331
11330.000	0.331
11340.000	0.330
11350.000	0.333
11360.000	0.330
11370.000	0.328
11380.000	0.333
11390.000	0.334
11400.000	0.332
11410.000	0.330
11420.000	0.330
11430.000	0.329
11440.000	0.327
11450.000	0.327
11460.000	0.330
11470.000	0.330
11480.000	0.329
11490.000	0.332
11500.000	0.336
11510.000	0.334
11520.000	0.335
11530.000	0.334
11540.000	0.335
11550.000	0.335
11560.000	0.331
11570.000	0.334
11580.000	0.335
11590.000	0.328
11600.000	0.330
11610.000	0.331
11620.000	0.334
11630.000	0.338
11640.000	0.335
11650.000	0.338
11660.000	0.336
11670.000	0.333
11680.000	0.331
11690.000	0.332
11700.000	0.327
11710.000	0.329
11720.000	0.329
11730.000	0.332
11740.000	0.332
11750.000	0.331
11760.000	0.329
11770.000	0.333
11780.000	0.331
11790.000	0.332
11800.000	0.329
11810.000	0.334
11820.000	0.336
11830.000	0.334
11840.000	0.334
11850.000	0.336
11860.000	0.337
11870.000	0.335
11880.000	0.331
11890.000	0.333
11900.000	0.335
11910.000	0.333
11920.000	0.338
11930.000	0.332
11940.000	0.335
11950.000	0.335
11960.000	0.332
11970.000	0.333
11980.000	0.334
11990.000	0.334
12000.000	0.332
12010.000	0.336
12020.000	0.332
12030.000	0.330
12040.000	0.332
12050.000	0.330
12060.000	0.329
12070.000	0.330
12080.000	0.331
12090.000	0.333
12100.000	0.331
12110.000	0.333
12120.000	0.327
12130.000	0.331
12140.000	0.334
12150.000	0.333
12160.000	0.331
12170.000	0.332
12180.000	0.333
12190.000	0.332
12200.000	0.332
12210.000	0.331
12220.000	0.331
12230.000	0.329
12240.000	0.333
12250.000	0.333
12260.000	0.330
12270.000	0.330
12280.000	0.332
12290.000	0.333
12300.000	0.333
12310.000	0.330
12320.000	0.330
12330.000	0.334
12340.000	0.331
12350.000	0.331
12360.000	0.328
12370.000	0.333
12380.000	0.333
12390.000	0.334
12400.000	0.336
12410.000	0.332
12420.000	0.336
12430.000	0.333
12440.000	0.333
12450.000	0.333
12460.000	0.331
12470.000	0.334
12480.000	0.331
12490.000	0.334
12500.000	0.332
12510.000	0.332
12520.000	0.335
12530.000	0.335
12540.000	0.331
12550.000	0.334
12560.000	0.331
12570.000	0.328
12580.000	0.329
12590.000	0.334
12600.000	0.333
12610.000	0.334
12620.000	0.335
12630.000	0.330
12640.000	0.329
12650.000	0.330
12660.000	0.335
12670.000	0.333
12680.000	0.337
12690.000	0.330
12700.000	0.332
12710.000	0.333
12720.000	0.333
12730.000	0.330
12740.000	0.334
12750.000	0.329
12760.000	0.333
12770.000	0.337
12780.000	0.337
12790.000	0.336
12800.000	0.334
12810.000	0.333
12820.000	0.326
12830.000	0.332
12840.000	0.328
12850.000	0.329
12860.000	0.330
12870.000	0.326
12880.000	0.334
12890.000	0.330
12900.000	0.328
12910.000	0.333
12920.000	0.332
12930.000	0.331
12940.000	0.328
12950.000	0.328
12960.000	0.336
12970.000	0.337
12980.000	0.340
12990.000	0.337
13000.000	0.332
13010.000	0.327
13020.000	0.330
13030.000	0.335
13040.000	0.334
13050.000	0.332
13060.000	0.333
13070.000	0.330
13080.000	0.331
13090.000	0.333
13100.000	0.328
13110.000	0.332
13120.000	0.327
13130.000	0.331
13140.000	0.326
13150.000	0.332
13160.000	0.327
13170.000	0.327
13180.000	0.327
13190.000	0.331
13200.000	0.327
13210.000	0.329
13220.000	0.331
13230.000	0.333
13240.000	0.337
13250.000	0.336
13260.000	0.333
13270.000	0.333
13280.000	0.331
13290.000	0.331
13300.000	0.329
13310.000	0.329
13320.000	0.333
13330.000	0.329
13340.000	0.333
13350.000	0.334
13360.000	0.333
13370.000	0.334
13380.000	0.329
13390.000	0.328
13400.000	0.330
13410.000	0.330
13420.000	0.332
13430.000	0.331
13440.000	0.328
13450.000	0.331
13460.000	0.331
13470.000	0.335
13480.000	0.337
13490.000	0.335
13500.000	0.332
13510.000	0.328
13520.000	0.325
13530.000	0.325
13540.000	0.330
13550.000	0.331
13560.000	0.330
13570.000	0.330
13580.000	0.330
13590.000	0.334
13600.000	0.336
13610.000	0.334
13620.000	0.336
13630.000	0.335
13640.000	0.331
13650.000	0.322
13660.000	0.327
13670.000	0.329
13680.000	0.328
13690.000	0.324
13700.000	0.330
13710.000	0.329
13720.000	0.335
13730.000	0.338
13740.000	0.335
13750.000	0.328
13760.000	0.324
13770.000	0.327
13780.000	0.322
13790.000	0.322
13800.000	0.325
13810.000	0.329
13820.000	0.330
13830.000	0.326
13840.000	0.332
13850.000	0.332
13860.000	0.332
13870.000	0.335
13880.000	0.335
13890.000	0.334
13900.000	0.336
13910.000	0.332
13920.000	0.324
13930.000	0.321
13940.000	0.321
13950.000	0.323
13960.000	0.325
13970.000	0.326
13980.000	0.330
13990.000	0.333
14000.000	0.336
14010.000	0.341
14020.000	0.339
14030.000	0.342
14040.000	0.336
14050.000	0.334
14060.000	0.330
14070.000	0.329
14080.000	0.321
14090.000	0.317
14100.000	0.315
14110.000	0.319
14120.000	0.322
14130.000	0.329
14140.000	0.327
14150.000	0.330
14160.000	0.329
14170.000	0.331
14180.000	0.335
14190.000	0.338
14200.000	0.333
14210.000	0.334
14220.000	0.335
14230.000	0.338
14240.000	0.329
14250.000	0.328
14260.000	0.321
14270.000	0.317
14280.000	0.321
14290.000	0.320
14300.000	0.326
14310.000	0.330
14320.000	0.330
14330.000	0.334
14340.000	0.335
14350.000	0.338
14360.000	0.337
14370.000	0.336
14380.000	0.340
14390.000	0.342
14400.000	0.343
14410.000	0.333
14420.000	0.327
14430.000	0.319
14440.000	0.317
14450.000	0.317
14460.000	0.320
14470.000	0.320
14480.000	0.327
14490.000	0.326
14500.000	0.324
14510.000	0.324
14520.000	0.325
14530.000	0.330
14540.000	0.331
14550.000	0.335
14560.000	0.340
14570.000	0.342
14580.000	0.346
14590.000	0.339
14600.000	0.333
14610.000	0.328
14620.000	0.318
14630.000	0.315
14640.000	0.310
14650.000	0.308
14660.000	0.313
14670.000	0.315
14680.000	0.320
14690.000	0.325
14700.000	0.327
14710.000	0.334
14720.000	0.336
14730.000	0.338
14740.000	0.341
14750.000	0.343
14760.000	0.345
14770.000	0.344
14780.000	0.347
14790.000	0.345
14800.000	0.343
14810.000	0.332
14820.000	0.322
14830.000	0.317
14840.000	0.317
14850.000	0.316
14860.000	0.317
14870.000	0.318
14880.000	0.320
14890.000	0.320
14900.000	0.325
14910.000	0.324
14920.000	0.329
14930.000	0.333
14940.000	0.333
14950.000	0.338
14960.000	0.343
14970.000	0.342
14980.000	0.343
14990.000	0.340
15000.000	0.337
15010.000	0.334
15020.000	0.333
15030.000	0.322
15040.000	0.315
15050.000	0.304
15060.000	0.308
15070.000	0.315
15080.000	0.318
15090.000	0.316
15100.000	0.319
15110.000	0.326
15120.000	0.327
15130.000	0.330
15140.000	0.330
15150.000	0.332
15160.000	0.331
15170.000	0.337
15180.000	0.338
15190.000	0.337
15200.000	0.342
15210.000	0.345
15220.000	0.346
15230.000	0.342
15240.000	0.341
15250.000	0.330
15260.000	0.323
15270.000	0.314
15280.000	0.306
15290.000	0.303
15300.000	0.309
15310.000	0.316
15320.000	0.312
15330.000	0.312
15340.000	0.316
15350.000	0.323
15360.000	0.325
15370.000	0.328
15380.000	0.336
15390.000	0.337
15400.000	0.339
15410.000	0.339
15420.000	0.343
15430.000	0.342
15440.000	0.345
15450.000	0.345
15460.000	0.351
15470.000	0.347
15480.000	0.342
15490.000	0.333
15500.000	0.319
15510.000	0.312
15520.000	0.307
15530.000	0.305
15540.000	0.306
15550.000	0.306
15560.000	0.308
15570.000	0.310
15580.000	0.314
15590.000	0.319
15600.000	0.319
15610.000	0.320
15620.000	0.324
15630.000	0.332
15640.000	0.336
15650.000	0.344
15660.000	0.346
15670.000	0.350
15680.000	0.357
15690.000	0.361
15700.000	0.359
15710.000	0.364
15720.000	0.355
15730.000	0.344
15740.000	0.332
15750.000	0.316
15760.000	0.309
15770.000	0.309
15780.000	0.302
15790.000	0.306
15800.000	0.302
15810.000	0.306
15820.000	0.309
15830.000	0.316
15840.000	0.321
15850.000	0.318
15860.000	0.328
15870.000	0.334
15880.000	0.335
15890.000	0.330
15900.000	0.331
15910.000	0.339
15920.000	0.338
15930.000	0.345
15940.000	0.343
15950.000	0.348
15960.000	0.351
15970.000	0.351
15980.000	0.354
15990.000	0.353
16000.000	0.349
16010.000	0.334
16020.000	0.315
16030.000	0.306
16040.000	0.299
16050.000	0.296
16060.000	0.296
16070.000	0.301
16080.000	0.298
16090.000	0.304
16100.000	0.306
16110.000	0.312
16120.000	0.315
16130.000	0.323
16140.000	0.327
16150.000	0.333
16160.000	0.335
16170.000	0.337
16180.000	0.347
16190.000	0.350
16200.000	0.351
16210.000	0.356
16220.000	0.358
16230.000	0.367
16240.000	0.371
16250.000	0.368
16260.000	0.361
16270.000	0.351
16280.000	0.337
16290.000	0.326
16300.000	0.311
16310.000	0.299
16320.000	0.295
16330.000	0.295
16340.000	0.299
16350.000	0.298
16360.000	0.298
16370.000	0.305
16380.000	0.312
16390.000	0.316
16400.000	0.321
16410.000	0.325
16420.000	0.325
16430.000	0.332
16440.000	0.336
16450.000	0.334
16460.000	0.338
16470.000	0.337
16480.000	0.339
16490.000	0.341
16500.000	0.349
16510.000	0.354
16520.000	0.361
16530.000	0.363
16540.000	0.364
16550.000	0.370
16560.000	0.368
16570.000	0.356
16580.000	0.337
16590.000	0.320
16600.000	0.304
16610.000	0.293
16620.000	0.292
16630.000	0.299
16640.000	0.301
16650.000	0.306
16660.000	0.305
16670.000	0.314
16680.000	0.313
16690.000	0.315
16700.000	0.319
16710.000	0.321
16720.000	0.324
16730.000	0.330
16740.000	0.334
16750.000	0.338
16760.000	0.348
16770.000	0.354
16780.000	0.361
16790.000	0.366
16800.000	0.363
16810.000	0.369
16820.000	0.372
16830.000	0.384
16840.000	0.387
16850.000	0.386
16860.000	0.377
16870.000	0.371
16880.000	0.351
16890.000	0.332
16900.000	0.306
16910.000	0.285
16920.000	0.284
16930.000	0.281
16940.000	0.293
16950.000	0.293
16960.000	0.297
16970.000	0.301
16980.000	0.304
16990.000	0.304
17000.000	0.309
17010.000	0.321
17020.000	0.330
17030.000	0.336
17040.000	0.338
17050.000	0.347
17060.000	0.354
17070.000	0.363
17080.000	0.362
17090.000	0.364
17100.000	0.376
17110.000	0.371
17120.000	0.371
17130.000	0.373
17140.000	0.376
17150.000	0.380
17160.000	0.381
17170.000	0.386
17180.000	0.386
17190.000	0.373
17200.000	0.352
17210.000	0.329
17220.000	0.302
17230.000	0.288
17240.000	0.284
17250.000	0.286
17260.000	0.290
17270.000	0.298
17280.000	0.306
17290.000	0.320
17300.000	0.325
17310.000	0.328
17320.000	0.331
17330.000	0.336
17340.000	0.336
17350.000	0.339
17360.000	0.340
17370.000	0.346
17380.000	0.350
17390.000	0.357
17400.000	0.360
17410.000	0.367
17420.000	0.372
17430.000	0.376
17440.000	0.387
17450.000	0.395
17460.000	0.399
17470.000	0.409
17480.000	0.409
17490.000	0.416
17500.000	0.411
17510.000	0.399
17520.000	0.383
17530.000	0.361
17540.000	0.334
17550.000	0.310
17560.000	0.299
17570.000	0.292
17580.000	0.295
17590.000	0.298
17600.000	0.304
17610.000	0.311
17620.000	0.312
17630.000	0.310
17640.000	0.313
17650.000	0.314
17660.000	0.324
17670.000	0.335
17680.000	0.348
17690.000	0.354
17700.000	0.358
17710.000	0.356
17720.000	0.352
17730.000	0.356
17740.000	0.365
17750.000	0.373
17760.000	0.377
17770.000	0.379
17780.000	0.383
17790.000	0.391
17800.000	0.389
17810.000	0.394
17820.000	0.398
17830.000	0.409
17840.000	0.426
17850.000	0.428
17860.000	0.426
17870.000	0.403
17880.000	0.367
17890.000	0.330
17900.000	0.298
17910.000	0.290
17920.000	0.282
17930.000	0.286
17940.000	0.290
17950.000	0.295
17960.000	0.293
17970.000	0.301
17980.000	0.308
17990.000	0.312
18000.000	0.319
18010.000	0.324
18020.000	0.333
18030.000	0.334
18040.000	0.343
18050.000	0.350
18060.000	0.353
18070.000	0.364
18080.000	0.373
18090.000	0.380
18100.000	0.384
18110.000	0.377
18120.000	0.384
18130.000	0.399
18140.000	0.402
18150.000	0.411
18160.000	0.413
18170.000	0.418
18180.000	0.419
18190.000	0.415
18200.000	0.416
18210.000	0.415
18220.000	0.403
18230.000	0.386
18240.000	0.360
18250.000	0.332
18260.000	0.302
18270.000	0.296
18280.000	0.288
18290.000	0.286
18300.000	0.285
18310.000	0.289
18320.000	0.291
18330.000	0.294
18340.000	0.296
18350.000	0.307
18360.000	0.321
18370.000	0.329
18380.000	0.341
18390.000	0.340
18400.000	0.346
18410.000	0.352
18420.000	0.352
18430.000	0.360
18440.000	0.369
18450.000	0.375
18460.000	0.384
18470.000	0.383
18480.000	0.383
18490.000	0.388
18500.000	0.393
18510.000	0.399
18520.000	0.405
18530.000	0.420
18540.000	0.423
18550.000	0.427
18560.000	0.434
18570.000	0.434
18580.000	0.430
18590.000	0.417
18600.000	0.387
18610.000	0.350
18620.000	0.303
18630.000	0.277
18640.000	0.264
18650.000	0.267
18660.000	0.271
18670.000	0.277
18680.000	0.289
18690.000	0.302
18700.000	0.305
18710.000	0.313
18720.000	0.314
18730.000	0.317
18740.000	0.326
18750.000	0.330
18760.000	0.340
18770.000	0.344
18780.000	0.340
18790.000	0.348
18800.000	0.346
18810.000	0.352
18820.000	0.357
18830.000	0.367
18840.000	0.368
18850.000	0.373
18860.000	0.382
18870.000	0.392
18880.000	0.398
18890.000	0.405
18900.000	0.404
18910.000	0.414
18920.000	0.421
18930.000	0.422
18940.000	0.435
18950.000	0.440
18960.000	0.448
18970.000	0.439
18980.000	0.414
18990.000	0.388
19000.000	0.352
19010.000	0.317
19020.000	0.282
19030.000	0.265
19040.000	0.263
19050.000	0.268
19060.000	0.272
19070.000	0.277
19080.000	0.280
19090.000	0.282
19100.000	0.291
19110.000	0.296
19120.000	0.305
19130.000	0.309
19140.000	0.316
19150.000	0.321
19160.000	0.329
19170.000	0.334
19180.000	0.342
19190.000	0.352
19200.000	0.352
19210.000	0.349
19220.000	0.350
19230.000	0.361
19240.000	0.369
19250.000	0.380
19260.000	0.384
19270.000	0.388
19280.000	0.395
19290.000	0.401
19300.000	0.405
19310.000	0.410
19320.000	0.418
19330.000	0.419
19340.000	0.426
19350.000	0.433
19360.000	0.446
19370.000	0.441
19380.000	0.426
19390.000	0.391
19400.000	0.345
19410.000	0.297
19420.000	0.273
19430.000	0.264
19440.000	0.263
19450.000	0.264
19460.000	0.267
19470.000	0.268
19480.000	0.278
19490.000	0.280
19500.000	0.286
19510.000	0.294
19520.000	0.298
19530.000	0.305
19540.000	0.311
19550.000	0.315
19560.000	0.321
19570.000	0.323
19580.000	0.326
19590.000	0.336
19600.000	0.350
19610.000	0.362
19620.000	0.379
19630.000	0.389
19640.000	0.386
19650.000	0.385
19660.000	0.382
19670.000	0.394
19680.000	0.405
19690.000	0.416
19700.000	0.424
19710.000	0.436
19720.000	0.444
19730.000	0.446
19740.000	0.453
19750.000	0.458
19760.000	0.458
19770.000	0.451
19780.000	0.445
19790.000	0.430
19800.000	0.387
19810.000	0.344
19820.000	0.292
19830.000	0.263
19840.000	0.250
19850.000	0.246
19860.000	0.249
19870.000	0.256
19880.000	0.261
19890.000	0.265
19900.000	0.276
19910.000	0.285
19920.000	0.294
19930.000	0.305
19940.000	0.313
19950.000	0.314
19960.000	0.320
19970.000	0.322
19980.000	0.323
19990.000	0.331
20000.000	0.342
20010.000	0.345
20020.000	0.347
20030.000	0.352
20040.000	0.357
20050.000	0.364
20060.000	0.372
20070.000	0.378
20080.000	0.395
20090.000	0.402
20100.000	0.405
20110.000	0.415
20120.000	0.420
20130.000	0.425
20140.000	0.432
20150.000	0.438
20160.000	0.447
20170.000	0.449
20180.000	0.448
20190.000	0.456
20200.000	0.455
20210.000	0.442
20220.000	0.416
20230.000	0.369
20240.000	0.322
20250.000	0.284
20260.000	0.259
20270.000	0.246
20280.000	0.247
20290.000	0.252
20300.000	0.259
20310.000	0.264
20320.000	0.269
20330.000	0.277
20340.000	0.283
20350.000	0.293
20360.000	0.310
20370.000	0.317
20380.000	0.322
20390.000	0.325
20400.000	0.333
20410.000	0.339
20420.000	0.342
20430.000	0.347
20440.000	0.353
20450.000	0.358
20460.000	0.363
20470.000	0.369
20480.000	0.381
20490.000	0.390
20500.000	0.395
20510.000	0.401
20520.000	0.407
20530.000	0.412
20540.000	0.419
20550.000	0.430
20560.000	0.433
20570.000	0.433
20580.000	0.439
20590.000	0.454
20600.000	0.459
20610.000	0.463
20620.000	0.466
20630.000	0.479
20640.000	0.472
20650.000	0.460
20660.000	0.425
20670.000	0.370
20680.000	0.324
20690.000	0.284
20700.000	0.261
20710.000	0.251
20720.000	0.243
20730.000	0.248
20740.000	0.258
20750.000	0.264
20760.000	0.270
20770.000	0.280
20780.000	0.284
20790.000	0.292
20800.000	0.303
20810.000	0.311
20820.000	0.317
20830.000	0.325
20840.000	0.338
20850.000	0.347
20860.000	0.360
20870.000	0.363
20880.000	0.367
20890.000	0.372
20900.000	0.376
20910.000	0.380
20920.000	0.386
20930.000	0.396
20940.000	0.411
20950.000	0.421
20960.000	0.425
20970.000	0.427
20980.000	0.432
20990.000	0.432
21000.000	0.437
21010.000	0.445
21020.000	0.455
21030.000	0.459
21040.000	0.461
21050.000	0.469
21060.000	0.475
21070.000	0.482
21080.000	0.485
21090.000	0.479
21100.000	0.463
21110.000	0.427
21120.000	0.369
21130.000	0.317
21140.000	0.280
21150.000	0.256
21160.000	0.245
21170.000	0.249
21180.000	0.252
21190.000	0.262
21200.000	0.280
21210.000	0.288
21220.000	0.300
21230.000	0.313
21240.000	0.319
21250.000	0.322
21260.000	0.326
21270.000	0.336
21280.000	0.340
21290.000	0.346
21300.000	0.354
21310.000	0.369
21320.000	0.377
21330.000	0.387
21340.000	0.389
21350.000	0.383
21360.000	0.389
21370.000	0.398
21380.000	0.408
21390.000	0.412
21400.000	0.428
21410.000	0.436
21420.000	0.435
21430.000	0.447
21440.000	0.458
21450.000	0.461
21460.000	0.462
21470.000	0.471
21480.000	0.484
21490.000	0.485
21500.000	0.494
21510.000	0.500
21520.000	0.500
21530.000	0.499
21540.000	0.507
21550.000	0.509
21560.000	0.495
21570.000	0.458
21580.000	0.409
21590.000	0.350
21600.000	0.301
21610.000	0.266
21620.000	0.256
21630.000	0.254
21640.000	0.260
21650.000	0.268
21660.000	0.274
21670.000	0.283
21680.000	0.293
21690.000	0.294
21700.000	0.306
21710.000	0.315
21720.000	0.326
21730.000	0.338
21740.000	0.352
21750.000	0.366
21760.000	0.374
21770.000	0.379
21780.000	0.382
21790.000	0.391
21800.000	0.392
21810.000	0.397
21820.000	0.407
21830.000	0.412
21840.000	0.421
21850.000	0.435
21860.000	0.441
21870.000	0.454
21880.000	0.462
21890.000	0.469
21900.000	0.478
21910.000	0.486
21920.000	0.491
21930.000	0.496
21940.000	0.500
21950.000	0.504
21960.000	0.506
21970.000	0.516
21980.000	0.523
21990.000	0.527
22000.000	0.532
22010.000	0.543
22020.000	0.541
22030.000	0.524
22040.000	0.490
22050.000	0.441
22060.000	0.378
22070.000	0.319
22080.000	0.275
22090.000	0.262
22100.000	0.256
22110.000	0.260
22120.000	0.266
22130.000	0.272
22140.000	0.282
22150.000	0.290
22160.000	0.305
22170.000	0.312
22180.000	0.323
22190.000	0.334
22200.000	0.348
22210.000	0.363
22220.000	0.380
22230.000	0.396
22240.000	0.401
22250.000	0.404
22260.000	0.412
22270.000	0.414
22280.000	0.422
22290.000	0.425
22300.000	0.425
22310.000	0.439
22320.000	0.448
22330.000	0.458
22340.000	0.465
22350.000	0.472
22360.000	0.481
22370.000	0.489
22380.000	0.503
22390.000	0.504
22400.000	0.506
22410.000	0.514
22420.000	0.524
22430.000	0.523
22440.000	0.529
22450.000	0.525
22460.000	0.530
22470.000	0.538
22480.000	0.543
22490.000	0.545
22500.000	0.548
22510.000	0.535
22520.000	0.513
22530.000	0.466
22540.000	0.410
22550.000	0.354
22560.000	0.306
22570.000	0.280
22580.000	0.267
22590.000	0.261
22600.000	0.271
22610.000	0.281
22620.000	0.288
22630.000	0.292
22640.000	0.291
22650.000	0.301
22660.000	0.311
22670.000	0.332
22680.000	0.347
22690.000	0.357
22700.000	0.370
22710.000	0.378
22720.000	0.392
22730.000	0.402
22740.000	0.414
22750.000	0.420
22760.000	0.422
22770.000	0.423
22780.000	0.428
22790.000	0.433
22800.000	0.447
22810.000	0.456
22820.000	0.468
22830.000	0.475
22840.000	0.479
22850.000	0.477
22860.000	0.476
22870.000	0.482
22880.000	0.489
22890.000	0.499
22900.000	0.508
22910.000	0.514
22920.000	0.522
22930.000	0.532
22940.000	0.538
22950.000	0.545
22960.000	0.552
22970.000	0.567
22980.000	0.567
22990.000	0.571
23000.000	0.569
23010.000	0.560
23020.000	0.522
23030.000	0.465
23040.000	0.404
23050.000	0.343
23060.000	0.294
23070.000	0.267
23080.000	0.261
23090.000	0.261
23100.000	0.271
23110.000	0.276
23120.000	0.282
23130.000	0.291
23140.000	0.302
23150.000	0.312
23160.000	0.327
23170.000	0.338
23180.000	0.342
23190.000	0.344
23200.000	0.352
23210.000	0.362
23220.000	0.368
23230.000	0.380
23240.000	0.385
23250.000	0.386
23260.000	0.379
23270.000	0.386
23280.000	0.396
23290.000	0.405
23300.000	0.411
23310.000	0.427
23320.000	0.437
23330.000	0.444
23340.000	0.460
23350.000	0.475
23360.000	0.486
23370.000	0.489
23380.000	0.500
23390.000	0.504
23400.000	0.506
23410.000	0.517
23420.000	0.533
23430.000	0.540
23440.000	0.542
23450.000	0.555
23460.000	0.559
23470.000	0.566
23480.000	0.572
23490.000	0.571
23500.000	0.569
23510.000	0.568
23520.000	0.547
23530.000	0.513
23540.000	0.462
23550.000	0.398
23560.000	0.343
23570.000	0.298
23580.000	0.262
23590.000	0.255
23600.000	0.250
23610.000	0.253
23620.000	0.261
23630.000	0.270
23640.000	0.278
23650.000	0.285
23660.000	0.289
23670.000	0.297
23680.000	0.302
23690.000	0.309
23700.000	0.312
23710.000	0.321
23720.000	0.330
23730.000	0.332
23740.000	0.343
23750.000	0.357
23760.000	0.372
23770.000	0.379
23780.000	0.391
23790.000	0.396
23800.000	0.404
23810.000	0.408
23820.000	0.421
23830.000	0.433
23840.000	0.447
23850.000	0.454
23860.000	0.469
23870.000	0.478
23880.000	0.488
23890.000	0.492
23900.000	0.501
23910.000	0.509
23920.000	0.515
23930.000	0.522
23940.000	0.530
23950.000	0.540
23960.000	0.543
23970.000	0.548
23980.000	0.553
23990.000	0.557
24000.000	0.553
24010.000	0.564
24020.000	0.566
24030.000	0.554
24040.000	0.527
24050.000	0.481
24060.000	0.427
24070.000	0.366
24080.000	0.305
24090.000	0.265
24100.000	0.240
24110.000	0.237
24120.000	0.240
24130.000	0.245
24140.000	0.256
24150.000	0.261
24160.000	0.268
24170.000	0.269
24180.000	0.278
24190.000	0.293
24200.000	0.302
24210.000	0.310
24220.000	0.320
24230.000	0.335
24240.000	0.342
24250.000	0.353
24260.000	0.362
24270.000	0.371
24280.000	0.380
24290.000	0.389
24300.000	0.394
24310.000	0.399
24320.000	0.411
24330.000	0.415
24340.000	0.423
24350.000	0.434
24360.000	0.444
24370.000	0.458
24380.000	0.465
24390.000	0.476
24400.000	0.490
24410.000	0.497
24420.000	0.509
24430.000	0.513
24440.000	0.519
24450.000	0.518
24460.000	0.528
24470.000	0.530
24480.000	0.544
24490.000	0.547
24500.000	0.543
24510.000	0.534
24520.000	0.531
24530.000	0.525
24540.000	0.517
24550.000	0.511
24560.000	0.501
24570.000	0.485
24580.000	0.448
24590.000	0.405
24600.000	0.349
24610.000	0.295
24620.000	0.267
24630.000	0.247
24640.000	0.241
24650.000	0.248
24660.000	0.257
24670.000	0.265
24680.000	0.273
24690.000	0.279
24700.000	0.284
24710.000	0.293
24720.000	0.307
24730.000	0.312
24740.000	0.322
24750.000	0.326
24760.000	0.333
24770.000	0.341
24780.000	0.350
24790.000	0.365
24800.000	0.380
24810.000	0.387
24820.000	0.399
24830.000	0.411
24840.000	0.418
24850.000	0.422
24860.000	0.433
24870.000	0.445
24880.000	0.453
24890.000	0.461
24900.000	0.463
24910.000	0.477
24920.000	0.485
24930.000	0.495
24940.000	0.502
24950.000	0.504
24960.000	0.510
24970.000	0.512
24980.000	0.514
24990.000	0.509
25000.000	0.501
25010.000	0.498
25020.000	0.494
25030.000	0.499
25040.000	0.501
25050.000	0.508
25060.000	0.514
25070.000	0.514
25080.000	0.518
25090.000	0.518
25100.000	0.509
25110.000	0.479
25120.000	0.445
25130.000	0.409
25140.000	0.354
25150.000	0.302
25160.000	0.277
25170.000	0.268
25180.000	0.266
25190.000	0.271
25200.000	0.276
25210.000	0.280
25220.000	0.288
25230.000	0.296
25240.000	0.305
25250.000	0.316
25260.000	0.326
25270.000	0.333
25280.000	0.338
25290.000	0.347
25300.000	0.359
25310.000	0.359
25320.000	0.368
25330.000	0.384
25340.000	0.395
25350.000	0.404
25360.000	0.419
25370.000	0.421
25380.000	0.433
25390.000	0.445
25400.000	0.461
25410.000	0.464
25420.000	0.470
25430.000	0.476
25440.000	0.480
25450.000	0.485
25460.000	0.495
25470.000	0.499
25480.000	0.502
25490.000	0.503
25500.000	0.494
25510.000	0.489
25520.000	0.475
25530.000	0.472
25540.000	0.467
25550.000	0.473
25560.000	0.477
25570.000	0.486
25580.000	0.491
25590.000	0.512
25600.000	0.519
25610.000	0.525
25620.000	0.535
25630.000	0.540
25640.000	0.532
25650.000	0.517
25660.000	0.491
25670.000	0.448
25680.000	0.399
25690.000	0.344
25700.000	0.302
25710.000	0.280
25720.000	0.270
25730.000	0.271
25740.000	0.279
25750.000	0.285
25760.000	0.295
25770.000	0.306
25780.000	0.316
25790.000	0.329
25800.000	0.343
25810.000	0.352
25820.000	0.360
25830.000	0.368
25840.000	0.377
25850.000	0.377
25860.000	0.384
25870.000	0.395
25880.000	0.397
25890.000	0.408
25900.000	0.420
25910.000	0.432
25920.000	0.449
25930.000	0.452
25940.000	0.461
25950.000	0.469
25960.000	0.477
25970.000	0.479
25980.000	0.480
25990.000	0.483
26000.000	0.488
26010.000	0.489
26020.000	0.474
26030.000	0.466
26040.000	0.456
26050.000	0.452
26060.000	0.454
26070.000	0.458
26080.000	0.462
26090.000	0.464
26100.000	0.469
26110.000	0.481
26120.000	0.488
26130.000	0.496
26140.000	0.507
26150.000	0.518
26160.000	0.519
26170.000	0.528
26180.000	0.540
26190.000	0.541
26200.000	0.535
26210.000	0.519
26220.000	0.493
26230.000	0.448
26240.000	0.391
26250.000	0.347
26260.000	0.318
26270.000	0.300
26280.000	0.302
26290.000	0.304
26300.000	0.311
26310.000	0.319
26320.000	0.327
26330.000	0.338
26340.000	0.349
26350.000	0.361
26360.000	0.373
26370.000	0.382
26380.000	0.392
26390.000	0.398
26400.000	0.407
26410.000	0.411
26420.000	0.426
26430.000	0.430
26440.000	0.439
26450.000	0.446
26460.000	0.456
26470.000	0.464
26480.000	0.471
26490.000	0.488
26500.000	0.491
26510.000	0.494
26520.000	0.504
26530.000	0.501
26540.000	0.484
26550.000	0.474
26560.000	0.457
26570.000	0.446
26580.000	0.434
26590.000	0.438
26600.000	0.439
26610.000	0.448
26620.000	0.460
26630.000	0.462
26640.000	0.475
26650.000	0.478
26660.000	0.483
26670.000	0.495
26680.000	0.504
26690.000	0.516
26700.000	0.526
26710.000	0.538
26720.000	0.544
26730.000	0.552
26740.000	0.554
26750.000	0.556
26760.000	0.556
26770.000	0.545
26780.000	0.522
26790.000	0.481
26800.000	0.440
26810.000	0.398
26820.000	0.350
26830.000	0.326
26840.000	0.322
26850.000	0.318
26860.000	0.330
26870.000	0.340
26880.000	0.350
26890.000	0.364
26900.000	0.373
26910.000	0.376
26920.000	0.388
26930.000	0.399
26940.000	0.409
26950.000	0.416
26960.000	0.427
26970.000	0.442
26980.000	0.453
26990.000	0.468
27000.000	0.480
27010.000	0.481
27020.000	0.494
27030.000	0.502
27040.000	0.505
27050.000	0.507
27060.000	0.504
27070.000	0.497
27080.000	0.483
27090.000	0.472
27100.000	0.452
27110.000	0.436
27120.000	0.435
27130.000	0.427
27140.000	0.434
27150.000	0.446
27160.000	0.452
27170.000	0.462
27180.000	0.467
27190.000	0.479
27200.000	0.485
27210.000	0.490
27220.000	0.499
27230.000	0.507
27240.000	0.519
27250.000	0.533
27260.000	0.538
27270.000	0.545
27280.000	0.552
27290.000	0.547
27300.000	0.555
27310.000	0.565
27320.000	0.567
27330.000	0.558
27340.000	0.554
27350.000	0.537
27360.000	0.509
27370.000	0.479
27380.000	0.435
27390.000	0.386
27400.000	0.360
27410.000	0.341
27420.000	0.345
27430.000	0.356
27440.000	0.362
27450.000	0.371
27460.000	0.381
27470.000	0.393
27480.000	0.407
27490.000	0.414
27500.000	0.418
27510.000	0.432
27520.000	0.437
27530.000	0.448
27540.000	0.457
27550.000	0.467
27560.000	0.480
27570.000	0.485
27580.000	0.497
27590.000	0.510
27600.000	0.508
27610.000	0.507
27620.000	0.496
27630.000	0.480
27640.000	0.454
27650.000	0.428
27660.000	0.410
27670.000	0.408
27680.000	0.406
27690.000	0.413
27700.000	0.420
27710.000	0.432
27720.000	0.444
27730.000	0.456
27740.000	0.466
27750.000	0.471
27760.000	0.484
27770.000	0.491
27780.000	0.494
27790.000	0.500
27800.000	0.510
27810.000	0.519
27820.000	0.523
27830.000	0.533
27840.000	0.537
27850.000	0.542
27860.000	0.553
27870.000	0.555
27880.000	0.562
27890.000	0.569
27900.000	0.568
27910.000	0.575
27920.000	0.570
27930.000	0.561
27940.000	0.540
27950.000	0.512
27960.000	0.474
27970.000	0.432
27980.000	0.400
27990.000	0.381
28000.000	0.379
28010.000	0.386
28020.000	0.388
28030.000	0.398
28040.000	0.405
28050.000	0.416
28060.000	0.425
28070.000	0.441
28080.000	0.448
28090.000	0.460
28100.000	0.469
28110.000	0.485
28120.000	0.489
28130.000	0.494
28140.000	0.497
28150.000	0.498
28160.000	0.490
28170.000	0.494
28180.000	0.480
28190.000	0.459
28200.000	0.433
28210.000	0.416
28220.000	0.404
28230.000	0.395
28240.000	0.393
28250.000	0.404
28260.000	0.406
28270.000	0.411
28280.000	0.422
28290.000	0.431
28300.000	0.440
28310.000	0.448
28320.000	0.455
28330.000	0.462
28340.000	0.471
28350.000	0.482
28360.000	0.489
28370.000	0.498
28380.000	0.503
28390.000	0.512
28400.000	0.519
28410.000	0.531
28420.000	0.533
28430.000	0.542
28440.000	0.562
28450.000	0.568
28460.000	0.569
28470.000	0.575
28480.000	0.583
28490.000	0.592
28500.000	0.594
28510.000	0.588
28520.000	0.579
28530.000	0.563
28540.000	0.533
28550.000	0.495
28560.000	0.452
28570.000	0.421
28580.000	0.411
28590.000	0.404
28600.000	0.412
28610.000	0.421
28620.000	0.429
28630.000	0.439
28640.000	0.448
28650.000	0.452
28660.000	0.460
28670.000	0.473
28680.000	0.481
28690.000	0.480
28700.000	0.488
28710.000	0.495
28720.000	0.492
28730.000	0.489
28740.000	0.474
28750.000	0.459
28760.000	0.436
28770.000	0.406
28780.000	0.381
28790.000	0.372
28800.000	0.371
28810.000	0.381
28820.000	0.385
28830.000	0.395
28840.000	0.406
28850.000	0.412
28860.000	0.422
28870.000	0.434
28880.000	0.444
28890.000	0.448
28900.000	0.459
28910.000	0.465
28920.000	0.470
28930.000	0.474
28940.000	0.490
28950.000	0.493
28960.000	0.503
28970.000	0.514
28980.000	0.518
28990.000	0.526
29000.000	0.536
29010.000	0.553
29020.000	0.561
29030.000	0.567
29040.000	0.568
29050.000	0.579
29060.000	0.589
29070.000	0.588
29080.000	0.593
29090.000	0.596
29100.000	0.597
29110.000	0.591
29120.000	0.576
29130.000	0.565
29140.000	0.542
29150.000	0.508
29160.000	0.478
29170.000	0.457
29180.000	0.449
29190.000	0.445
29200.000	0.450
29210.000	0.454
29220.000	0.464
29230.000	0.473
29240.000	0.482
29250.000	0.490
29260.000	0.498
29270.000	0.497
29280.000	0.501
29290.000	0.494
29300.000	0.482
29310.000	0.465
29320.000	0.448
29330.000	0.416
29340.000	0.391
29350.000	0.374
29360.000	0.365
29370.000	0.370
29380.000	0.372
29390.000	0.382
29400.000	0.389
29410.000	0.396
29420.000	0.405
29430.000	0.417
29440.000	0.423
29450.000	0.432
29460.000	0.447
29470.000	0.453
29480.000	0.456
29490.000	0.459
29500.000	0.462
29510.000	0.480
29520.000	0.484
29530.000	0.495
29540.000	0.504
29550.000	0.511
29560.000	0.517
29570.000	0.524
29580.000	0.529
29590.000	0.541
29600.000	0.546
29610.000	0.550
29620.000	0.559
29630.000	0.568
29640.000	0.580
29650.000	0.578
29660.000	0.592
29670.000	0.590
29680.000	0.590
29690.000	0.596
29700.000	0.599
29710.000	0.599
29720.000	0.600
29730.000	0.585
29740.000	0.568
29750.000	0.541
29760.000	0.511
29770.000	0.483
29780.000	0.473
29790.000	0.474
29800.000	0.476
29810.000	0.480
29820.000	0.481
29830.000	0.487
29840.000	0.498
29850.000	0.495
29860.000	0.501
29870.000	0.502
29880.000	0.495
29890.000	0.481
29900.000	0.456
29910.000	0.425
29920.000	0.392
29930.000	0.373
29940.000	0.366
29950.000	0.367
29960.000	0.371
29970.000	0.378
29980.000	0.387
29990.000	0.398
30000.000	0.409
30010.000	0.410
30020.000	0.423
30030.000	0.433
30040.000	0.438
30050.000	0.452
30060.000	0.455
30070.000	0.456
30080.000	0.466
30090.000	0.477
30100.000	0.475
30110.000	0.477
30120.000	0.488
30130.000	0.502
30140.000	0.501
30150.000	0.505
30160.000	0.517
30170.000	0.519
30180.000	0.536
30190.000	0.541
30200.000	0.550
30210.000	0.549
30220.000	0.557
30230.000	0.566
30240.000	0.575
30250.000	0.573
30260.000	0.586
30270.000	0.592
30280.000	0.599
30290.000	0.602
30300.000	0.607
30310.000	0.597
30320.000	0.603
30330.000	0.599
30340.000	0.588
30350.000	0.580
30360.000	0.559
30370.000	0.535
30380.000	0.510
30390.000	0.501
30400.000	0.502
30410.000	0.504
30420.000	0.513
30430.000	0.517
30440.000	0.517
30450.000	0.514
30460.000	0.505
30470.000	0.502
30480.000	0.481
30490.000	0.454
30500.000	0.421
30510.000	0.402
30520.000	0.383
30530.000	0.378
30540.000	0.380
30550.000	0.387
30560.000	0.395
30570.000	0.398
30580.000	0.404
30590.000	0.418
30600.000	0.428
30610.000	0.433
30620.000	0.437
30630.000	0.440
30640.000	0.451
30650.000	0.454
30660.000	0.456
30670.000	0.457
30680.000	0.458
30690.000	0.463
30700.000	0.467
30710.000	0.473
30720.000	0.481
30730.000	0.488
30740.000	0.496
30750.000	0.503
30760.000	0.507
30770.000	0.514
30780.000	0.533
30790.000	0.540
30800.000	0.549
30810.000	0.552
30820.000	0.560
30830.000	0.562
30840.000	0.569
30850.000	0.572
30860.000	0.579
30870.000	0.583
30880.000	0.579
30890.000	0.583
30900.000	0.586
30910.000	0.593
30920.000	0.591
30930.000	0.592
30940.000	0.599
30950.000	0.600
30960.000	0.589
30970.000	0.581
30980.000	0.566
30990.000	0.551
31000.000	0.537
31010.000	0.535
31020.000	0.535
31030.000	0.529
31040.000	0.524
31050.000	0.521
31060.000	0.510
31070.000	0.495
31080.000	0.472
31090.000	0.452
31100.000	0.418
31110.000	0.401
31120.000	0.390
31130.000	0.399
31140.000	0.400
31150.000	0.404
31160.000	0.408
31170.000	0.418
31180.000	0.427
31190.000	0.430
31200.000	0.434
31210.000	0.437
31220.000	0.439
31230.000	0.436
31240.000	0.441
31250.000	0.436
31260.000	0.436
31270.000	0.443
31280.000	0.455
31290.000	0.464
31300.000	0.471
31310.000	0.479
31320.000	0.482
31330.000	0.493
31340.000	0.494
31350.000	0.501
31360.000	0.510
31370.000	0.516
31380.000	0.523
31390.000	0.530
31400.000	0.540
31410.000	0.544
31420.000	0.543
31430.000	0.545
31440.000	0.558
31450.000	0.562
31460.000	0.566
31470.000	0.569
31480.000	0.575
31490.000	0.576
31500.000	0.581
31510.000	0.590
31520.000	0.590
31530.000	0.593
31540.000	0.596
31550.000	0.603
31560.000	0.600
31570.000	0.606
31580.000	0.598
31590.000	0.585
31600.000	0.579
31610.000	0.567
31620.000	0.558
31630.000	0.547
31640.000	0.538
31650.000	0.522
31660.000	0.520
31670.000	0.501
31680.000	0.467
31690.000	0.445
31700.000	0.420
31710.000	0.417
31720.000	0.405
31730.000	0.402
31740.000	0.410
31750.000	0.415
31760.000	0.427
31770.000	0.427
31780.000	0.432
31790.000	0.434
31800.000	0.432
31810.000	0.422
31820.000	0.415
31830.000	0.419
31840.000	0.419
31850.000	0.429
31860.000	0.438
31870.000	0.445
31880.000	0.447
31890.000	0.449
31900.000	0.456
31910.000	0.467
31920.000	0.476
31930.000	0.480
31940.000	0.493
31950.000	0.493
31960.000	0.502
31970.000	0.504
31980.000	0.513
31990.000	0.517
32000.000	0.521
32010.000	0.524
32020.000	0.531
32030.000	0.536
32040.000	0.541
32050.000	0.547
32060.000	0.548
32070.000	0.552
32080.000	0.559
32090.000	0.566
32100.000	0.567
32110.000	0.572
32120.000	0.578
32130.000	0.586
32140.000	0.583
32150.000	0.585
32160.000	0.586
32170.000	0.584
32180.000	0.589
32190.000	0.589
32200.000	0.583
32210.000	0.581
32220.000	0.574
32230.000	0.570
32240.000	0.551
32250.000	0.536
32260.000	0.521
32270.000	0.508
32280.000	0.497
32290.000	0.476
32300.000	0.448
32310.000	0.424
32320.000	0.419
32330.000	0.413
32340.000	0.419
32350.000	0.419
32360.000	0.415
32370.000	0.417
32380.000	0.422
32390.000	0.413
32400.000	0.407
32410.000	0.403
32420.000	0.402
32430.000	0.412
32440.000	0.410
32450.000	0.417
32460.000	0.423
32470.000	0.431
32480.000	0.439
32490.000	0.450
32500.000	0.454
32510.000	0.459
32520.000	0.458
32530.000	0.466
32540.000	0.470
32550.000	0.477
32560.000	0.486
32570.000	0.492
32580.000	0.495
32590.000	0.502
32600.000	0.500
32610.000	0.503
32620.000	0.510
32630.000	0.517
32640.000	0.518
32650.000	0.519
32660.000	0.525
32670.000	0.530
32680.000	0.531
32690.000	0.535
32700.000	0.538
32710.000	0.540
32720.000	0.538
32730.000	0.543
32740.000	0.550
32750.000	0.547
32760.000	0.549
32770.000	0.557
32780.000	0.557
32790.000	0.561
32800.000	0.562
32810.000	0.562
32820.000	0.561
32830.000	0.559
32840.000	0.554
32850.000	0.550
32860.000	0.537
32870.000	0.530
32880.000	0.514
32890.000	0.488
32900.000	0.467
32910.000	0.450
32920.000	0.430
32930.000	0.420
32940.000	0.420
32950.000	0.408
32960.000	0.401
32970.000	0.397
32980.000	0.395
32990.000	0.384
33000.000	0.384
33010.000	0.382
33020.000	0.383
33030.000	0.384
33040.000	0.391
33050.000	0.398
33060.000	0.402
33070.000	0.407
33080.000	0.417
33090.000	0.426
33100.000	0.426
33110.000	0.430
33120.000	0.433
33130.000	0.433
33140.000	0.435
33150.000	0.446
33160.000	0.451
33170.000	0.453
33180.000	0.460
33190.000	0.464
33200.000	0.470
33210.000	0.469
33220.000	0.471
33230.000	0.474
33240.000	0.478
33250.000	0.484
33260.000	0.478
33270.000	0.484
33280.000	0.481
33290.000	0.481
33300.000	0.487
33310.000	0.491
33320.000	0.494
33330.000	0.498
33340.000	0.497
33350.000	0.502
33360.000	0.504
33370.000	0.508
33380.000	0.510
33390.000	0.509
33400.000	0.510
33410.000	0.511
33420.000	0.513
33430.000	0.513
33440.000	0.522
33450.000	0.517
33460.000	0.511
33470.000	0.506
33480.000	0.501
33490.000	0.484
33500.000	0.477
33510.000	0.458
33520.000	0.435
33530.000	0.417
33540.000	0.401
33550.000	0.392
33560.000	0.381
33570.000	0.369
33580.000	0.358
33590.000	0.352
33600.000	0.352
33610.000	0.350
33620.000	0.355
33630.000	0.359
33640.000	0.361
33650.000	0.373
33660.000	0.375
33670.000	0.379
33680.000	0.379
33690.000	0.382
33700.000	0.384
33710.000	0.392
33720.000	0.397
33730.000	0.394
33740.000	0.401
33750.000	0.407
33760.000	0.405
33770.000	0.405
33780.000	0.403
33790.000	0.401
33800.000	0.411
33810.000	0.415
33820.000	0.412
33830.000	0.415
33840.000	0.422
33850.000	0.425
33860.000	0.429
33870.000	0.427
33880.000	0.430
33890.000	0.432
33900.000	0.434
33910.000	0.437
33920.000	0.435
33930.000	0.441
33940.000	0.441
33950.000	0.444
33960.000	0.446
33970.000	0.447
33980.000	0.451
33990.000	0.447
34000.000	0.446
34010.000	0.446
34020.000	0.453
34030.000	0.456
34040.000	0.449
34050.000	0.445
34060.000	0.452
34070.000	0.452
34080.000	0.442
34090.000	0.440
34100.000	0.432
34110.000	0.421
34120.000	0.412
34130.000	0.400
34140.000	0.383
34150.000	0.363
34160.000	0.347
34170.000	0.335
34180.000	0.320
34190.000	0.313
34200.000	0.315
34210.000	0.314
34220.000	0.322
34230.000	0.323
34240.000	0.325
34250.000	0.321
34260.000	0.323
34270.000	0.323
34280.000	0.330
34290.000	0.330
34300.000	0.335
34310.000	0.338
34320.000	0.341
34330.000	0.344
34340.000	0.347
34350.000	0.350
34360.000	0.350
34370.000	0.353
34380.000	0.353
34390.000	0.354
34400.000	0.358
34410.000	0.359
34420.000	0.359
34430.000	0.360
34440.000	0.362
34450.000	0.369
34460.000	0.365
34470.000	0.365
34480.000	0.365
34490.000	0.364
34500.000	0.367
34510.000	0.374
34520.000	0.371
34530.000	0.375
34540.000	0.377
34550.000	0.372
34560.000	0.374
34570.000	0.377
34580.000	0.376
34590.000	0.375
34600.000	0.378
34610.000	0.379
34620.000	0.377
34630.000	0.377
34640.000	0.372
34650.000	0.375
34660.000	0.373
34670.000	0.373
34680.000	0.371
34690.000	0.372
34700.000	0.369
34710.000	0.363
34720.000	0.358
34730.000	0.352
34740.000	0.341
34750.000	0.332
34760.000	0.318
34770.000	0.305
34780.000	0.292
34790.000	0.283
34800.000	0.272
34810.000	0.265
34820.000	0.268
34830.000	0.266
34840.000	0.270
34850.000	0.267
34860.000	0.269
34870.000	0.274
34880.000	0.278
34890.000	0.277
34900.000	0.279
34910.000	0.280
34920.000	0.280
34930.000	0.285
34940.000	0.286
34950.000	0.288
34960.000	0.293
34970.000	0.288
34980.000	0.293
34990.000	0.291
35000.000	0.291
35010.000	0.295
35020.000	0.289
35030.000	0.294
35040.000	0.291
35050.000	0.297
35060.000	0.296
35070.000	0.295
35080.000	0.294
35090.000	0.297
35100.000	0.300
35110.000	0.301
35120.000	0.304
35130.000	0.301
35140.000	0.300
35150.000	0.303
35160.000	0.300
35170.000	0.302
35180.000	0.299
35190.000	0.298
35200.000	0.299
35210.000	0.300
35220.000	0.302
35230.000	0.303
35240.000	0.302
35250.000	0.301
35260.000	0.298
35270.000	0.297
35280.000	0.297
35290.000	0.296
35300.000	0.296
35310.000	0.292
35320.000	0.287
35330.000	0.287
35340.000	0.283
35350.000	0.277
35360.000	0.273
35370.000	0.260
35380.000	0.248
35390.000	0.239
35400.000	0.228
35410.000	0.219
35420.000	0.218
35430.000	0.217
35440.000	0.213
35450.000	0.217
35460.000	0.221
35470.000	0.224
35480.000	0.225
35490.000	0.227
35500.000	0.225
35510.000	0.220
35520.000	0.225
35530.000	0.230
35540.000	0.223
35550.000	0.226
35560.000	0.225
35570.000	0.225
35580.000	0.226
35590.000	0.231
35600.000	0.231
35610.000	0.231
35620.000	0.232
35630.000	0.231
35640.000	0.230
35650.000	0.234
35660.000	0.234
35670.000	0.234
35680.000	0.231
35690.000	0.230
35700.000	0.230
35710.000	0.233
35720.000	0.232
35730.000	0.234
35740.000	0.233
35750.000	0.234
35760.000	0.231
35770.000	0.228
35780.000	0.230
35790.000	0.233
35800.000	0.232
35810.000	0.231
35820.000	0.228
35830.000	0.230
35840.000	0.228
35850.000	0.227
35860.000	0.227
35870.000	0.226
35880.000	0.224
35890.000	0.226
35900.000	0.230
35910.000	0.229
35920.000	0.227
35930.000	0.222
35940.000	0.217
35950.000	0.214
35960.000	0.209
35970.000	0.206
35980.000	0.205
35990.000	0.191
36000.000	0.185
36010.000	0.178
36020.000	0.174
36030.000	0.172
36040.000	0.170
36050.000	0.168
36060.000	0.173
36070.000	0.171
36080.000	0.175
36090.000	0.176
36100.000	0.174
36110.000	0.170
36120.000	0.171
36130.000	0.170
36140.000	0.174
36150.000	0.171
36160.000	0.172
36170.000	0.178
36180.000	0.174
36190.000	0.176
36200.000	0.179
36210.000	0.178
36220.000	0.178
36230.000	0.179
36240.000	0.179
36250.000	0.175
36260.000	0.175
36270.000	0.181
36280.000	0.174
36290.000	0.174
36300.000	0.170
36310.000	0.172
36320.000	0.171
36330.000	0.171
36340.000	0.175
36350.000	0.175
36360.000	0.175
36370.000	0.174
36380.000	0.173
36390.000	0.178
36400.000	0.179
36410.000	0.172
36420.000	0.171
36430.000	0.175
36440.000	0.173
36450.000	0.173
36460.000	0.173
36470.000	0.168
36480.000	0.170
36490.000	0.172
36500.000	0.170
36510.000	0.169
36520.000	0.167
36530.000	0.165
36540.000	0.164
36550.000	0.160
36560.000	0.157
36570.000	0.155
36580.000	0.151
36590.000	0.145
36600.000	0.140
36610.000	0.138
36620.000	0.137
36630.000	0.134
36640.000	0.135
36650.000	0.136
36660.000	0.132
36670.000	0.132
36680.000	0.133
36690.000	0.133
36700.000	0.133
36710.000	0.130
36720.000	0.132
36730.000	0.134
36740.000	0.134
36750.000	0.132
36760.000	0.131
36770.000	0.131
36780.000	0.129
36790.000	0.129
36800.000	0.130
36810.000	0.132
36820.000	0.133
36830.000	0.129
36840.000	0.134
36850.000	0.134
36860.000	0.134
36870.000	0.134
36880.000	0.135
36890.000	0.131
36900.000	0.132
36910.000	0.134
36920.000	0.134
36930.000	0.132
36940.000	0.128
36950.000	0.127
36960.000	0.129
36970.000	0.130
36980.000	0.130
36990.000	0.127
37000.000	0.127
37010.000	0.127
37020.000	0.128
37030.000	0.126
37040.000	0.127
37050.000	0.124
37060.000	0.123
37070.000	0.123
37080.000	0.123
37090.000	0.123
37100.000	0.122
37110.000	0.123
37120.000	0.126
37130.000	0.121
37140.000	0.120
37150.000	0.118
37160.000	0.114
37170.000	0.112
37180.000	0.111
37190.000	0.110
37200.000	0.105
37210.000	0.105
37220.000	0.102
37230.000	0.099
37240.000	0.099
37250.000	0.099
37260.000	0.098
37270.000	0.095
37280.000	0.096
37290.000	0.098
37300.000	0.100
37310.000	0.102
37320.000	0.099
37330.000	0.097
37340.000	0.098
37350.000	0.098
37360.000	0.098
37370.000	0.099
37380.000	0.097
37390.000	0.095
37400.000	0.094
37410.000	0.095
37420.000	0.097
37430.000	0.097
37440.000	0.097
37450.000	0.096
37460.000	0.098
37470.000	0.099
37480.000	0.098
37490.000	0.097
37500.000	0.094
37510.000	0.094
37520.000	0.096
37530.000	0.097
37540.000	0.096
37550.000	0.093
37560.000	0.095
37570.000	0.093
37580.000	0.093
37590.000	0.092
37600.000	0.096
37610.000	0.092
37620.000	0.092
37630.000	0.092
37640.000	0.093
37650.000	0.091
37660.000	0.092
37670.000	0.092
37680.000	0.091
37690.000	0.090
37700.000	0.089
37710.000	0.088
37720.000	0.088
37730.000	0.087
37740.000	0.085
37750.000	0.084
37760.000	0.082
37770.000	0.083
37780.000	0.080
37790.000	0.080
37800.000	0.080
37810.000	0.079
37820.000	0.080
37830.000	0.076
37840.000	0.077
37850.000	0.075
37860.000	0.074
37870.000	0.073
37880.000	0.071
37890.000	0.074
37900.000	0.074
37910.000	0.071
37920.000	0.072
37930.000	0.072
37940.000	0.073
37950.000	0.075
37960.000	0.073
37970.000	0.072
37980.000	0.073
37990.000	0.073
38000.000	0.074
38010.000	0.073
38020.000	0.072
38030.000	0.071
38040.000	0.070
38050.000	0.071
38060.000	0.069
38070.000	0.071
38080.000	0.070
38090.000	0.071
38100.000	0.070
38110.000	0.070
38120.000	0.070
38130.000	0.071
38140.000	0.070
38150.000	0.070
38160.000	0.070
38170.000	0.071
38180.000	0.070
38190.000	0.069
38200.000	0.069
38210.000	0.068
38220.000	0.069
38230.000	0.068
38240.000	0.067
38250.000	0.067
38260.000	0.067
38270.000	0.067
38280.000	0.065
38290.000	0.067
38300.000	0.063
38310.000	0.063
38320.000	0.065
38330.000	0.064
38340.000	0.062
38350.000	0.062
38360.000	0.063
38370.000	0.062
38380.000	0.059
38390.000	0.057
38400.000	0.057
38410.000	0.056
38420.000	0.056
38430.000	0.058
38440.000	0.058
38450.000	0.057
38460.000	0.057
38470.000	0.056
38480.000	0.055
38490.000	0.055
38500.000	0.055
38510.000	0.054
38520.000	0.053
38530.000	0.053
38540.000	0.053
38550.000	0.054
38560.000	0.055
38570.000	0.053
38580.000	0.054
38590.000	0.053
38600.000	0.055
38610.000	0.054
38620.000	0.055
38630.000	0.054
38640.000	0.052
38650.000	0.054
38660.000	0.053
38670.000	0.052
38680.000	0.052
38690.000	0.051
38700.000	0.052
38710.000	0.050
38720.000	0.050
38730.000	0.052
38740.000	0.051
38750.000	0.050
38760.000	0.052
38770.000	0.052
38780.000	0.051
38790.000	0.051
38800.000	0.050
38810.000	0.050
38820.000	0.049
38830.000	0.051
38840.000	0.051
38850.000	0.049
38860.000	0.049
38870.000	0.049
38880.000	0.049
38890.000	0.048
38900.000	0.045
38910.000	0.045
38920.000	0.048
38930.000	0.047
38940.000	0.048
38950.000	0.044
38960.000	0.044
38970.000	0.045
38980.000	0.044
38990.000	0.044
39000.000	0.042
39010.000	0.044
39020.000	0.042
39030.000	0.043
39040.000	0.039
39050.000	0.040
39060.000	0.040
39070.000	0.040
39080.000	0.040
39090.000	0.040
39100.000	0.040
39110.000	0.040
39120.000	0.040
39130.000	0.039
39140.000	0.039
39150.000	0.039
39160.000	0.039
39170.000	0.040
39180.000	0.039
39190.000	0.040
39200.000	0.037
39210.000	0.038
39220.000	0.039
39230.000	0.039
39240.000	0.039
39250.000	0.038
39260.000	0.037
39270.000	0.037
39280.000	0.037
39290.000	0.038
39300.000	0.038
39310.000	0.039
39320.000	0.039
39330.000	0.038
39340.000	0.038
39350.000	0.037
39360.000	0.036
39370.000	0.036
39380.000	0.035
39390.000	0.036
39400.000	0.036
39410.000	0.037
39420.000	0.038
39430.000	0.036
39440.000	0.037
39450.000	0.036
39460.000	0.037
39470.000	0.034
39480.000	0.035
39490.000	0.033
39500.000	0.034
39510.000	0.034
39520.000	0.033
39530.000	0.034
39540.000	0.032
39550.000	0.032
39560.000	0.033
39570.000	0.032
39580.000	0.032
39590.000	0.033
39600.000	0.032
39610.000	0.031
39620.000	0.029
39630.000	0.029
39640.000	0.029
39650.000	0.030
39660.000	0.031
39670.000	0.030
39680.000	0.030
39690.000	0.030
39700.000	0.030
39710.000	0.029
39720.000	0.029
39730.000	0.029
39740.000	0.030
39750.000	0.030
39760.000	0.029
39770.000	0.030
39780.000	0.027
39790.000	0.029
39800.000	0.029
39810.000	0.029
39820.000	0.030
39830.000	0.030
39840.000	0.028
39850.000	0.027
39860.000	0.028
39870.000	0.027
39880.000	0.028
39890.000	0.027
39900.000	0.027
39910.000	0.027
39920.000	0.026
39930.000	0.028
39940.000	0.027
39950.000	0.028
39960.000	0.027
39970.000	0.027
39980.000	0.026
39990.000	0.026
40000.000	0.027
40010.000	0.028
40020.000	0.026
40030.000	0.027
40040.000	0.025
40050.000	0.026
40060.000	0.026
40070.000	0.024
40080.000	0.025
40090.000	0.026
40100.000	0.025
40110.000	0.024
40120.000	0.024
40130.000	0.024
40140.000	0.025
40150.000	0.023
40160.000	0.023
40170.000	0.024
40180.000	0.024
40190.000	0.023
40200.000	0.024
40210.000	0.023
40220.000	0.023
40230.000	0.023
40240.000	0.023
40250.000	0.023
40260.000	0.023
40270.000	0.021
40280.000	0.022
40290.000	0.023
40300.000	0.022
40310.000	0.024
40320.000	0.021
40330.000	0.021
40340.000	0.022
40350.000	0.021
40360.000	0.021
40370.000	0.022
40380.000	0.021
40390.000	0.020
40400.000	0.019
40410.000	0.020
40420.000	0.021
40430.000	0.021
40440.000	0.020
40450.000	0.020
40460.000	0.020
40470.000	0.019
40480.000	0.020
40490.000	0.021
40500.000	0.022
40510.000	0.020
40520.000	0.019
40530.000	0.018
40540.000	0.019
40550.000	0.019
40560.000	0.020
40570.000	0.020
40580.000	0.020
40590.000	0.020
40600.000	0.020
40610.000	0.020
40620.000	0.019
40630.000	0.021
40640.000	0.020
40650.000	0.020
40660.000	0.020
40670.000	0.019
40680.000	0.019
40690.000	0.019
40700.000	0.018
40710.000	0.018
40720.000	0.019
40730.000	0.017
40740.000	0.016
40750.000	0.018
40760.000	0.016
40770.000	0.017
40780.000	0.018
40790.000	0.017
40800.000	0.017
40810.000	0.017
40820.000	0.017
40830.000	0.016
40840.000	0.016
40850.000	0.017
40860.000	0.016
40870.000	0.015
40880.000	0.016
40890.000	0.015
40900.000	0.015
40910.000	0.016
40920.000	0.015
40930.000	0.014
40940.000	0.015
40950.000	0.016
40960.000	0.016
40970.000	0.016
40980.000	0.016
40990.000	0.016
41000.000	0.015
41010.000	0.014
41020.000	0.015
41030.000	0.014
41040.000	0.014
41050.000	0.013
41060.000	0.015
41070.000	0.014
41080.000	0.015
41090.000	0.014
41100.000	0.014
41110.000	0.014
41120.000	0.014
41130.000	0.012
41140.000	0.014
41150.000	0.013
41160.000	0.014
41170.000	0.014
41180.000	0.013
41190.000	0.013
41200.000	0.014
41210.000	0.014
41220.000	0.014
41230.000	0.013
41240.000	0.015
41250.000	0.013
41260.000	0.014
41270.000	0.013
41280.000	0.013
41290.000	0.013
41300.000	0.013
41310.000	0.013
41320.000	0.013
41330.000	0.013
41340.000	0.012
41350.000	0.013
41360.000	0.013
41370.000	0.014
41380.000	0.013
41390.000	0.013
41400.000	0.012
41410.000	0.012
41420.000	0.011
41430.000	0.012
41440.000	0.011
41450.000	0.011
41460.000	0.012
41470.000	0.011
41480.000	0.011
41490.000	0.011
41500.000	0.012
41510.000	0.010
41520.000	0.010
41530.000	0.011
41540.000	0.012
41550.000	0.011
41560.000	0.012
41570.000	0.012
41580.000	0.012
41590.000	0.012
41600.000	0.011
41610.000	0.010
41620.000	0.010
41630.000	0.010
41640.000	0.009
41650.000	0.010
41660.000	0.010
41670.000	0.012
41680.000	0.010
41690.000	0.011
41700.000	0.011
41710.000	0.012
41720.000	0.011
41730.000	0.009
41740.000	0.009
41750.000	0.009
41760.000	0.008
41770.000	0.008
41780.000	0.008
41790.000	0.010
41800.000	0.009
41810.000	0.009
41820.000	0.010
41830.000	0.008
41840.000	0.008
41850.000	0.008
41860.000	0.008
41870.000	0.008
41880.000	0.009
41890.000	0.009
41900.000	0.009
41910.000	0.008
41920.000	0.007
41930.000	0.009
41940.000	0.008
41950.000	0.008
41960.000	0.008
41970.000	0.008
41980.000	0.007
41990.000	0.007
42000.000	0.007
42010.000	0.008
42020.000	0.007
42030.000	0.007
42040.000	0.007
42050.000	0.007
42060.000	0.007
42070.000	0.007
42080.000	0.008
42090.000	0.008
42100.000	0.007
42110.000	0.008
42120.000	0.008
42130.000	0.007
42140.000	0.007
42150.000	0.007
42160.000	0.007
42170.000	0.007
42180.000	0.008
42190.000	0.008
42200.000	0.007
42210.000	0.007
42220.000	0.008
42230.000	0.007
42240.000	0.007
42250.000	0.007
42260.000	0.008
42270.000	0.008
42280.000	0.008
42290.000	0.007
42300.000	0.007
42310.000	0.007
42320.000	0.007
42330.000	0.007
42340.000	0.006
42350.000	0.007
42360.000	0.006
42370.000	0.007
42380.000	0.007
42390.000	0.007
42400.000	0.008
42410.000	0.007
42420.000	0.007
42430.000	0.007
42440.000	0.007
42450.000	0.007
42460.000	0.007
42470.000	0.007
42480.000	0.007
42490.000	0.007
42500.000	0.007
42510.000	0.007
42520.000	0.007
42530.000	0.007
42540.000	0.006
42550.000	0.006
42560.000	0.006
42570.000	0.007
42580.000	0.007
42590.000	0.006
42600.000	0.005
42610.000	0.007
42620.000	0.007
42630.000	0.006
42640.000	0.006
42650.000	0.006
42660.000	0.006
42670.000	0.007
42680.000	0.007
42690.000	0.006
42700.000	0.005
42710.000	0.006
42720.000	0.006
42730.000	0.006
42740.000	0.006
42750.000	0.006
42760.000	0.006
42770.000	0.006
42780.000	0.006
42790.000	0.007
42800.000	0.007
42810.000	0.006
42820.000	0.006
42830.000	0.005
42840.000	0.006
42850.000	0.006
42860.000	0.006
42870.000	0.005
42880.000	0.006
42890.000	0.005
42900.000	0.005
42910.000	0.006
42920.000	0.005
42930.000	0.006
42940.000	0.006
42950.000	0.006
42960.000	0.006
42970.000	0.006
42980.000	0.005
42990.000	0.005
43000.000	0.005
43010.000	0.006
43020.000	0.006
43030.000	0.005
43040.000	0.006
43050.000	0.005
43060.000	0.005
43070.000	0.004
43080.000	0.005
43090.000	0.005
43100.000	0.005
43110.000	0.005
43120.000	0.005
43130.000	0.005
43140.000	0.004
43150.000	0.005
43160.000	0.006
43170.000	0.005
43180.000	0.005
43190.000	0.005
43200.000	0.004
43210.000	0.004
43220.000	0.005
43230.000	0.005
43240.000	0.005
43250.000	0.005
43260.000	0.005
43270.000	0.005
43280.000	0.005
43290.000	0.005
43300.000	0.005
43310.000	0.005
43320.000	0.005
43330.000	0.004
43340.000	0.003
43350.000	0.005
43360.000	0.005
43370.000	0.005
43380.000	0.004
43390.000	0.004
43400.000	0.004
43410.000	0.004
43420.000	0.004
43430.000	0.004
43440.000	0.004
43450.000	0.004
43460.000	0.004
43470.000	0.005
43480.000	0.004
43490.000	0.005
43500.000	0.005
43510.000	0.004
43520.000	0.004
43530.000	0.003
43540.000	0.003
43550.000	0.004
43560.000	0.004
43570.000	0.003
43580.000	0.005
43590.000	0.004
43600.000	0.005
43610.000	0.004
43620.000	0.005
43630.000	0.004
43640.000	0.004
43650.000	0.004
43660.000	0.003
43670.000	0.003
43680.000	0.003
43690.000	0.003
43700.000	0.003
43710.000	0.003
43720.000	0.004
43730.000	0.004
43740.000	0.003
43750.000	0.003
43760.000	0.003
43770.000	0.003
43780.000	0.003
43790.000	0.004
43800.000	0.004
43810.000	0.004
43820.000	0.004
43830.000	0.004
43840.000	0.004
43850.000	0.003
43860.000	0.003
43870.000	0.003
43880.000	0.004
43890.000	0.004
43900.000	0.003
43910.000	0.003
43920.000	0.003
43930.000	0.004
43940.000	0.003
43950.000	0.003
43960.000	0.003
43970.000	0.003
43980.000	0.003
43990.000	0.003
44000.000	0.002
44010.000	0.003
44020.000	0.004
44030.000	0.003
44040.000	0.003
44050.000	0.003
44060.000	0.004
44070.000	0.003
44080.000	0.003
44090.000	0.002
44100.000	0.003
44110.000	0.002
44120.000	0.002
44130.000	0.002
44140.000	0.003
44150.000	0.002
44160.000	0.003
44170.000	0.003
44180.000	0.003
44190.000	0.002
44200.000	0.003
44210.000	0.003
44220.000	0.002
44230.000	0.002
44240.000	0.003
44250.000	0.003
44260.000	0.003
44270.000	0.004
44280.000	0.002
44290.000	0.003
44300.000	0.003
44310.000	0.003
44320.000	0.002
44330.000	0.003
44340.000	0.003
44350.000	0.003
44360.000	0.002
44370.000	0.002
44380.000	0.002
44390.000	0.002
44400.000	0.003
44410.000	0.002
44420.000	0.002
44430.000	0.002
44440.000	0.002
44450.000	0.002
44460.000	0.002
44470.000	0.002
44480.000	0.002
44490.000	0.002
44500.000	0.003
44510.000	0.003
44520.000	0.003
44530.000	0.003
44540.000	0.002
44550.000	0.002
44560.000	0.002
44570.000	0.002
44580.000	0.002
44590.000	0.002
44600.000	0.002
44610.000	0.002
44620.000	0.002
44630.000	0.002
44640.000	0.002
44650.000	0.002
44660.000	0.003
44670.000	0.002
44680.000	0.002
44690.000	0.002
44700.000	0.002
44710.000	0.002
44720.000	0.002
44730.000	0.002
44740.000	0.002
44750.000	0.002
44760.000	0.002
44770.000	0.002
44780.000	0.002
44790.000	0.001
44800.000	0.002
44810.000	0.002
44820.000	0.002
44830.000	0.002
44840.000	0.002
44850.000	0.002
44860.000	0.002
44870.000	0.001
44880.000	0.002
44890.000	0.002
44900.000	0.002
44910.000	0.002
44920.000	0.001
44930.000	0.001
44940.000	0.002
44950.000	0.002
44960.000	0.002
44970.000	0.002
44980.000	0.001
44990.000	0.001
45000.000	0.002
45010.000	0.002
45020.000	0.002
45030.000	0.002
45040.000	0.002
45050.000	0.002
45060.000	0.002
45070.000	0.002
45080.000	0.002
45090.000	0.002
45100.000	0.002
45110.000	0.002
45120.000	0.001
45130.000	0.002
45140.000	0.002
45150.000	0.003
45160.000	0.002
45170.000	0.002
45180.000	0.002
45190.000	0.002
45200.000	0.002
45210.000	0.001
45220.000	0.002
45230.000	0.002
45240.000	0.002
45250.000	0.002
45260.000	0.002
45270.000	0.002
45280.000	0.002
45290.000	0.002
45300.000	0.002
45310.000	0.002
45320.000	0.002
45330.000	0.002
45340.000	0.001
45350.000	0.002
45360.000	0.001
45370.000	0.001
45380.000	0.001
45390.000	0.001
45400.000	0.001
45410.000	0.002
45420.000	0.002
45430.000	0.001
45440.000	0.001
45450.000	0.001
45460.000	0.001
45470.000	0.001
45480.000	0.002
45490.000	0.002
45500.000	0.002
45510.000	0.001
45520.000	0.000
45530.000	0.001
45540.000	0.001
45550.000	0.001
45560.000	0.001
45570.000	0.002
45580.000	0.002
45590.000	0.001
45600.000	0.001
45610.000	0.001
45620.000	0.002
45630.000	0.001
45640.000	0.001
45650.000	0.002
45660.000	0.002
45670.000	0.001
45680.000	0.001
45690.000	0.001
45700.000	0.001
45710.000	0.001
45720.000	0.002
45730.000	0.001
45740.000	0.002
45750.000	0.002
45760.000	0.001
45770.000	0.002
45780.000	0.002
45790.000	0.002
45800.000	0.001
45810.000	0.001
45820.000	0.001
45830.000	0.001
45840.000	0.001
45850.000	0.002
45860.000	0.001
45870.000	0.001
45880.000	0.002
45890.000	0.001
45900.000	0.001
45910.000	0.001
45920.000	0.001
45930.000	0.002
45940.000	0.001
45950.000	0.001
45960.000	0.001
45970.000	0.001
45980.000	0.002
45990.000	0.001
46000.000	0.001
46010.000	0.000
46020.000	0.002
46030.000	0.001
46040.000	0.001
46050.000	0.001
46060.000	0.001
46070.000	0.001
46080.000	0.001
46090.000	0.001
46100.000	0.001
46110.000	0.001
46120.000	0.001
46130.000	0.001
46140.000	0.001
46150.000	0.001
46160.000	0.001
46170.000	0.001
46180.000	0.002
46190.000	0.001
46200.000	0.001
46210.000	0.001
46220.000	0.001
46230.000	0.001
46240.000	0.001
46250.000	0.001
46260.000	0.000
46270.000	0.001
46280.000	0.000
46290.000	0.000
46300.000	0.001
46310.000	0.001
46320.000	0.001
46330.000	0.001
46340.000	0.001
46350.000	0.001
46360.000	0.001
46370.000	0.001
46380.000	0.000
46390.000	0.001
46400.000	0.001
46410.000	0.001
46420.000	0.001
46430.000	0.001
46440.000	0.001
46450.000	0.001
46460.000	0.001
46470.000	0.001
46480.000	0.001
46490.000	0.000
46500.000	0.000
46510.000	0.001
46520.000	0.001
46530.000	0.001
46540.000	0.001
46550.000	0.001
46560.000	0.001
46570.000	0.001
46580.000	0.001
46590.000	0.000
46600.000	0.001
46610.000	0.001
46620.000	0.000
46630.000	0.001
46640.000	0.001
46650.000	0.000
46660.000	0.001
46670.000	0.001
46680.000	0.001
46690.000	0.001
46700.000	0.001
46710.000	0.001
46720.000	0.001
46730.000	0.001
46740.000	0.000
46750.000	0.000
46760.000	0.000
46770.000	0.001
46780.000	0.001
46790.000	0.001
46800.000	0.001
46810.000	0.001
46820.000	0.000
46830.000	0.001
46840.000	0.001
46850.000	0.001
46860.000	0.001
46870.000	0.000
46880.000	0.000
46890.000	0.000
46900.000	0.001
46910.000	0.001
46920.000	0.001
46930.000	0.001
46940.000	0.000
46950.000	0.001
46960.000	0.000
46970.000	0.000
46980.000	0.001
46990.000	0.001
47000.000	0.001
47010.000	0.001
47020.000	0.001
47030.000	0.001
47040.000	0.000
47050.000	0.000
47060.000	0.000
47070.000	0.000
47080.000	0.001
47090.000	0.000
47100.000	0.001
47110.000	0.001
47120.000	0.001
47130.000	0.000
47140.000	0.001
47150.000	0.001
47160.000	0.001
47170.000	0.000
47180.000	0.000
47190.000	0.000
47200.000	0.001
47210.000	0.000
47220.000	0.000
47230.000	0.001
47240.000	0.001
47250.000	0.000
47260.000	0.000
47270.000	0.001
47280.000	0.001
47290.000	0.001
47300.000	0.001
47310.000	0.001
47320.000	0.001
47330.000	0.000
47340.000	0.001
47350.000	-0.000
47360.000	0.000
47370.000	0.000
47380.000	0.001
47390.000	0.000
47400.000	0.000
47410.000	0.001
47420.000	0.001
47430.000	0.001
47440.000	0.001
47450.000	0.001
47460.000	0.000
47470.000	0.000
47480.000	0.001
47490.000	0.000
47500.000	0.000
47510.000	0.001
47520.000	0.000
47530.000	0.000
47540.000	0.001
47550.000	-0.000
47560.000	-0.000
47570.000	0.001
47580.000	0.000
47590.000	0.000
47600.000	0.001
47610.000	0.000
47620.000	0.001
47630.000	0.000
47640.000	0.000
47650.000	0.001
47660.000	0.001
47670.000	0.001
47680.000	-0.000
47690.000	0.001
47700.000	0.001
47710.000	0.000
47720.000	0.000
47730.000	0.000
47740.000	0.000
47750.000	0.001
47760.000	0.001
47770.000	0.001
47780.000	-0.000
47790.000	0.000
47800.000	0.000
47810.000	0.000
47820.000	0.001
47830.000	0.001
47840.000	0.000
47850.000	0.001
47860.000	0.001
47870.000	0.001
47880.000	0.000
47890.000	0.000
47900.000	0.000
47910.000	0.001
47920.000	0.000
47930.000	0.000
47940.000	0.001
47950.000	0.001
47960.000	0.000
47970.000	0.000
47980.000	0.000
47990.000	0.000
48000.000	0.000
48010.000	0.000
48020.000	0.000
48030.000	0.001
48040.000	0.001
48050.000	0.001
48060.000	0.001
48070.000	0.002
48080.000	0.000
48090.000	0.000
48100.000	0.001
48110.000	0.000
48120.000	-0.000
48130.000	0.000
48140.000	0.000
48150.000	0.000
48160.000	0.001
48170.000	0.001
48180.000	0.000
48190.000	-0.000
48200.000	0.000
48210.000	0.001
48220.000	0.001
48230.000	-0.000
48240.000	0.001
48250.000	0.001
48260.000	-0.000
48270.000	0.000
48280.000	0.000
48290.000	0.001
48300.000	0.001
48310.000	0.001
48320.000	0.001
48330.000	0.000
48340.000	0.000
48350.000	0.000
48360.000	-0.000
48370.000	0.001
48380.000	0.001
48390.000	0.001
48400.000	0.000
48410.000	0.000
48420.000	0.000
48430.000	0.000
48440.000	0.000
48450.000	0.001
48460.000	0.001
48470.000	0.000
48471.000	0.001
