0.000000	0.992000	1.600800
4.000000E-6	0.992000	1.600400
8.000000E-6	0.992000	1.600400
1.200000E-5	0.992000	1.600400
1.600000E-5	0.992000	1.600400
2.000000E-5	0.992000	1.600400
2.400000E-5	0.992000	1.600400
2.800000E-5	0.992000	1.600400
3.200000E-5	0.992000	1.600400
3.600000E-5	0.992000	1.600400
4.000000E-5	0.992000	1.600400
4.400000E-5	0.992000	1.600400
4.800000E-5	0.992000	1.600800
5.200000E-5	0.992000	1.600400
5.600000E-5	0.992000	1.600400
6.000000E-5	0.992000	1.600400
6.400000E-5	0.992000	1.600400
6.800000E-5	0.992000	1.600400
7.200000E-5	0.992000	1.600800
7.600000E-5	0.992000	1.600800
8.000000E-5	0.992000	1.600800
8.400000E-5	0.992000	1.600400
8.800000E-5	0.992000	1.600800
9.200000E-5	0.992000	1.600800
9.600000E-5	0.992000	1.600800
0.000100	0.992000	1.600800
0.000104	0.992000	1.600800
0.000108	0.992000	1.600800
0.000112	0.992000	1.600800
0.000116	0.992000	1.600800
0.000120	0.992000	1.600800
0.000124	0.992000	1.600400
0.000128	0.992000	1.600400
0.000132	0.992000	1.600400
0.000136	0.992000	1.600800
0.000140	0.992000	1.600400
0.000144	0.992000	1.600800
0.000148	0.992000	1.600800
0.000152	0.992000	1.600400
0.000156	0.992000	1.600400
0.000160	0.992000	1.600400
0.000164	0.992000	1.600400
0.000168	0.992000	1.600800
0.000172	0.992000	1.600800
0.000176	0.992000	1.600800
0.000180	0.992000	1.600400
0.000184	0.992000	1.600400
0.000188	0.992000	1.600400
0.000192	0.992000	1.600800
0.000196	0.992000	1.600400
0.000200	1.384000	1.600800
0.000204	2.328000	1.600400
0.000208	2.616000	1.600400
0.000212	2.696000	1.600400
0.000216	2.720000	1.600400
0.000220	2.728000	1.600400
0.000224	2.728000	1.600400
0.000228	2.728000	1.600400
0.000232	2.728000	1.600400
0.000236	2.728000	1.600400
0.000240	2.728000	1.600400
0.000244	2.728000	1.600400
0.000248	2.728000	1.600400
0.000252	2.728000	1.600400
0.000256	2.728000	1.600400
0.000260	2.728000	1.600400
0.000264	2.728000	1.600400
0.000268	2.720000	1.600400
0.000272	2.720000	1.600400
0.000276	2.720000	1.600400
0.000280	2.720000	1.600400
0.000284	2.720000	1.600400
0.000288	2.720000	1.600800
0.000292	2.720000	1.600800
0.000296	2.720000	1.600800
0.000300	2.712000	1.600800
0.000304	2.712000	1.600400
0.000308	2.712000	1.600800
0.000312	2.712000	1.600400
0.000316	2.712000	1.600800
0.000320	2.712000	1.600800
0.000324	2.712000	1.600400
0.000328	2.712000	1.600400
0.000332	2.704000	1.600800
0.000336	2.712000	1.600400
0.000340	2.704000	1.600800
0.000344	2.704000	1.600400
0.000348	2.704000	1.600400
0.000352	2.704000	1.600800
0.000356	2.704000	1.600400
0.000360	2.704000	1.600400
0.000364	2.704000	1.600400
0.000368	2.704000	1.600400
0.000372	2.696000	1.600400
0.000376	2.696000	1.600800
0.000380	2.696000	1.600800
0.000384	2.696000	1.600400
0.000388	2.696000	1.600400
0.000392	2.696000	1.600800
0.000396	2.696000	1.600800
0.000400	2.696000	1.600400
0.000404	2.696000	1.600400
0.000408	2.688000	1.600400
0.000412	2.688000	1.600800
0.000416	2.688000	1.600400
0.000420	2.688000	1.600400
0.000424	2.688000	1.600400
0.000428	2.688000	1.600400
0.000432	2.688000	1.600400
0.000436	2.688000	1.600400
0.000440	2.688000	1.600400
0.000444	2.680000	1.600400
0.000448	2.680000	1.600400
0.000452	2.680000	1.600800
0.000456	2.680000	1.600400
0.000460	2.680000	1.600400
0.000464	2.680000	1.600400
0.000468	2.680000	1.600400
0.000472	2.680000	1.600400
0.000476	2.680000	1.600400
0.000480	2.680000	1.600400
0.000484	2.672000	1.600800
0.000488	2.672000	1.600400
0.000492	2.672000	1.600400
0.000496	2.672000	1.600800
0.000500	2.672000	1.600800
0.000504	2.672000	1.600800
0.000508	2.672000	1.600400
0.000512	2.672000	1.600800
0.000516	2.664000	1.600800
0.000520	2.664000	1.600400
0.000524	2.664000	1.600800
0.000528	2.672000	1.600800
0.000532	2.664000	1.600800
0.000536	2.664000	1.600800
0.000540	2.664000	1.600400
0.000544	2.664000	1.600800
0.000548	2.664000	1.600400
0.000552	2.664000	1.600400
0.000556	2.664000	1.600400
0.000560	2.664000	1.600400
0.000564	2.656000	1.600400
0.000568	2.656000	1.600800
0.000572	2.656000	1.600800
0.000576	2.656000	1.600800
0.000580	2.656000	1.600400
0.000584	2.656000	1.600400
0.000588	2.656000	1.600800
0.000592	2.656000	1.600800
0.000596	2.656000	1.600400
0.000600	2.656000	1.600400
0.000604	2.656000	1.600800
0.000608	2.648000	1.600800
0.000612	2.648000	1.600800
0.000616	2.648000	1.600400
0.000620	2.648000	1.600400
0.000624	2.648000	1.600800
0.000628	2.648000	1.600800
0.000632	2.648000	1.600400
0.000636	2.648000	1.600800
0.000640	2.648000	1.600800
0.000644	2.648000	1.600800
0.000648	2.648000	1.600400
0.000652	2.640000	1.600400
0.000656	2.640000	1.600800
0.000660	2.640000	1.600800
0.000664	2.640000	1.600800
0.000668	2.640000	1.600400
0.000672	2.640000	1.600800
0.000676	2.640000	1.600800
0.000680	2.640000	1.600800
0.000684	2.640000	1.600800
0.000688	2.640000	1.600800
0.000692	2.640000	1.600800
0.000696	2.632000	1.600800
0.000700	2.640000	1.600800
0.000704	2.640000	1.600800
0.000708	2.632000	1.600800
0.000712	2.632000	1.600800
0.000716	2.632000	1.600800
0.000720	2.632000	1.600800
0.000724	2.632000	1.600800
0.000728	2.632000	1.600800
0.000732	2.632000	1.600800
0.000736	2.632000	1.600800
0.000740	2.632000	1.600800
0.000744	2.632000	1.600400
0.000748	2.632000	1.600800
0.000752	2.632000	1.600800
0.000756	2.624000	1.600400
0.000760	2.624000	1.600400
0.000764	2.624000	1.600400
0.000768	2.624000	1.600400
0.000772	2.624000	1.600400
0.000776	2.624000	1.600400
0.000780	2.624000	1.600400
0.000784	2.624000	1.600400
0.000788	2.624000	1.600800
0.000792	2.624000	1.600800
0.000796	2.624000	1.600800
0.000800	2.624000	1.600400
0.000804	2.624000	1.600400
0.000808	2.624000	1.600800
0.000812	2.616000	1.600800
0.000816	2.616000	1.600800
0.000820	2.616000	1.600400
0.000824	2.616000	1.600400
0.000828	2.616000	1.600400
0.000832	2.616000	1.600400
0.000836	2.616000	1.600400
0.000840	2.616000	1.600800
0.000844	2.616000	1.600400
0.000848	2.616000	1.600800
0.000852	2.616000	1.600800
0.000856	2.616000	1.600400
0.000860	2.608000	1.600800
0.000864	2.616000	1.600400
0.000868	2.608000	1.600800
0.000872	2.616000	1.600400
0.000876	2.608000	1.600800
0.000880	2.608000	1.600800
0.000884	2.608000	1.600800
0.000888	2.608000	1.600800
0.000892	2.608000	1.600800
0.000896	2.608000	1.600800
0.000900	2.608000	1.600800
0.000904	2.608000	1.600800
0.000908	2.608000	1.600800
0.000912	2.608000	1.600800
0.000916	2.608000	1.600800
0.000920	2.608000	1.600800
0.000924	2.600000	1.600800
0.000928	2.600000	1.600800
0.000932	2.600000	1.600800
0.000936	2.600000	1.600800
0.000940	2.600000	1.600400
0.000944	2.600000	1.600400
0.000948	2.600000	1.600400
0.000952	2.600000	1.600400
0.000956	2.600000	1.600400
0.000960	2.600000	1.600800
0.000964	2.600000	1.600800
0.000968	2.600000	1.600800
0.000972	2.600000	1.600800
0.000976	2.600000	1.600400
0.000980	2.600000	1.600400
0.000984	2.600000	1.600800
0.000988	2.600000	1.600800
0.000992	2.600000	1.600800
0.000996	2.592000	1.600400
0.001000	2.592000	1.600800
0.001004	2.592000	1.600800
0.001008	2.592000	1.600400
0.001012	2.592000	1.600400
0.001016	2.592000	1.600400
0.001020	2.592000	1.600800
0.001024	2.592000	1.600800
0.001028	2.592000	1.600400
0.001032	2.592000	1.600800
0.001036	2.592000	1.600800
0.001040	2.592000	1.600800
0.001044	2.592000	1.600400
0.001048	2.592000	1.600400
0.001052	2.592000	1.600400
0.001056	2.592000	1.600400
0.001060	2.592000	1.600400
0.001064	2.592000	1.600400
0.001068	2.584000	1.600400
0.001072	2.584000	1.600400
0.001076	2.584000	1.600400
0.001080	2.584000	1.600400
0.001084	2.584000	1.600400
0.001088	2.584000	1.600400
0.001092	2.584000	1.600400
0.001096	2.584000	1.600800
0.001100	2.584000	1.600400
0.001104	2.584000	1.600400
0.001108	2.584000	1.600400
0.001112	2.584000	1.600400
0.001116	2.584000	1.600400
0.001120	2.584000	1.600400
0.001124	2.584000	1.600400
0.001128	2.584000	1.600400
0.001132	2.576000	1.600800
0.001136	2.576000	1.600400
0.001140	2.576000	1.600400
0.001144	2.576000	1.600800
0.001148	2.576000	1.600400
0.001152	2.576000	1.600400
0.001156	2.576000	1.600400
0.001160	2.576000	1.600400
0.001164	2.576000	1.600800
0.001168	2.576000	1.600800
0.001172	2.576000	1.600400
0.001176	2.576000	1.600800
0.001180	2.576000	1.600400
0.001184	2.568000	1.600800
0.001188	2.576000	1.600400
0.001192	2.576000	1.600800
0.001196	2.576000	1.600400
0.001200	2.568000	1.600800
0.001204	2.576000	1.600800
0.001208	2.568000	1.600800
0.001212	2.568000	1.600400
0.001216	2.576000	1.600400
0.001220	2.568000	1.600800
0.001224	2.576000	1.600800
0.001228	2.568000	1.600800
0.001232	2.568000	1.600400
0.001236	2.568000	1.600800
0.001240	2.568000	1.600800
0.001244	2.568000	1.600800
0.001248	2.568000	1.600400
0.001252	2.568000	1.600800
0.001256	2.568000	1.600400
0.001260	2.568000	1.600400
0.001264	2.568000	1.600400
0.001268	2.560000	1.600800
0.001272	2.568000	1.600800
0.001276	2.568000	1.600400
0.001280	2.568000	1.600400
0.001284	2.560000	1.600400
0.001288	2.568000	1.600800
0.001292	2.560000	1.600800
0.001296	2.560000	1.600400
0.001300	2.560000	1.600400
0.001304	2.560000	1.600400
0.001308	2.560000	1.600800
0.001312	2.560000	1.600800
0.001316	2.560000	1.600400
0.001320	2.560000	1.600800
0.001324	2.560000	1.600400
0.001328	2.560000	1.600800
0.001332	2.560000	1.600800
0.001336	2.560000	1.600400
0.001340	2.560000	1.600400
0.001344	2.552000	1.600400
0.001348	2.560000	1.600400
0.001352	2.552000	1.600400
0.001356	2.552000	1.600800
0.001360	2.552000	1.600800
0.001364	2.552000	1.600800
0.001368	2.552000	1.600400
0.001372	2.552000	1.600400
0.001376	2.552000	1.600800
0.001380	2.552000	1.600400
0.001384	2.552000	1.600400
0.001388	2.552000	1.600800
0.001392	2.552000	1.600800
0.001396	2.552000	1.600800
0.001400	2.552000	1.600400
0.001404	2.552000	1.600800
0.001408	2.552000	1.600800
0.001412	2.552000	1.600800
0.001416	2.552000	1.600800
0.001420	2.552000	1.600400
0.001424	2.552000	1.600800
0.001428	2.552000	1.600800
0.001432	2.544000	1.600400
0.001436	2.544000	1.600800
0.001440	2.544000	1.600400
0.001444	2.544000	1.600800
0.001448	2.544000	1.600800
0.001452	2.544000	1.600800
0.001456	2.544000	1.600400
0.001460	2.544000	1.600400
0.001464	2.544000	1.600800
0.001468	2.544000	1.600800
0.001472	2.544000	1.600800
0.001476	2.544000	1.600800
0.001480	2.544000	1.600800
0.001484	2.544000	1.600400
0.001488	2.544000	1.600800
0.001492	2.544000	1.600800
0.001496	2.544000	1.600800
0.001500	2.544000	1.600400
0.001504	2.536000	1.600400
0.001508	2.544000	1.600800
0.001512	2.536000	1.600800
0.001516	2.536000	1.600400
0.001520	2.536000	1.600400
0.001524	2.544000	1.600400
0.001528	2.536000	1.600400
0.001532	2.536000	1.600400
0.001536	2.536000	1.600400
0.001540	2.536000	1.600400
0.001544	2.536000	1.600400
0.001548	2.536000	1.600800
0.001552	2.536000	1.600400
0.001556	2.536000	1.600800
0.001560	2.536000	1.600800
0.001564	2.536000	1.600800
0.001568	2.536000	1.600400
0.001572	2.536000	1.600800
0.001576	2.536000	1.600400
0.001580	2.536000	1.600400
0.001584	2.536000	1.600400
0.001588	2.536000	1.600800
0.001592	2.536000	1.600800
0.001596	2.536000	1.600800
0.001600	2.528000	1.600800
0.001604	2.536000	1.600800
0.001608	2.528000	1.600800
0.001612	2.528000	1.600800
0.001616	2.528000	1.600800
0.001620	2.528000	1.600400
0.001624	2.528000	1.600800
0.001628	2.528000	1.600800
0.001632	2.528000	1.600400
0.001636	2.528000	1.600400
0.001640	2.528000	1.600800
0.001644	2.528000	1.600400
0.001648	2.528000	1.600400
0.001652	2.528000	1.600400
0.001656	2.528000	1.600800
0.001660	2.528000	1.600800
0.001664	2.528000	1.600400
0.001668	2.528000	1.600800
0.001672	2.528000	1.600800
0.001676	2.528000	1.600400
0.001680	2.528000	1.600800
0.001684	2.528000	1.600400
0.001688	2.528000	1.600800
0.001692	2.528000	1.600400
0.001696	2.528000	1.600800
0.001700	2.528000	1.600400
0.001704	2.528000	1.600400
0.001708	2.528000	1.600400
0.001712	2.528000	1.600800
0.001716	2.520000	1.600800
0.001720	2.520000	1.600400
0.001724	2.520000	1.600400
0.001728	2.520000	1.600800
0.001732	2.520000	1.600400
0.001736	2.520000	1.600400
0.001740	2.520000	1.600400
0.001744	2.520000	1.600400
0.001748	2.520000	1.600400
0.001752	2.520000	1.600400
0.001756	2.520000	1.600400
0.001760	2.520000	1.600400
0.001764	2.520000	1.600400
0.001768	2.520000	1.600400
0.001772	2.520000	1.600000
0.001776	2.520000	1.600400
0.001780	2.520000	1.600400
0.001784	2.520000	1.600400
0.001788	2.520000	1.600400
0.001792	2.520000	1.600400
0.001796	2.512000	1.600400
0.001800	2.512000	1.600400
0.001804	2.520000	1.600400
0.001808	2.520000	1.600400
0.001812	2.512000	1.600400
0.001816	2.520000	1.600400
0.001820	2.512000	1.600400
0.001824	2.512000	1.600400
0.001828	2.512000	1.600400
0.001832	2.512000	1.600400
0.001836	2.512000	1.600400
0.001840	2.512000	1.600400
0.001844	2.512000	1.600400
0.001848	2.512000	1.600400
0.001852	2.512000	1.600400
0.001856	2.512000	1.600400
0.001860	2.512000	1.600400
0.001864	2.512000	1.600400
0.001868	2.512000	1.600400
0.001872	2.512000	1.600400
0.001876	2.512000	1.600400
0.001880	2.512000	1.600400
0.001884	2.512000	1.600400
0.001888	2.512000	1.600400
0.001892	2.512000	1.600400
0.001896	2.512000	1.600400
0.001900	2.504000	1.600400
0.001904	2.504000	1.600400
0.001908	2.504000	1.600400
0.001912	2.504000	1.600400
0.001916	2.512000	1.600400
0.001920	2.504000	1.600400
0.001924	2.504000	1.600400
0.001928	2.504000	1.600400
0.001932	2.504000	1.600400
0.001936	2.504000	1.600400
0.001940	2.504000	1.600400
0.001944	2.504000	1.600000
0.001948	2.504000	1.600400
0.001952	2.504000	1.600400
0.001956	2.504000	1.600000
0.001960	2.504000	1.600400
0.001964	2.504000	1.600000
0.001968	2.504000	1.600400
0.001972	2.504000	1.600000
0.001976	2.504000	1.600000
0.001980	2.504000	1.600000
0.001984	2.504000	1.600000
0.001988	2.504000	1.600000
0.001992	2.504000	1.600000
0.001996	2.504000	1.600000
0.002000	2.504000	1.600000
0.002004	2.496000	1.600000
0.002008	2.504000	1.600000
0.002012	2.504000	1.600000
0.002016	2.496000	1.600000
0.002020	2.496000	1.600000
0.002024	2.496000	1.600000
0.002028	2.496000	1.600000
0.002032	2.496000	1.600000
0.002036	2.496000	1.600000
0.002040	2.496000	1.600000
0.002044	2.496000	1.600000
0.002048	2.496000	1.600000
0.002052	2.496000	1.600000
0.002056	2.496000	1.600000
0.002060	2.496000	1.600000
0.002064	2.496000	1.600000
0.002068	2.496000	1.600000
0.002072	2.496000	1.600000
0.002076	2.496000	1.600000
0.002080	2.496000	1.600000
0.002084	2.496000	1.600000
0.002088	2.496000	1.599600
0.002092	2.496000	1.600000
0.002096	2.496000	1.599600
0.002100	2.496000	1.599600
0.002104	2.496000	1.599600
0.002108	2.496000	1.599600
0.002112	2.496000	1.599600
0.002116	2.496000	1.599600
0.002120	2.488000	1.599600
0.002124	2.496000	1.599600
0.002128	2.488000	1.599600
0.002132	2.488000	1.599600
0.002136	2.488000	1.599600
0.002140	2.488000	1.599600
0.002144	2.488000	1.599200
0.002148	2.488000	1.599600
0.002152	2.488000	1.599600
0.002156	2.488000	1.599600
0.002160	2.488000	1.599200
0.002164	2.488000	1.599200
0.002168	2.488000	1.599200
0.002172	2.488000	1.599200
0.002176	2.488000	1.599200
0.002180	2.488000	1.599200
0.002184	2.488000	1.598800
0.002188	2.488000	1.599200
0.002192	2.488000	1.598800
0.002196	2.488000	1.598800
0.002200	2.488000	1.598800
0.002204	2.488000	1.598800
0.002208	2.488000	1.598800
0.002212	2.488000	1.598800
0.002216	2.488000	1.598800
0.002220	2.488000	1.598400
0.002224	2.488000	1.598400
0.002228	2.488000	1.598400
0.002232	2.480000	1.598400
0.002236	2.488000	1.598400
0.002240	2.480000	1.598400
0.002244	2.488000	1.598400
0.002248	2.488000	1.598400
0.002252	2.480000	1.598000
0.002256	2.480000	1.598000
0.002260	2.480000	1.597600
0.002264	2.480000	1.598000
0.002268	2.480000	1.597600
0.002272	2.480000	1.597600
0.002276	2.480000	1.597600
0.002280	2.480000	1.597200
0.002284	2.480000	1.597200
0.002288	2.480000	1.597200
0.002292	2.480000	1.597200
0.002296	2.480000	1.596800
0.002300	2.480000	1.596800
0.002304	2.480000	1.596800
0.002308	2.480000	1.596400
0.002312	2.480000	1.596000
0.002316	2.480000	1.596000
0.002320	2.480000	1.596000
0.002324	2.480000	1.595600
0.002328	2.480000	1.595600
0.002332	2.480000	1.595200
0.002336	2.480000	1.595200
0.002340	2.480000	1.594800
0.002344	2.480000	1.594800
0.002348	2.480000	1.594400
0.002352	2.472000	1.594000
0.002356	2.472000	1.594000
0.002360	2.472000	1.593600
0.002364	2.472000	1.593200
0.002368	2.472000	1.592800
0.002372	2.472000	1.592400
0.002376	2.472000	1.592000
0.002380	2.472000	1.592000
0.002384	2.472000	1.591600
0.002388	2.472000	1.591200
0.002392	2.472000	1.590400
0.002396	2.472000	1.590000
0.002400	2.472000	1.589600
0.002404	2.472000	1.589200
0.002408	2.472000	1.588400
0.002412	2.472000	1.588000
0.002416	2.472000	1.587200
0.002420	2.472000	1.586800
0.002424	2.472000	1.586400
0.002428	2.472000	1.585600
0.002432	2.472000	1.584800
0.002436	2.472000	1.584400
0.002440	2.472000	1.583600
0.002444	2.472000	1.582800
0.002448	2.472000	1.582000
0.002452	2.472000	1.581200
0.002456	2.472000	1.580800
0.002460	2.472000	1.580000
0.002464	2.472000	1.579200
0.002468	2.472000	1.578400
0.002472	2.472000	1.577600
0.002476	2.472000	1.576800
0.002480	2.472000	1.576000
0.002484	2.472000	1.575200
0.002488	2.472000	1.574400
0.002492	2.472000	1.573600
0.002496	2.472000	1.572800
0.002500	2.464000	1.572000
0.002504	2.472000	1.571200
0.002508	2.464000	1.570400
0.002512	2.464000	1.569600
0.002516	2.464000	1.568800
0.002520	2.464000	1.568000
0.002524	2.464000	1.567600
0.002528	2.464000	1.566800
0.002532	2.464000	1.566400
0.002536	2.464000	1.565600
0.002540	2.464000	1.564800
0.002544	2.464000	1.564400
0.002548	2.464000	1.564000
0.002552	2.464000	1.563200
0.002556	2.464000	1.562800
0.002560	2.464000	1.562400
0.002564	2.464000	1.562000
0.002568	2.464000	1.561600
0.002572	2.464000	1.561200
0.002576	2.464000	1.560800
0.002580	2.464000	1.560400
0.002584	2.464000	1.560000
0.002588	2.464000	1.559600
0.002592	2.464000	1.559600
0.002596	2.464000	1.559200
0.002600	2.464000	1.558800
0.002604	2.464000	1.558800
0.002608	2.456000	1.558400
0.002612	2.456000	1.558400
0.002616	2.464000	1.558400
0.002620	2.464000	1.558000
0.002624	2.456000	1.558000
0.002628	2.456000	1.558000
0.002632	2.456000	1.558000
0.002636	2.464000	1.557600
0.002640	2.456000	1.557600
0.002644	2.464000	1.557600
0.002648	2.456000	1.557600
0.002652	2.456000	1.557200
0.002656	2.456000	1.557200
0.002660	2.456000	1.557200
0.002664	2.456000	1.557600
0.002668	2.456000	1.557200
0.002672	2.456000	1.557200
0.002676	2.456000	1.557200
0.002680	2.456000	1.557200
0.002684	2.456000	1.557200
0.002688	2.456000	1.557200
0.002692	2.456000	1.557200
0.002696	2.456000	1.557600
0.002700	2.456000	1.557200
0.002704	2.456000	1.557200
0.002708	2.456000	1.557600
0.002712	2.448000	1.557600
0.002716	2.456000	1.557600
0.002720	2.456000	1.557600
0.002724	2.456000	1.557600
0.002728	2.456000	1.557600
0.002732	2.448000	1.557600
0.002736	2.456000	1.557600
0.002740	2.456000	1.557600
0.002744	2.448000	1.557600
0.002748	2.456000	1.557600
0.002752	2.448000	1.557600
0.002756	2.456000	1.558000
0.002760	2.448000	1.557600
0.002764	2.456000	1.558000
0.002768	2.448000	1.557600
0.002772	2.448000	1.558000
0.002776	2.448000	1.558000
0.002780	2.448000	1.558000
0.002784	2.448000	1.558000
0.002788	2.448000	1.558000
0.002792	2.448000	1.558000
0.002796	2.448000	1.558000
0.002800	2.448000	1.558000
0.002804	2.448000	1.558000
0.002808	2.448000	1.558000
0.002812	2.448000	1.558000
0.002816	2.448000	1.558000
0.002820	2.448000	1.558000
0.002824	2.448000	1.558400
0.002828	2.448000	1.558000
0.002832	2.448000	1.558000
0.002836	2.448000	1.558000
0.002840	2.448000	1.558400
0.002844	2.448000	1.558400
0.002848	2.448000	1.558400
0.002852	2.448000	1.558000
0.002856	2.448000	1.558400
0.002860	2.448000	1.558400
0.002864	2.448000	1.558400
0.002868	2.448000	1.558400
0.002872	2.440000	1.558400
0.002876	2.448000	1.558400
0.002880	2.448000	1.558800
0.002884	2.448000	1.558800
0.002888	2.448000	1.558800
0.002892	2.448000	1.558800
0.002896	2.448000	1.558800
0.002900	2.440000	1.558800
0.002904	2.440000	1.558800
0.002908	2.440000	1.558800
0.002912	2.440000	1.558800
0.002916	2.440000	1.558800
0.002920	2.440000	1.558800
0.002924	2.440000	1.558800
0.002928	2.440000	1.558800
0.002932	2.440000	1.558800
0.002936	2.440000	1.559200
0.002940	2.440000	1.559200
0.002944	2.440000	1.559200
0.002948	2.440000	1.559200
0.002952	2.440000	1.559200
0.002956	2.440000	1.559200
0.002960	2.440000	1.559200
0.002964	2.440000	1.559200
0.002968	2.440000	1.559600
0.002972	2.440000	1.559600
0.002976	2.440000	1.559200
0.002980	2.440000	1.559600
0.002984	2.440000	1.559200
0.002988	2.440000	1.559600
0.002992	2.440000	1.559600
0.002996	2.440000	1.559600
0.003000	2.440000	1.559600
0.003004	2.440000	1.560000
0.003008	2.440000	1.560000
0.003012	2.440000	1.560000
0.003016	2.440000	1.560000
0.003020	2.440000	1.560000
0.003024	2.432000	1.560000
0.003028	2.440000	1.560000
0.003032	2.440000	1.560400
0.003036	2.440000	1.560000
0.003040	2.440000	1.560400
0.003044	2.440000	1.560400
0.003048	2.440000	1.560400
0.003052	2.432000	1.560400
0.003056	2.440000	1.560400
0.003060	2.432000	1.560400
0.003064	2.440000	1.560400
0.003068	2.440000	1.560400
0.003072	2.432000	1.560800
0.003076	2.432000	1.560400
0.003080	2.440000	1.560400
0.003084	2.432000	1.560800
0.003088	2.440000	1.560800
0.003092	2.432000	1.560800
0.003096	2.432000	1.560800
0.003100	2.432000	1.560800
0.003104	2.432000	1.560800
0.003108	2.432000	1.560800
0.003112	2.432000	1.561200
0.003116	2.432000	1.560800
0.003120	2.432000	1.561200
0.003124	2.432000	1.561200
0.003128	2.432000	1.561200
0.003132	2.432000	1.561200
0.003136	2.432000	1.561200
0.003140	2.432000	1.561200
0.003144	2.432000	1.561200
0.003148	2.432000	1.561200
0.003152	2.432000	1.561600
0.003156	2.432000	1.561600
0.003160	2.432000	1.561600
0.003164	2.432000	1.561600
0.003168	2.432000	1.561600
0.003172	2.432000	1.561600
0.003176	2.432000	1.561600
0.003180	2.432000	1.561600
0.003184	2.432000	1.561600
0.003188	2.432000	1.562000
0.003192	2.432000	1.561600
0.003196	2.432000	1.562000
0.003200	2.432000	1.562000
0.003204	2.432000	1.562000
0.003208	2.424000	1.562000
0.003212	2.424000	1.562000
0.003216	2.424000	1.562000
0.003220	2.424000	1.562000
0.003224	2.432000	1.562000
0.003228	2.424000	1.562000
0.003232	2.424000	1.562000
0.003236	2.432000	1.562400
0.003240	2.424000	1.562000
0.003244	2.424000	1.562400
0.003248	2.432000	1.562400
0.003252	2.424000	1.562400
0.003256	2.424000	1.562400
0.003260	2.424000	1.562800
0.003264	2.424000	1.562400
0.003268	2.424000	1.562400
0.003272	2.424000	1.562400
0.003276	2.424000	1.562800
0.003280	2.424000	1.562800
0.003284	2.424000	1.562800
0.003288	2.424000	1.562800
0.003292	2.424000	1.562800
0.003296	2.424000	1.562800
0.003300	2.424000	1.562800
0.003304	2.424000	1.562800
0.003308	2.424000	1.563200
0.003312	2.424000	1.563200
0.003316	2.424000	1.563200
0.003320	2.424000	1.563200
0.003324	2.424000	1.563200
0.003328	2.424000	1.563200
0.003332	2.424000	1.563200
0.003336	2.424000	1.563200
0.003340	2.424000	1.563200
0.003344	2.424000	1.563600
0.003348	2.424000	1.563600
0.003352	2.424000	1.563600
0.003356	2.424000	1.563600
0.003360	2.424000	1.563600
0.003364	2.416000	1.563600
0.003368	2.424000	1.563600
0.003372	2.416000	1.563600
0.003376	2.416000	1.563600
0.003380	2.416000	1.564000
0.003384	2.416000	1.564000
0.003388	2.416000	1.563600
0.003392	2.416000	1.563600
0.003396	2.416000	1.564000
0.003400	2.416000	1.564000
0.003404	2.416000	1.564000
0.003408	2.416000	1.563600
0.003412	2.416000	1.564000
0.003416	2.416000	1.564000
0.003420	2.416000	1.564000
0.003424	2.416000	1.564400
0.003428	2.416000	1.564000
0.003432	2.416000	1.564400
0.003436	2.416000	1.564400
0.003440	2.416000	1.564400
0.003444	2.416000	1.564400
0.003448	2.416000	1.564400
0.003452	2.416000	1.564400
0.003456	2.416000	1.564400
0.003460	2.416000	1.564400
0.003464	2.416000	1.564800
0.003468	2.416000	1.564400
0.003472	2.416000	1.564800
0.003476	2.416000	1.564800
0.003480	2.416000	1.564800
0.003484	2.416000	1.564800
0.003488	2.408000	1.565200
0.003492	2.416000	1.564800
0.003496	2.416000	1.564800
0.003500	2.416000	1.564800
0.003504	2.416000	1.564800
0.003508	2.408000	1.565200
0.003512	2.408000	1.565200
0.003516	2.416000	1.565200
0.003520	2.408000	1.565200
0.003524	2.408000	1.565200
0.003528	2.408000	1.565200
0.003532	2.408000	1.565200
0.003536	2.408000	1.565200
0.003540	2.408000	1.565200
0.003544	2.408000	1.565200
0.003548	2.416000	1.565200
0.003552	2.408000	1.565200
0.003556	2.408000	1.565600
0.003560	2.408000	1.565600
0.003564	2.408000	1.565600
0.003568	2.408000	1.565600
0.003572	2.408000	1.565600
0.003576	2.408000	1.565600
0.003580	2.408000	1.566000
0.003584	2.408000	1.566000
0.003588	2.408000	1.566000
0.003592	2.408000	1.566000
0.003596	2.408000	1.566000
0.003600	2.408000	1.566000
0.003604	2.408000	1.566000
0.003608	2.408000	1.566000
0.003612	2.408000	1.566000
0.003616	2.408000	1.566000
0.003620	2.408000	1.566400
0.003624	2.408000	1.566400
0.003628	2.408000	1.566400
0.003632	2.408000	1.566400
0.003636	2.408000	1.566400
0.003640	2.408000	1.566400
0.003644	2.408000	1.566400
0.003648	2.408000	1.566400
0.003652	2.408000	1.566800
0.003656	2.408000	1.566400
0.003660	2.408000	1.566400
0.003664	2.408000	1.566400
0.003668	2.408000	1.566800
0.003672	2.408000	1.566800
0.003676	2.408000	1.566800
0.003680	2.408000	1.566800
0.003684	2.408000	1.566800
0.003688	2.408000	1.566800
0.003692	2.408000	1.567200
0.003696	2.408000	1.566800
0.003700	2.408000	1.566800
0.003704	2.400000	1.566800
0.003708	2.400000	1.566800
0.003712	2.400000	1.567200
0.003716	2.408000	1.567200
0.003720	2.400000	1.567200
0.003724	2.400000	1.567200
0.003728	2.408000	1.567200
0.003732	2.400000	1.567200
0.003736	2.400000	1.567200
0.003740	2.408000	1.567200
0.003744	2.400000	1.567200
0.003748	2.400000	1.567600
0.003752	2.400000	1.567200
0.003756	2.408000	1.567600
0.003760	2.400000	1.567600
0.003764	2.400000	1.567600
0.003768	2.400000	1.567600
0.003772	2.400000	1.567600
0.003776	2.400000	1.567600
0.003780	2.400000	1.568000
0.003784	2.400000	1.568000
0.003788	2.400000	1.567600
0.003792	2.400000	1.568000
0.003796	2.400000	1.568000
0.003800	2.400000	1.568000
0.003804	2.400000	1.568000
0.003808	2.400000	1.568000
0.003812	2.400000	1.568000
0.003816	2.400000	1.568000
0.003820	2.400000	1.568000
0.003824	2.400000	1.568000
0.003828	2.400000	1.568400
0.003832	2.400000	1.568400
0.003836	2.400000	1.568400
0.003840	2.400000	1.568400
0.003844	2.400000	1.568400
0.003848	2.400000	1.568400
0.003852	2.400000	1.568400
0.003856	2.400000	1.568400
0.003860	2.400000	1.568400
0.003864	2.392000	1.568800
0.003868	2.400000	1.568400
0.003872	2.392000	1.568400
0.003876	2.392000	1.568800
0.003880	2.392000	1.568400
0.003884	2.400000	1.568400
0.003888	2.400000	1.568800
0.003892	2.392000	1.568800
0.003896	2.392000	1.568800
0.003900	2.392000	1.568800
0.003904	2.392000	1.568800
0.003908	2.392000	1.568800
0.003912	2.392000	1.569200
0.003916	2.392000	1.569200
0.003920	2.392000	1.568800
0.003924	2.392000	1.569200
0.003928	2.392000	1.569200
0.003932	2.392000	1.569200
0.003936	2.392000	1.569200
0.003940	2.392000	1.569200
0.003944	2.392000	1.569200
0.003948	2.392000	1.569600
0.003952	2.392000	1.569600
0.003956	2.392000	1.569600
0.003960	2.392000	1.569600
0.003964	2.392000	1.569600
0.003968	2.392000	1.569600
0.003972	2.392000	1.569600
0.003976	2.392000	1.569600
0.003980	2.392000	1.569600
0.003984	2.392000	1.569600
0.003988	2.392000	1.569600
0.003992	2.392000	1.570000
0.003996	2.392000	1.570000
0.004000	2.392000	1.570000
0.004004	2.392000	1.570000
0.004008	2.392000	1.570000
0.004012	2.392000	1.570000
0.004016	2.392000	1.570000
0.004020	2.392000	1.570000
0.004024	2.392000	1.570000
0.004028	2.392000	1.570000
0.004032	2.392000	1.570000
0.004036	2.392000	1.570000
0.004040	2.392000	1.570000
0.004044	2.392000	1.570000
0.004048	2.384000	1.570400
0.004052	2.392000	1.570400
0.004056	2.392000	1.570400
0.004060	2.392000	1.570400
0.004064	2.392000	1.570400
0.004068	2.384000	1.570400
0.004072	2.392000	1.570400
0.004076	2.392000	1.570800
0.004080	2.392000	1.570800
0.004084	2.384000	1.570400
0.004088	2.384000	1.570800
0.004092	2.392000	1.570800
0.004096	2.384000	1.570800
0.004100	2.384000	1.570800
0.004104	2.384000	1.570800
0.004108	2.384000	1.570800
0.004112	2.384000	1.570800
0.004116	2.384000	1.571200
0.004120	2.384000	1.570800
0.004124	2.392000	1.570800
0.004128	2.384000	1.570800
0.004132	2.384000	1.571200
0.004136	2.384000	1.571200
0.004140	2.384000	1.571200
0.004144	2.384000	1.571200
0.004148	2.384000	1.571200
0.004152	2.384000	1.571200
0.004156	2.384000	1.571200
0.004160	2.384000	1.571200
0.004164	2.384000	1.571200
0.004168	2.384000	1.571200
0.004172	2.384000	1.571200
0.004176	2.384000	1.571200
0.004180	2.384000	1.571600
0.004184	2.384000	1.571200
0.004188	2.384000	1.571600
0.004192	2.384000	1.571600
0.004196	2.384000	1.571600
0.004200	2.384000	1.571600
0.004204	2.384000	1.571600
0.004208	2.376000	1.571600
0.004212	2.384000	1.571600
0.004216	2.376000	1.571600
0.004220	2.376000	1.572000
0.004224	2.384000	1.572000
0.004228	2.384000	1.571600
0.004232	2.384000	1.572000
0.004236	2.384000	1.572000
0.004240	2.384000	1.572000
0.004244	2.384000	1.572000
0.004248	2.376000	1.572000
0.004252	2.376000	1.572000
0.004256	2.376000	1.572000
0.004260	2.384000	1.572000
0.004264	2.376000	1.572000
0.004268	2.384000	1.572000
0.004272	2.376000	1.572400
0.004276	2.384000	1.572400
0.004280	2.384000	1.572400
0.004284	2.384000	1.572400
0.004288	2.384000	1.572400
0.004292	2.376000	1.572400
0.004296	2.384000	1.572400
0.004300	2.376000	1.572400
0.004304	2.376000	1.572400
0.004308	2.376000	1.572400
0.004312	2.376000	1.572400
0.004316	2.384000	1.572400
0.004320	2.376000	1.572800
0.004324	2.376000	1.572800
0.004328	2.376000	1.572800
0.004332	2.376000	1.572800
0.004336	2.376000	1.572800
0.004340	2.376000	1.572800
0.004344	2.376000	1.572400
0.004348	2.376000	1.572800
0.004352	2.376000	1.572800
0.004356	2.376000	1.572800
0.004360	2.376000	1.573200
0.004364	2.376000	1.572800
0.004368	2.376000	1.572800
0.004372	2.376000	1.573200
0.004376	2.376000	1.572800
0.004380	2.376000	1.572800
0.004384	2.376000	1.573200
0.004388	2.376000	1.573200
0.004392	2.376000	1.573200
0.004396	2.376000	1.573200
0.004400	2.376000	1.573200
0.004404	2.376000	1.573200
0.004408	2.376000	1.573200
0.004412	2.376000	1.573200
0.004416	2.376000	1.573200
0.004420	2.376000	1.573200
0.004424	2.376000	1.573600
0.004428	2.376000	1.573600
0.004432	2.376000	1.573600
0.004436	2.376000	1.573600
0.004440	2.376000	1.573600
0.004444	2.376000	1.573600
0.004448	2.376000	1.573600
0.004452	2.376000	1.573600
0.004456	2.376000	1.573600
0.004460	2.376000	1.573600
0.004464	2.376000	1.574000
0.004468	2.376000	1.573600
0.004472	2.376000	1.574000
0.004476	2.376000	1.574000
0.004480	2.376000	1.573600
0.004484	2.376000	1.573600
0.004488	2.376000	1.574000
0.004492	2.376000	1.574000
0.004496	2.376000	1.574000
0.004500	2.376000	1.574000
0.004504	2.376000	1.574000
0.004508	2.376000	1.574000
0.004512	2.368000	1.574000
0.004516	2.368000	1.574000
0.004520	2.368000	1.574000
0.004524	2.376000	1.574000
0.004528	2.376000	1.574000
0.004532	2.376000	1.574400
0.004536	2.376000	1.574000
0.004540	2.368000	1.574000
0.004544	2.376000	1.574000
0.004548	2.368000	1.574400
0.004552	2.368000	1.574000
0.004556	2.368000	1.574400
0.004560	2.368000	1.574400
0.004564	2.376000	1.574400
0.004568	2.376000	1.574400
0.004572	2.376000	1.574400
0.004576	2.368000	1.574400
0.004580	2.368000	1.574800
0.004584	2.368000	1.574800
0.004588	2.368000	1.574400
0.004592	2.368000	1.574400
0.004596	2.368000	1.574400
0.004600	2.368000	1.574800
0.004604	2.368000	1.574800
0.004608	2.368000	1.574800
0.004612	2.368000	1.574800
0.004616	2.368000	1.574800
0.004620	2.368000	1.574800
0.004624	2.368000	1.574800
0.004628	2.368000	1.574800
0.004632	2.368000	1.574800
0.004636	2.368000	1.574800
0.004640	2.368000	1.575200
0.004644	2.368000	1.575200
0.004648	2.368000	1.575200
0.004652	2.368000	1.575200
0.004656	2.368000	1.575200
0.004660	2.368000	1.574800
0.004664	2.368000	1.575200
0.004668	2.368000	1.575200
0.004672	2.368000	1.575200
0.004676	2.368000	1.575200
0.004680	2.368000	1.575200
0.004684	2.368000	1.575200
0.004688	2.368000	1.575600
0.004692	2.368000	1.575600
0.004696	2.368000	1.575600
0.004700	2.360000	1.575600
0.004704	2.368000	1.575600
0.004708	2.368000	1.575600
0.004712	2.368000	1.575600
0.004716	2.368000	1.575600
0.004720	2.368000	1.575600
0.004724	2.368000	1.575600
0.004728	2.368000	1.575600
0.004732	2.368000	1.575600
0.004736	2.368000	1.576000
0.004740	2.368000	1.575600
0.004744	2.368000	1.575600
0.004748	2.368000	1.576000
0.004752	2.368000	1.576000
0.004756	2.368000	1.575600
0.004760	2.368000	1.575600
0.004764	2.368000	1.576000
0.004768	2.368000	1.576000
0.004772	2.360000	1.576000
0.004776	2.360000	1.576000
0.004780	2.368000	1.576000
0.004784	2.368000	1.576000
0.004788	2.368000	1.576000
0.004792	2.368000	1.576000
0.004796	2.360000	1.576000
0.004800	2.360000	1.576000
0.004804	2.360000	1.576000
0.004808	2.368000	1.576400
0.004812	2.360000	1.576000
0.004816	2.360000	1.576000
0.004820	2.360000	1.576400
0.004824	2.360000	1.576400
0.004828	2.360000	1.576400
0.004832	2.360000	1.576400
0.004836	2.360000	1.576400
0.004840	2.360000	1.576400
0.004844	2.360000	1.576800
0.004848	2.360000	1.576400
0.004852	2.360000	1.576400
0.004856	2.360000	1.576400
0.004860	2.360000	1.576400
0.004864	2.360000	1.576800
0.004868	2.360000	1.576800
0.004872	2.360000	1.576800
0.004876	2.360000	1.576800
0.004880	2.360000	1.576800
0.004884	2.360000	1.576800
0.004888	2.360000	1.576800
0.004892	2.360000	1.576800
0.004896	2.360000	1.576800
0.004900	2.360000	1.576800
0.004904	2.360000	1.576800
0.004908	2.360000	1.576800
0.004912	2.360000	1.576800
0.004916	2.360000	1.577200
0.004920	2.360000	1.576800
0.004924	2.360000	1.577200
0.004928	2.360000	1.577200
0.004932	2.360000	1.577200
0.004936	2.360000	1.577200
0.004940	2.360000	1.576800
0.004944	2.360000	1.576800
0.004948	2.360000	1.577200
0.004952	2.360000	1.577200
0.004956	2.360000	1.577200
0.004960	2.360000	1.577200
0.004964	2.360000	1.577200
0.004968	2.360000	1.577200
0.004972	2.360000	1.577200
0.004976	2.360000	1.577200
0.004980	2.360000	1.577200
0.004984	2.360000	1.577200
0.004988	2.360000	1.577200
0.004992	2.360000	1.577200
0.004996	2.360000	1.577200
0.005000	2.360000	1.577600
0.005004	2.360000	1.577200
0.005008	2.360000	1.577200
0.005012	2.360000	1.577600
0.005016	2.360000	1.577200
0.005020	2.360000	1.577600
0.005024	2.360000	1.577600
0.005028	2.360000	1.577600
0.005032	2.352000	1.577600
0.005036	2.360000	1.577600
0.005040	2.360000	1.577600
0.005044	2.352000	1.577600
0.005048	2.360000	1.578000
0.005052	2.352000	1.577600
0.005056	2.352000	1.577600
0.005060	2.352000	1.577600
0.005064	2.352000	1.577600
0.005068	2.352000	1.577600
0.005072	2.360000	1.577600
0.005076	2.360000	1.577600
0.005080	2.352000	1.578000
0.005084	2.352000	1.578000
0.005088	2.360000	1.578000
0.005092	2.352000	1.578000
0.005096	2.360000	1.578000
0.005100	2.352000	1.578000
0.005104	2.352000	1.578000
0.005108	2.352000	1.578000
0.005112	2.352000	1.578000
0.005116	2.352000	1.578000
0.005120	2.352000	1.578000
0.005124	2.352000	1.578400
0.005128	2.352000	1.578400
0.005132	2.352000	1.578000
0.005136	2.352000	1.578000
0.005140	2.352000	1.578000
0.005144	2.352000	1.578400
0.005148	2.352000	1.578400
0.005152	2.352000	1.578000
0.005156	2.352000	1.578400
0.005160	2.352000	1.578400
0.005164	2.352000	1.578400
0.005168	2.352000	1.578400
0.005172	2.352000	1.578400
0.005176	2.352000	1.578400
0.005180	2.352000	1.578400
0.005184	2.352000	1.578400
0.005188	2.352000	1.578400
0.005192	2.352000	1.578400
0.005196	2.352000	1.578800
0.005200	2.352000	1.578400
0.005204	2.352000	1.578400
0.005208	2.352000	1.578800
0.005212	2.352000	1.578800
0.005216	2.352000	1.578800
0.005220	2.352000	1.578800
0.005224	2.352000	1.578800
0.005228	2.352000	1.578800
0.005232	2.352000	1.578800
0.005236	2.352000	1.578800
0.005240	2.352000	1.578800
0.005244	2.352000	1.578800
0.005248	2.352000	1.578800
0.005252	2.352000	1.579200
0.005256	2.352000	1.578800
0.005260	2.352000	1.578800
0.005264	2.352000	1.578800
0.005268	2.352000	1.579200
0.005272	2.352000	1.578800
0.005276	2.352000	1.579200
0.005280	2.352000	1.579200
0.005284	2.352000	1.579200
0.005288	2.352000	1.579200
0.005292	2.352000	1.579200
0.005296	2.352000	1.579200
0.005300	2.352000	1.579200
0.005304	2.352000	1.579200
0.005308	2.352000	1.579200
0.005312	2.352000	1.579200
0.005316	2.344000	1.579600
0.005320	2.352000	1.579600
0.005324	2.352000	1.579600
0.005328	2.352000	1.579600
0.005332	2.352000	1.579600
0.005336	2.352000	1.579600
0.005340	2.352000	1.579600
0.005344	2.344000	1.579600
0.005348	2.344000	1.579600
0.005352	2.344000	1.579600
0.005356	2.344000	1.579600
0.005360	2.344000	1.579600
0.005364	2.344000	1.579600
0.005368	2.344000	1.579600
0.005372	2.352000	1.579600
0.005376	2.344000	1.579600
0.005380	2.352000	1.579600
0.005384	2.344000	1.579600
0.005388	2.344000	1.579600
0.005392	2.344000	1.579600
0.005396	2.344000	1.580000
0.005400	2.344000	1.579600
0.005404	2.344000	1.579600
0.005408	2.344000	1.580000
0.005412	2.344000	1.580000
0.005416	2.344000	1.580000
0.005420	2.344000	1.580000
0.005424	2.344000	1.580000
0.005428	2.344000	1.580000
0.005432	2.344000	1.580000
0.005436	2.344000	1.580000
0.005440	2.344000	1.580000
0.005444	2.344000	1.580000
0.005448	2.344000	1.580000
0.005452	2.344000	1.580000
0.005456	2.344000	1.580000
0.005460	2.344000	1.580400
0.005464	2.344000	1.580000
0.005468	2.344000	1.580000
0.005472	2.344000	1.580400
0.005476	2.344000	1.580000
0.005480	2.344000	1.580400
0.005484	2.344000	1.580000
0.005488	2.344000	1.580400
0.005492	2.344000	1.580400
0.005496	2.344000	1.580400
0.005500	2.344000	1.580400
0.005504	2.344000	1.580400
0.005508	2.344000	1.580400
0.005512	2.344000	1.580400
0.005516	2.344000	1.580400
0.005520	2.344000	1.580400
0.005524	2.344000	1.580400
0.005528	2.344000	1.580400
0.005532	2.344000	1.580400
0.005536	2.344000	1.580400
0.005540	2.344000	1.580400
0.005544	2.344000	1.580400
0.005548	2.344000	1.580400
0.005552	2.344000	1.580400
0.005556	2.344000	1.580800
0.005560	2.344000	1.580800
0.005564	2.344000	1.580800
0.005568	2.344000	1.580800
0.005572	2.344000	1.580800
0.005576	2.344000	1.580800
0.005580	2.344000	1.580800
0.005584	2.344000	1.580800
0.005588	2.344000	1.580800
0.005592	2.344000	1.580800
0.005596	2.344000	1.580800
0.005600	2.344000	1.580800
0.005604	2.344000	1.581200
0.005608	2.344000	1.580800
0.005612	2.344000	1.580800
0.005616	2.344000	1.581200
0.005620	2.344000	1.581200
0.005624	2.344000	1.581200
0.005628	2.344000	1.581200
0.005632	2.344000	1.581200
0.005636	2.344000	1.581200
0.005640	2.344000	1.581200
0.005644	2.344000	1.581200
0.005648	2.344000	1.581200
0.005652	2.344000	1.581200
0.005656	2.344000	1.581200
0.005660	2.344000	1.581200
0.005664	2.344000	1.581200
0.005668	2.344000	1.581200
0.005672	2.344000	1.581200
0.005676	2.344000	1.581200
0.005680	2.344000	1.581200
0.005684	2.344000	1.581200
0.005688	2.344000	1.581200
0.005692	2.344000	1.581600
0.005696	2.344000	1.581600
0.005700	2.344000	1.581600
0.005704	2.344000	1.581200
0.005708	2.344000	1.581600
0.005712	2.336000	1.581600
0.005716	2.344000	1.581600
0.005720	2.336000	1.581600
0.005724	2.344000	1.581600
0.005728	2.344000	1.581600
0.005732	2.344000	1.581600
0.005736	2.344000	1.581600
0.005740	2.344000	1.581600
0.005744	2.336000	1.581600
0.005748	2.336000	1.581600
0.005752	2.336000	1.582000
0.005756	2.336000	1.582000
0.005760	2.336000	1.581600
0.005764	2.336000	1.582000
0.005768	2.336000	1.581600
0.005772	2.336000	1.582000
0.005776	2.336000	1.582000
0.005780	2.336000	1.582000
0.005784	2.336000	1.582000
0.005788	2.336000	1.581600
0.005792	2.336000	1.582000
0.005796	2.336000	1.582000
0.005800	2.336000	1.582000
0.005804	2.336000	1.582000
0.005808	2.336000	1.582000
0.005812	2.336000	1.582000
0.005816	2.336000	1.582000
0.005820	2.336000	1.582400
0.005824	2.336000	1.582000
0.005828	2.336000	1.582400
0.005832	2.336000	1.582000
0.005836	2.336000	1.582400
0.005840	2.336000	1.582400
0.005844	2.336000	1.582400
0.005848	2.336000	1.582400
0.005852	2.336000	1.582000
0.005856	2.336000	1.582400
0.005860	2.336000	1.582000
0.005864	2.336000	1.582400
0.005868	2.336000	1.582400
0.005872	2.344000	1.582400
0.005876	2.336000	1.582400
0.005880	2.336000	1.582400
0.005884	2.336000	1.582400
0.005888	2.336000	1.582400
0.005892	2.336000	1.582400
0.005896	2.336000	1.582400
0.005900	2.336000	1.582400
0.005904	2.336000	1.582400
0.005908	2.336000	1.582400
0.005912	2.336000	1.582400
0.005916	2.336000	1.582400
0.005920	2.336000	1.582800
0.005924	2.336000	1.582400
0.005928	2.336000	1.582400
0.005932	2.336000	1.582400
0.005936	2.336000	1.582400
0.005940	2.336000	1.582400
0.005944	2.336000	1.582800
0.005948	2.336000	1.582800
0.005952	2.336000	1.582400
0.005956	2.336000	1.582800
0.005960	2.336000	1.582800
0.005964	2.336000	1.582800
0.005968	2.336000	1.582800
0.005972	2.336000	1.582800
0.005976	2.336000	1.582800
0.005980	2.336000	1.582800
0.005984	2.336000	1.582800
0.005988	2.336000	1.582800
0.005992	2.336000	1.582800
0.005996	2.336000	1.582800
0.006000	2.336000	1.582800
0.006004	2.336000	1.582800
0.006008	2.336000	1.582800
0.006012	2.336000	1.582800
0.006016	2.336000	1.583200
0.006020	2.336000	1.582800
0.006024	2.336000	1.582800
0.006028	2.336000	1.583200
0.006032	2.336000	1.583200
0.006036	2.336000	1.583200
0.006040	2.336000	1.583200
0.006044	2.336000	1.583200
0.006048	2.336000	1.583200
0.006052	2.336000	1.583200
0.006056	2.336000	1.583200
0.006060	2.328000	1.583200
0.006064	2.336000	1.583200
0.006068	2.336000	1.583200
0.006072	2.336000	1.583600
0.006076	2.336000	1.583200
0.006080	2.336000	1.583200
0.006084	2.336000	1.583200
0.006088	2.336000	1.583200
0.006092	2.336000	1.583200
0.006096	2.336000	1.583200
0.006100	2.336000	1.583600
0.006104	2.336000	1.583200
0.006108	2.336000	1.583600
0.006112	2.336000	1.583200
0.006116	2.336000	1.583200
0.006120	2.336000	1.583200
0.006124	2.328000	1.583600
0.006128	2.328000	1.583200
0.006132	2.336000	1.583600
0.006136	2.336000	1.583600
0.006140	2.336000	1.583600
0.006144	2.328000	1.583600
0.006148	2.336000	1.583600
0.006152	2.328000	1.583600
0.006156	2.336000	1.583600
0.006160	2.328000	1.583600
0.006164	2.328000	1.583600
0.006168	2.336000	1.583600
0.006172	2.336000	1.583600
0.006176	2.328000	1.583600
0.006180	2.336000	1.583600
0.006184	2.328000	1.583600
0.006188	2.328000	1.583600
0.006192	2.336000	1.583600
0.006196	2.328000	1.584000
0.006200	2.328000	1.583600
0.006204	2.328000	1.584000
0.006208	2.328000	1.584000
0.006212	2.328000	1.584000
0.006216	2.328000	1.583600
0.006220	2.328000	1.584000
0.006224	2.328000	1.584000
0.006228	2.328000	1.584000
0.006232	2.328000	1.584000
0.006236	2.328000	1.584000
0.006240	2.328000	1.584000
0.006244	2.328000	1.584000
0.006248	2.328000	1.584000
0.006252	2.328000	1.584000
0.006256	2.328000	1.584000
0.006260	2.328000	1.584000
0.006264	2.328000	1.584000
0.006268	2.328000	1.584000
0.006272	2.328000	1.584000
0.006276	2.328000	1.584400
0.006280	2.328000	1.584400
0.006284	2.328000	1.584400
0.006288	2.328000	1.584000
0.006292	2.328000	1.584000
0.006296	2.328000	1.584400
0.006300	2.328000	1.584000
0.006304	2.328000	1.584400
0.006308	2.328000	1.584400
0.006312	2.328000	1.584400
0.006316	2.328000	1.584400
0.006320	2.328000	1.584400
0.006324	2.328000	1.584400
0.006328	2.328000	1.584400
0.006332	2.328000	1.584400
0.006336	2.328000	1.584400
0.006340	2.328000	1.584400
0.006344	2.328000	1.584400
0.006348	2.328000	1.584400
0.006352	2.328000	1.584400
0.006356	2.328000	1.584400
0.006360	2.328000	1.584400
0.006364	2.328000	1.584400
0.006368	2.328000	1.584400
0.006372	2.328000	1.584400
0.006376	2.328000	1.584400
0.006380	2.328000	1.584400
0.006384	2.328000	1.584400
0.006388	2.328000	1.584400
0.006392	2.328000	1.584400
0.006396	2.328000	1.584400
0.006400	2.328000	1.584400
0.006404	2.328000	1.584400
0.006408	2.328000	1.584800
0.006412	2.328000	1.584400
0.006416	2.328000	1.584800
0.006420	2.328000	1.584800
0.006424	2.328000	1.584800
0.006428	2.328000	1.584800
0.006432	2.328000	1.584800
0.006436	2.328000	1.584800
0.006440	2.328000	1.584800
0.006444	2.328000	1.584800
0.006448	2.328000	1.584800
0.006452	2.328000	1.584800
0.006456	2.328000	1.584800
0.006460	2.328000	1.584800
0.006464	2.328000	1.584800
0.006468	2.328000	1.584800
0.006472	2.328000	1.584800
0.006476	2.328000	1.584800
0.006480	2.328000	1.584800
0.006484	2.328000	1.584800
0.006488	2.328000	1.584800
0.006492	2.328000	1.584800
0.006496	2.328000	1.584800
0.006500	2.328000	1.585200
0.006504	2.328000	1.585200
0.006508	2.328000	1.585200
0.006512	2.328000	1.584800
0.006516	2.328000	1.585200
0.006520	2.328000	1.585200
0.006524	2.328000	1.585200
0.006528	2.328000	1.585200
0.006532	2.328000	1.585200
0.006536	2.328000	1.585200
0.006540	2.328000	1.585200
0.006544	2.320000	1.585200
0.006548	2.328000	1.585200
0.006552	2.328000	1.585200
0.006556	2.328000	1.585200
0.006560	2.328000	1.585200
0.006564	2.320000	1.585200
0.006568	2.328000	1.585200
0.006572	2.328000	1.585600
0.006576	2.328000	1.585200
0.006580	2.320000	1.585600
0.006584	2.320000	1.585200
0.006588	2.320000	1.585600
0.006592	2.328000	1.585600
0.006596	2.328000	1.585200
0.006600	2.328000	1.585600
0.006604	2.328000	1.585200
0.006608	2.328000	1.585200
0.006612	2.320000	1.585600
0.006616	2.320000	1.585600
0.006620	2.320000	1.585600
0.006624	2.328000	1.585600
0.006628	2.320000	1.585600
0.006632	2.320000	1.585600
0.006636	2.320000	1.585600
0.006640	2.320000	1.585600
0.006644	2.320000	1.585600
0.006648	2.320000	1.585600
0.006652	2.328000	1.586000
0.006656	2.320000	1.585600
0.006660	2.320000	1.585600
0.006664	2.320000	1.585600
0.006668	2.320000	1.586000
0.006672	2.320000	1.586000
0.006676	2.320000	1.585600
0.006680	2.320000	1.585600
0.006684	2.320000	1.586000
0.006688	2.320000	1.586000
0.006692	2.320000	1.586000
0.006696	2.320000	1.586000
0.006700	2.320000	1.586000
0.006704	2.320000	1.585600
0.006708	2.320000	1.585600
0.006712	2.320000	1.586000
0.006716	2.320000	1.586000
0.006720	2.320000	1.585600
0.006724	2.320000	1.586000
0.006728	2.320000	1.585600
0.006732	2.320000	1.586000
0.006736	2.320000	1.586000
0.006740	2.320000	1.586000
0.006744	2.320000	1.586000
0.006748	2.320000	1.586000
0.006752	2.320000	1.586000
0.006756	2.320000	1.586000
0.006760	2.320000	1.586000
0.006764	2.320000	1.586000
0.006768	2.320000	1.586000
0.006772	2.320000	1.586000
0.006776	2.320000	1.586000
0.006780	2.320000	1.586000
0.006784	2.320000	1.586400
0.006788	2.320000	1.586400
0.006792	2.320000	1.586000
0.006796	2.320000	1.586000
0.006800	2.328000	1.586400
0.006804	2.320000	1.586000
0.006808	2.320000	1.586400
0.006812	2.320000	1.586400
0.006816	2.320000	1.586400
0.006820	2.320000	1.586400
0.006824	2.320000	1.586400
0.006828	2.320000	1.586400
0.006832	2.320000	1.586400
0.006836	2.320000	1.586400
0.006840	2.320000	1.586400
0.006844	2.320000	1.586400
0.006848	2.320000	1.586400
0.006852	2.320000	1.586400
0.006856	2.320000	1.586400
0.006860	2.320000	1.586400
0.006864	2.320000	1.586400
0.006868	2.320000	1.586400
0.006872	2.320000	1.586400
0.006876	2.320000	1.586400
0.006880	2.320000	1.586400
0.006884	2.320000	1.586400
0.006888	2.320000	1.586400
0.006892	2.320000	1.586400
0.006896	2.320000	1.586400
0.006900	2.320000	1.586800
0.006904	2.320000	1.586400
0.006908	2.320000	1.586800
0.006912	2.320000	1.586800
0.006916	2.320000	1.586800
0.006920	2.320000	1.586800
0.006924	2.320000	1.586800
0.006928	2.320000	1.586800
0.006932	2.320000	1.586800
0.006936	2.320000	1.586800
0.006940	2.320000	1.586800
0.006944	2.320000	1.586800
0.006948	2.320000	1.586800
0.006952	2.320000	1.586800
0.006956	2.320000	1.587200
0.006960	2.320000	1.586800
0.006964	2.320000	1.586800
0.006968	2.320000	1.586800
0.006972	2.320000	1.586800
0.006976	2.320000	1.586800
0.006980	2.320000	1.586800
0.006984	2.320000	1.586800
0.006988	2.320000	1.586800
0.006992	2.320000	1.587200
0.006996	2.320000	1.587200
0.007000	2.320000	1.587200
0.007004	2.320000	1.587200
0.007008	2.320000	1.587200
0.007012	2.320000	1.587200
0.007016	2.312000	1.586800
0.007020	2.320000	1.587200
0.007024	2.320000	1.586800
0.007028	2.320000	1.586800
0.007032	2.312000	1.586800
0.007036	2.320000	1.587200
0.007040	2.320000	1.586800
0.007044	2.320000	1.587200
0.007048	2.320000	1.586800
0.007052	2.312000	1.587200
0.007056	2.320000	1.586800
0.007060	2.320000	1.587200
0.007064	2.320000	1.587200
0.007068	2.320000	1.587200
0.007072	2.312000	1.587200
0.007076	2.312000	1.587200
0.007080	2.312000	1.587200
0.007084	2.320000	1.587200
0.007088	2.312000	1.587200
0.007092	2.320000	1.587200
0.007096	2.320000	1.587200
0.007100	2.320000	1.587200
0.007104	2.320000	1.587200
0.007108	2.320000	1.587200
0.007112	2.312000	1.587200
0.007116	2.320000	1.587200
0.007120	2.312000	1.587200
0.007124	2.312000	1.587200
0.007128	2.312000	1.587200
0.007132	2.312000	1.587200
0.007136	2.320000	1.587200
0.007140	2.312000	1.587600
0.007144	2.320000	1.587200
0.007148	2.312000	1.587200
0.007152	2.312000	1.587200
0.007156	2.312000	1.587600
0.007160	2.312000	1.587600
0.007164	2.320000	1.587600
0.007168	2.312000	1.587600
0.007172	2.320000	1.587600
0.007176	2.312000	1.587600
0.007180	2.312000	1.587600
0.007184	2.312000	1.587600
0.007188	2.320000	1.587600
0.007192	2.312000	1.587600
0.007196	2.312000	1.587600
0.007200	2.312000	1.587600
0.007204	2.312000	1.587600
0.007208	2.320000	1.587600
0.007212	2.312000	1.587600
0.007216	2.320000	1.587600
0.007220	2.312000	1.588000
0.007224	2.320000	1.587600
0.007228	2.312000	1.587600
0.007232	2.312000	1.587600
0.007236	2.312000	1.588000
0.007240	2.312000	1.587600
0.007244	2.312000	1.587600
0.007248	2.312000	1.587600
0.007252	2.312000	1.587600
0.007256	2.312000	1.587600
0.007260	2.320000	1.588000
0.007264	2.312000	1.588000
0.007268	2.312000	1.588000
0.007272	2.312000	1.588000
0.007276	2.312000	1.588000
0.007280	2.312000	1.588000
0.007284	2.312000	1.588000
0.007288	2.312000	1.588000
0.007292	2.312000	1.588000
0.007296	2.312000	1.588000
0.007300	2.312000	1.588000
0.007304	2.312000	1.588000
0.007308	2.312000	1.588000
0.007312	2.312000	1.588000
0.007316	2.312000	1.588000
0.007320	2.312000	1.588000
0.007324	2.312000	1.588000
0.007328	2.312000	1.588000
0.007332	2.312000	1.588000
0.007336	2.312000	1.588000
0.007340	2.312000	1.588000
0.007344	2.312000	1.588000
0.007348	2.312000	1.588000
0.007352	2.312000	1.588400
0.007356	2.312000	1.588000
0.007360	2.312000	1.588400
0.007364	2.312000	1.588400
0.007368	2.312000	1.588000
0.007372	2.312000	1.588400
0.007376	2.312000	1.588400
0.007380	2.312000	1.588400
0.007384	2.312000	1.588400
0.007388	2.312000	1.588400
0.007392	2.312000	1.588000
0.007396	2.312000	1.588000
0.007400	2.312000	1.588400
0.007404	2.312000	1.588400
0.007408	2.312000	1.588400
0.007412	2.312000	1.588400
0.007416	2.312000	1.588400
0.007420	2.312000	1.588400
0.007424	2.312000	1.588400
0.007428	2.312000	1.588400
0.007432	2.312000	1.588400
0.007436	2.312000	1.588400
0.007440	2.312000	1.588400
0.007444	2.312000	1.588400
0.007448	2.312000	1.588400
0.007452	2.312000	1.588400
0.007456	2.312000	1.588400
0.007460	2.312000	1.588400
0.007464	2.312000	1.588400
0.007468	2.312000	1.588400
0.007472	2.312000	1.588400
0.007476	2.312000	1.588400
0.007480	2.312000	1.588400
0.007484	2.312000	1.588400
0.007488	2.312000	1.588400
0.007492	2.312000	1.588400
0.007496	2.312000	1.588800
0.007500	2.312000	1.588800
0.007504	2.312000	1.588400
0.007508	2.312000	1.588400
0.007512	2.312000	1.588800
0.007516	2.312000	1.588800
0.007520	2.312000	1.588800
0.007524	2.312000	1.588800
0.007528	2.312000	1.588800
0.007532	2.312000	1.588800
0.007536	2.312000	1.588800
0.007540	2.312000	1.588800
0.007544	2.312000	1.588800
0.007548	2.312000	1.588800
0.007552	2.312000	1.588800
0.007556	2.312000	1.588800
0.007560	2.312000	1.588800
0.007564	2.312000	1.588800
0.007568	2.312000	1.588800
0.007572	2.312000	1.588800
0.007576	2.312000	1.588800
0.007580	2.312000	1.588800
0.007584	2.304000	1.588800
0.007588	2.312000	1.588800
0.007592	2.312000	1.588800
0.007596	2.312000	1.588800
0.007600	2.312000	1.588800
0.007604	2.312000	1.588800
0.007608	2.312000	1.588800
0.007612	2.312000	1.589200
0.007616	2.312000	1.588800
0.007620	2.312000	1.588800
0.007624	2.312000	1.588800
0.007628	2.312000	1.588800
0.007632	2.312000	1.588800
0.007636	2.312000	1.588800
0.007640	2.312000	1.588800
0.007644	2.312000	1.588800
0.007648	2.312000	1.588800
0.007652	2.312000	1.589200
0.007656	2.312000	1.589200
0.007660	2.312000	1.589200
0.007664	2.312000	1.588800
0.007668	2.312000	1.588800
0.007672	2.312000	1.589200
0.007676	2.312000	1.589200
0.007680	2.312000	1.589200
0.007684	2.312000	1.589200
0.007688	2.312000	1.588800
0.007692	2.312000	1.589200
0.007696	2.312000	1.588800
0.007700	2.312000	1.589200
0.007704	2.312000	1.589200
0.007708	2.312000	1.588800
0.007712	2.312000	1.589200
0.007716	2.312000	1.589200
0.007720	2.312000	1.589200
0.007724	2.304000	1.589200
0.007728	2.312000	1.589200
0.007732	2.304000	1.589200
0.007736	2.312000	1.589200
0.007740	2.312000	1.589200
0.007744	2.312000	1.589200
0.007748	2.312000	1.589200
0.007752	2.312000	1.589200
0.007756	2.304000	1.589600
0.007760	2.304000	1.589200
0.007764	2.312000	1.589200
0.007768	2.312000	1.589600
0.007772	2.312000	1.589200
0.007776	2.312000	1.589200
0.007780	2.312000	1.589200
0.007784	2.312000	1.589200
0.007788	2.312000	1.589200
0.007792	2.312000	1.589600
0.007796	2.312000	1.589600
0.007800	2.304000	1.589200
0.007804	2.312000	1.589600
0.007808	2.312000	1.589600
0.007812	2.312000	1.589600
0.007816	2.312000	1.589600
0.007820	2.304000	1.589600
0.007824	2.312000	1.589600
0.007828	2.312000	1.589600
0.007832	2.312000	1.589600
0.007836	2.312000	1.589200
0.007840	2.304000	1.589600
0.007844	2.312000	1.589600
0.007848	2.304000	1.589600
0.007852	2.312000	1.589600
0.007856	2.304000	1.589600
0.007860	2.304000	1.589600
0.007864	2.312000	1.589600
0.007868	2.304000	1.589600
0.007872	2.304000	1.589600
0.007876	2.304000	1.589600
0.007880	2.312000	1.590000
0.007884	2.304000	1.589600
0.007888	2.304000	1.589600
0.007892	2.304000	1.589600
0.007896	2.304000	1.589600
0.007900	2.304000	1.589600
0.007904	2.304000	1.590000
0.007908	2.304000	1.590000
0.007912	2.304000	1.590000
0.007916	2.304000	1.590000
0.007920	2.312000	1.590000
0.007924	2.304000	1.589600
0.007928	2.304000	1.590000
0.007932	2.312000	1.590000
0.007936	2.312000	1.590000
0.007940	2.304000	1.590000
0.007944	2.304000	1.590000
0.007948	2.312000	1.589600
0.007952	2.304000	1.589600
0.007956	2.304000	1.590000
0.007960	2.312000	1.590000
0.007964	2.304000	1.590000
0.007968	2.312000	1.590000
0.007972	2.304000	1.590000
0.007976	2.304000	1.589600
0.007980	2.304000	1.590000
0.007984	2.304000	1.590000
0.007988	2.304000	1.590000
0.007992	2.304000	1.590000
0.007996	2.304000	1.590000
0.008000	2.304000	1.590000
0.008004	2.304000	1.590000
0.008008	2.304000	1.590000
0.008012	2.304000	1.590000
0.008016	2.304000	1.590400
0.008020	2.304000	1.590000
0.008024	2.304000	1.590000
0.008028	2.304000	1.590000
0.008032	2.304000	1.590000
0.008036	2.304000	1.590000
0.008040	2.304000	1.590000
0.008044	2.304000	1.590000
0.008048	2.304000	1.590000
0.008052	2.304000	1.590000
0.008056	2.304000	1.590000
0.008060	2.304000	1.590000
0.008064	2.304000	1.590000
0.008068	2.304000	1.590000
0.008072	2.304000	1.590400
0.008076	2.304000	1.590400
0.008080	2.304000	1.590400
0.008084	2.304000	1.590400
0.008088	2.304000	1.590400
0.008092	2.304000	1.590000
0.008096	2.304000	1.590400
0.008100	2.304000	1.590400
0.008104	2.304000	1.590000
0.008108	2.304000	1.590400
0.008112	2.304000	1.590400
0.008116	2.304000	1.590400
0.008120	2.304000	1.590000
0.008124	2.304000	1.590400
0.008128	2.304000	1.590400
0.008132	2.304000	1.590400
0.008136	2.304000	1.590400
0.008140	2.304000	1.590400
0.008144	2.304000	1.590400
0.008148	2.304000	1.590400
0.008152	2.304000	1.590400
0.008156	2.304000	1.590400
0.008160	2.304000	1.590400
0.008164	2.304000	1.590400
0.008168	2.304000	1.590400
0.008172	2.304000	1.590400
0.008176	2.304000	1.590400
0.008180	2.304000	1.590400
0.008184	2.304000	1.590400
0.008188	2.304000	1.590400
0.008192	2.304000	1.590400
0.008196	2.304000	1.590400
0.008200	2.304000	1.590800
0.008204	2.304000	1.590400
0.008208	2.304000	1.590400
0.008212	2.304000	1.590800
0.008216	2.304000	1.590800
0.008220	2.304000	1.590800
0.008224	2.304000	1.590800
0.008228	2.304000	1.590800
0.008232	2.304000	1.590400
0.008236	2.304000	1.590800
0.008240	2.304000	1.590400
0.008244	2.304000	1.590800
0.008248	2.304000	1.590800
0.008252	2.304000	1.590400
0.008256	2.304000	1.590400
0.008260	2.304000	1.590400
0.008264	2.304000	1.590400
0.008268	2.304000	1.590400
0.008272	2.304000	1.590800
0.008276	2.304000	1.590400
0.008280	2.304000	1.590800
0.008284	2.304000	1.590800
0.008288	2.304000	1.590800
0.008292	2.304000	1.590800
0.008296	2.304000	1.590800
0.008300	2.304000	1.590800
0.008304	2.304000	1.590800
0.008308	2.304000	1.590800
0.008312	2.304000	1.590800
0.008316	2.304000	1.590800
0.008320	2.304000	1.590800
0.008324	2.304000	1.590800
0.008328	2.304000	1.590800
0.008332	2.304000	1.590800
0.008336	2.304000	1.590800
0.008340	2.304000	1.590800
0.008344	2.304000	1.590800
0.008348	2.304000	1.590800
0.008352	2.304000	1.591200
0.008356	2.304000	1.590800
0.008360	2.304000	1.590800
0.008364	2.304000	1.590800
0.008368	2.304000	1.590800
0.008372	2.304000	1.591200
0.008376	2.304000	1.591200
0.008380	2.304000	1.590800
0.008384	2.304000	1.590800
0.008388	2.304000	1.590800
0.008392	2.304000	1.591200
0.008396	2.304000	1.591200
0.008400	2.304000	1.591200
0.008404	2.304000	1.590800
0.008408	2.304000	1.591200
0.008412	2.304000	1.591200
0.008416	2.304000	1.591200
0.008420	2.304000	1.591200
0.008424	2.304000	1.591200
0.008428	2.296000	1.591200
0.008432	2.304000	1.591200
0.008436	2.304000	1.591200
0.008440	2.304000	1.591200
0.008444	2.304000	1.591200
0.008448	2.304000	1.591200
0.008452	2.304000	1.591200
0.008456	2.304000	1.591200
0.008460	2.304000	1.591200
0.008464	2.296000	1.590800
0.008468	2.304000	1.591200
0.008472	2.304000	1.591200
0.008476	2.304000	1.591200
0.008480	2.304000	1.591200
0.008484	2.304000	1.591200
0.008488	2.304000	1.591200
0.008492	2.296000	1.591200
0.008496	2.304000	1.591200
0.008500	2.304000	1.591200
0.008504	2.296000	1.591200
0.008508	2.296000	1.591200
0.008512	2.304000	1.591200
0.008516	2.296000	1.591200
0.008520	2.304000	1.591200
0.008524	2.296000	1.591200
0.008528	2.296000	1.591200
0.008532	2.304000	1.591200
0.008536	2.304000	1.591600
0.008540	2.304000	1.591600
0.008544	2.304000	1.591600
0.008548	2.296000	1.591200
0.008552	2.304000	1.591200
0.008556	2.304000	1.591600
0.008560	2.304000	1.591200
0.008564	2.296000	1.591600
0.008568	2.304000	1.591600
0.008572	2.296000	1.591600
0.008576	2.304000	1.591200
0.008580	2.304000	1.591200
0.008584	2.296000	1.591600
0.008588	2.296000	1.591600
0.008592	2.296000	1.591600
0.008596	2.304000	1.591600
0.008600	2.296000	1.591600
0.008604	2.296000	1.591600
0.008608	2.296000	1.591600
0.008612	2.296000	1.591600
0.008616	2.296000	1.591600
0.008620	2.296000	1.591600
0.008624	2.296000	1.591200
0.008628	2.296000	1.591600
0.008632	2.304000	1.591600
0.008636	2.296000	1.591600
0.008640	2.296000	1.591200
0.008644	2.296000	1.591600
0.008648	2.304000	1.591600
0.008652	2.304000	1.591600
0.008656	2.296000	1.591600
0.008660	2.304000	1.591600
0.008664	2.304000	1.591600
0.008668	2.304000	1.591600
0.008672	2.304000	1.592000
0.008676	2.304000	1.591600
0.008680	2.296000	1.591600
0.008684	2.296000	1.591600
0.008688	2.296000	1.591600
0.008692	2.304000	1.591600
0.008696	2.296000	1.591600
0.008700	2.296000	1.591600
0.008704	2.296000	1.591600
0.008708	2.304000	1.591600
0.008712	2.296000	1.591600
0.008716	2.296000	1.591600
0.008720	2.296000	1.592000
0.008724	2.296000	1.592000
0.008728	2.296000	1.591600
0.008732	2.296000	1.592000
0.008736	2.296000	1.592000
0.008740	2.296000	1.592000
0.008744	2.296000	1.591600
0.008748	2.304000	1.592000
0.008752	2.296000	1.592000
0.008756	2.304000	1.592000
0.008760	2.296000	1.592000
0.008764	2.296000	1.591600
0.008768	2.296000	1.592000
0.008772	2.296000	1.592000
0.008776	2.296000	1.592000
0.008780	2.296000	1.592000
0.008784	2.296000	1.592000
0.008788	2.296000	1.592000
0.008792	2.296000	1.592000
0.008796	2.296000	1.592000
0.008800	2.296000	1.592000
0.008804	2.296000	1.592000
0.008808	2.304000	1.592000
0.008812	2.296000	1.592000
0.008816	2.296000	1.592000
0.008820	2.296000	1.592000
0.008824	2.296000	1.592000
0.008828	2.296000	1.592400
0.008832	2.296000	1.592000
0.008836	2.296000	1.592000
0.008840	2.296000	1.592000
0.008844	2.296000	1.592400
0.008848	2.296000	1.592000
0.008852	2.296000	1.592000
0.008856	2.296000	1.592000
0.008860	2.296000	1.592000
0.008864	2.296000	1.592000
0.008868	2.296000	1.592400
0.008872	2.296000	1.592000
0.008876	2.296000	1.592000
0.008880	2.296000	1.592000
0.008884	2.296000	1.592000
0.008888	2.296000	1.592000
0.008892	2.296000	1.592000
0.008896	2.296000	1.592000
0.008900	2.296000	1.592000
0.008904	2.296000	1.592000
0.008908	2.296000	1.592400
0.008912	2.296000	1.592000
0.008916	2.296000	1.592000
0.008920	2.296000	1.592000
0.008924	2.296000	1.592400
0.008928	2.296000	1.592000
0.008932	2.296000	1.592400
0.008936	2.296000	1.592400
0.008940	2.296000	1.592400
0.008944	2.296000	1.592400
0.008948	2.296000	1.592000
0.008952	2.296000	1.592400
0.008956	2.296000	1.592400
0.008960	2.296000	1.592400
0.008964	2.296000	1.592400
0.008968	2.296000	1.592400
0.008972	2.296000	1.592400
0.008976	2.296000	1.592000
0.008980	2.296000	1.592400
0.008984	2.296000	1.592400
0.008988	2.296000	1.592400
0.008992	2.296000	1.592400
0.008996	2.296000	1.592400
0.009000	2.296000	1.592400
0.009004	2.296000	1.592400
0.009008	2.296000	1.592400
0.009012	2.296000	1.592400
0.009016	2.296000	1.592400
0.009020	2.296000	1.592400
0.009024	2.296000	1.592400
0.009028	2.296000	1.592400
0.009032	2.296000	1.592400
0.009036	2.296000	1.592400
0.009040	2.296000	1.592400
0.009044	2.296000	1.592400
0.009048	2.296000	1.592400
0.009052	2.296000	1.592400
0.009056	2.296000	1.592400
0.009060	2.296000	1.592400
0.009064	2.296000	1.592400
0.009068	2.296000	1.592400
0.009072	2.296000	1.592400
0.009076	2.296000	1.592400
0.009080	2.296000	1.592400
0.009084	2.296000	1.592400
0.009088	2.296000	1.592800
0.009092	2.296000	1.592400
0.009096	2.296000	1.592800
0.009100	2.296000	1.592800
0.009104	2.296000	1.592800
0.009108	2.296000	1.592800
0.009112	2.296000	1.592800
0.009116	2.296000	1.592800
0.009120	2.296000	1.592800
0.009124	2.296000	1.592400
0.009128	2.296000	1.592800
0.009132	2.296000	1.592400
0.009136	2.296000	1.592800
0.009140	2.296000	1.592800
0.009144	2.296000	1.592800
0.009148	2.296000	1.592800
0.009152	2.296000	1.592800
0.009156	2.296000	1.592800
0.009160	2.296000	1.592800
0.009164	2.296000	1.592800
0.009168	2.296000	1.592800
0.009172	2.296000	1.592800
0.009176	2.296000	1.592800
0.009180	2.296000	1.592800
0.009184	2.296000	1.592800
0.009188	2.296000	1.592800
0.009192	2.296000	1.592800
0.009196	2.296000	1.592800
0.009200	2.296000	1.592800
0.009204	2.296000	1.592800
0.009208	2.296000	1.592800
0.009212	2.296000	1.592800
0.009216	2.296000	1.592800
0.009220	2.296000	1.592800
0.009224	2.296000	1.592800
0.009228	2.296000	1.592800
0.009232	2.296000	1.592800
0.009236	2.296000	1.592800
0.009240	2.296000	1.592800
0.009244	2.296000	1.592800
0.009248	2.296000	1.592800
0.009252	2.296000	1.592800
0.009256	2.296000	1.592800
0.009260	2.296000	1.592800
0.009264	2.296000	1.593200
0.009268	2.296000	1.592800
0.009272	2.296000	1.592800
0.009276	2.296000	1.592800
0.009280	2.296000	1.592800
0.009284	2.296000	1.593200
0.009288	2.296000	1.593200
0.009292	2.296000	1.593200
0.009296	2.296000	1.592800
0.009300	2.296000	1.593200
0.009304	2.296000	1.593200
0.009308	2.296000	1.593200
0.009312	2.296000	1.593200
0.009316	2.296000	1.593200
0.009320	2.296000	1.593200
0.009324	2.296000	1.593200
0.009328	2.296000	1.593200
0.009332	2.296000	1.593200
0.009336	2.296000	1.593200
0.009340	2.296000	1.592800
0.009344	2.296000	1.593200
0.009348	2.296000	1.593200
0.009352	2.296000	1.593200
0.009356	2.296000	1.593200
0.009360	2.296000	1.593200
0.009364	2.296000	1.593200
0.009368	2.296000	1.593200
0.009372	2.296000	1.592800
0.009376	2.296000	1.593200
0.009380	2.296000	1.593200
0.009384	2.296000	1.593200
0.009388	2.296000	1.593200
0.009392	2.296000	1.593200
0.009396	2.296000	1.593200
0.009400	2.296000	1.593200
0.009404	2.296000	1.593200
0.009408	2.296000	1.593200
0.009412	2.296000	1.593200
0.009416	2.296000	1.593200
0.009420	2.296000	1.593200
0.009424	2.296000	1.593200
0.009428	2.296000	1.593200
0.009432	2.296000	1.593200
0.009436	2.296000	1.593200
0.009440	2.296000	1.593200
0.009444	2.296000	1.593200
0.009448	2.288000	1.593200
0.009452	2.296000	1.593600
0.009456	2.296000	1.593200
0.009460	2.296000	1.593200
0.009464	2.296000	1.593200
0.009468	2.296000	1.593600
0.009472	2.296000	1.593600
0.009476	2.296000	1.593600
0.009480	2.296000	1.593600
0.009484	2.296000	1.593600
0.009488	2.296000	1.593600
0.009492	2.296000	1.593200
0.009496	2.296000	1.593600
0.009500	2.296000	1.593600
0.009504	2.296000	1.593600
0.009508	2.296000	1.593600
0.009512	2.296000	1.593600
0.009516	2.296000	1.593600
0.009520	2.296000	1.593600
0.009524	2.296000	1.593200
0.009528	2.288000	1.593600
0.009532	2.296000	1.593600
0.009536	2.288000	1.593600
0.009540	2.296000	1.593600
0.009544	2.296000	1.593200
0.009548	2.296000	1.593600
0.009552	2.296000	1.593600
0.009556	2.296000	1.593600
0.009560	2.296000	1.593600
0.009564	2.296000	1.593600
0.009568	2.288000	1.593600
0.009572	2.296000	1.593600
0.009576	2.296000	1.593600
0.009580	2.288000	1.593600
0.009584	2.296000	1.593600
0.009588	2.288000	1.593600
0.009592	2.296000	1.593600
0.009596	2.296000	1.593600
0.009600	2.296000	1.593600
0.009604	2.296000	1.593600
0.009608	2.296000	1.593600
0.009612	2.288000	1.593600
0.009616	2.296000	1.593600
0.009620	2.296000	1.593600
0.009624	2.296000	1.593600
0.009628	2.296000	1.593600
0.009632	2.288000	1.593600
0.009636	2.296000	1.593600
0.009640	2.296000	1.593600
0.009644	2.288000	1.593600
0.009648	2.296000	1.593600
0.009652	2.288000	1.593600
0.009656	2.296000	1.593600
0.009660	2.296000	1.593600
0.009664	2.296000	1.593600
0.009668	2.288000	1.593600
0.009672	2.296000	1.593600
0.009676	2.296000	1.593600
0.009680	2.296000	1.593600
0.009684	2.296000	1.593600
0.009688	2.296000	1.593600
0.009692	2.288000	1.593600
0.009696	2.296000	1.593600
0.009700	2.296000	1.594000
0.009704	2.288000	1.593600
0.009708	2.288000	1.593600
0.009712	2.296000	1.594000
0.009716	2.288000	1.594000
0.009720	2.296000	1.594000
0.009724	2.296000	1.594000
0.009728	2.296000	1.594000
0.009732	2.296000	1.594000
0.009736	2.296000	1.594000
0.009740	2.296000	1.593600
0.009744	2.288000	1.593600
0.009748	2.288000	1.594000
0.009752	2.288000	1.594000
0.009756	2.296000	1.594000
0.009760	2.296000	1.594000
0.009764	2.288000	1.594000
0.009768	2.288000	1.594000
0.009772	2.288000	1.594000
0.009776	2.296000	1.594000
0.009780	2.296000	1.594000
0.009784	2.288000	1.594000
0.009788	2.296000	1.594000
0.009792	2.296000	1.594000
0.009796	2.288000	1.594000
0.009800	2.288000	1.594000
0.009804	2.288000	1.594000
0.009808	2.296000	1.594000
0.009812	2.288000	1.594000
0.009816	2.296000	1.594000
0.009820	2.288000	1.594000
0.009824	2.296000	1.594000
0.009828	2.288000	1.594000
0.009832	2.296000	1.594000
0.009836	2.296000	1.594000
0.009840	2.296000	1.594000
0.009844	2.288000	1.594000
0.009848	2.296000	1.594000
0.009852	2.296000	1.594000
0.009856	2.288000	1.594000
0.009860	2.288000	1.594400
0.009864	2.288000	1.594000
0.009868	2.288000	1.594000
0.009872	2.296000	1.594400
0.009876	2.296000	1.594400
0.009880	2.288000	1.594000
0.009884	2.288000	1.594000
0.009888	2.288000	1.594000
0.009892	2.296000	1.594000
0.009896	2.288000	1.594000
0.009900	2.288000	1.594000
0.009904	2.288000	1.594000
0.009908	2.296000	1.594000
0.009912	2.296000	1.594000
0.009916	2.288000	1.594400
0.009920	2.288000	1.594000
0.009924	2.288000	1.594400
0.009928	2.288000	1.594000
0.009932	2.296000	1.594400
0.009936	2.288000	1.594400
0.009940	2.288000	1.594400
0.009944	2.288000	1.594400
0.009948	2.296000	1.594400
0.009952	2.288000	1.594000
0.009956	2.296000	1.594400
0.009960	2.288000	1.594000
0.009964	2.296000	1.594000
0.009968	2.288000	1.594000
0.009972	2.288000	1.594400
0.009976	2.288000	1.594000
0.009980	2.296000	1.594000
0.009984	2.288000	1.594400
0.009988	2.288000	1.594400
0.009992	2.288000	1.594400
0.009996	2.288000	1.594400
