10.000	0.002
20.000	0.001
30.000	0.002
40.000	0.001
50.000	0.001
60.000	0.001
70.000	0.002
80.000	0.001
90.000	0.001
100.000	0.001
110.000	0.001
120.000	0.001
130.000	0.002
140.000	0.002
150.000	0.001
160.000	0.001
170.000	0.000
180.000	0.001
190.000	0.001
200.000	0.002
210.000	0.001
220.000	0.001
230.000	0.001
240.000	0.001
250.000	0.001
260.000	0.002
270.000	0.001
280.000	0.001
290.000	0.001
300.000	0.001
310.000	0.001
320.000	0.001
330.000	0.002
340.000	0.002
350.000	0.001
360.000	0.001
370.000	0.002
380.000	0.002
390.000	0.002
400.000	0.001
410.000	0.001
420.000	0.002
430.000	0.002
440.000	0.002
450.000	0.001
460.000	0.000
470.000	0.001
480.000	0.001
490.000	0.001
500.000	0.001
510.000	0.001
520.000	0.001
530.000	0.001
540.000	0.001
550.000	0.002
560.000	0.001
570.000	0.001
580.000	0.002
590.000	0.001
600.000	0.002
610.000	0.001
620.000	0.001
630.000	0.002
640.000	0.001
650.000	0.001
660.000	0.001
670.000	0.002
680.000	0.002
690.000	0.002
700.000	0.001
710.000	0.001
720.000	0.002
730.000	0.001
740.000	0.001
750.000	0.001
760.000	0.001
770.000	0.001
780.000	0.001
790.000	0.002
800.000	0.001
810.000	0.001
820.000	0.001
830.000	0.001
840.000	0.002
850.000	0.001
860.000	0.002
870.000	0.001
880.000	0.001
890.000	0.001
900.000	0.002
910.000	0.002
920.000	0.002
930.000	0.001
940.000	0.001
950.000	0.001
960.000	0.001
970.000	0.001
980.000	0.001
990.000	0.002
1000.000	0.002
1010.000	0.002
1020.000	0.001
1030.000	0.001
1040.000	0.002
1050.000	0.002
1060.000	0.002
1070.000	0.002
1080.000	0.002
1090.000	0.001
1100.000	0.000
1110.000	0.001
1120.000	0.002
1130.000	0.001
1140.000	0.002
1150.000	0.002
1160.000	0.002
1170.000	0.001
1180.000	0.001
1190.000	0.001
1200.000	0.002
1210.000	0.002
1220.000	0.002
1230.000	0.001
1240.000	0.001
1250.000	0.001
1260.000	0.001
1270.000	0.001
1280.000	0.001
1290.000	0.002
1300.000	0.002
1310.000	0.002
1320.000	0.002
1330.000	0.001
1340.000	0.001
1350.000	0.001
1360.000	0.001
1370.000	0.002
1380.000	0.002
1390.000	0.002
1400.000	0.002
1410.000	0.002
1420.000	0.002
1430.000	0.002
1440.000	0.001
1450.000	0.001
1460.000	0.002
1470.000	0.002
1480.000	0.001
1490.000	0.002
1500.000	0.002
1510.000	0.002
1520.000	0.001
1530.000	0.001
1540.000	0.001
1550.000	0.002
1560.000	0.002
1570.000	0.002
1580.000	0.002
1590.000	0.002
1600.000	0.002
1610.000	0.001
1620.000	0.002
1630.000	0.002
1640.000	0.002
1650.000	0.001
1660.000	0.002
1670.000	0.002
1680.000	0.001
1690.000	0.001
1700.000	0.001
1710.000	0.001
1720.000	0.001
1730.000	0.001
1740.000	0.001
1750.000	0.002
1760.000	0.002
1770.000	0.001
1780.000	0.001
1790.000	0.001
1800.000	0.002
1810.000	0.002
1820.000	0.002
1830.000	0.001
1840.000	0.001
1850.000	0.001
1860.000	0.001
1870.000	0.002
1880.000	0.001
1890.000	0.002
1900.000	0.001
1910.000	0.001
1920.000	0.001
1930.000	0.001
1940.000	0.002
1950.000	0.002
1960.000	0.001
1970.000	0.002
1980.000	0.002
1990.000	0.001
2000.000	0.002
2010.000	0.001
2020.000	0.001
2030.000	0.001
2040.000	0.002
2050.000	0.001
2060.000	0.001
2070.000	0.002
2080.000	0.001
2090.000	0.001
2100.000	0.001
2110.000	0.001
2120.000	0.001
2130.000	0.001
2140.000	0.001
2150.000	0.002
2160.000	0.001
2170.000	0.002
2180.000	0.001
2190.000	0.001
2200.000	0.001
2210.000	0.001
2220.000	0.001
2230.000	0.001
2240.000	0.002
2250.000	0.002
2260.000	0.002
2270.000	0.001
2280.000	0.002
2290.000	0.001
2300.000	0.001
2310.000	0.001
2320.000	0.002
2330.000	0.002
2340.000	0.001
2350.000	0.001
2360.000	0.002
2370.000	0.001
2380.000	0.001
2390.000	0.001
2400.000	0.002
2410.000	0.002
2420.000	0.001
2430.000	0.001
2440.000	0.002
2450.000	0.002
2460.000	0.002
2470.000	0.001
2480.000	0.002
2490.000	0.002
2500.000	0.001
2510.000	0.001
2520.000	0.001
2530.000	0.002
2540.000	0.002
2550.000	0.001
2560.000	0.002
2570.000	0.002
2580.000	0.001
2590.000	0.002
2600.000	0.001
2610.000	0.001
2620.000	0.002
2630.000	0.001
2640.000	0.001
2650.000	0.000
2660.000	0.001
2670.000	0.001
2680.000	0.001
2690.000	0.001
2700.000	0.001
2710.000	0.002
2720.000	0.002
2730.000	0.002
2740.000	0.002
2750.000	0.002
2760.000	0.002
2770.000	0.002
2780.000	0.001
2790.000	0.001
2800.000	0.001
2810.000	0.001
2820.000	0.001
2830.000	0.001
2840.000	0.001
2850.000	0.002
2860.000	0.002
2870.000	0.001
2880.000	0.002
2890.000	0.001
2900.000	0.001
2910.000	0.002
2920.000	0.002
2930.000	0.002
2940.000	0.001
2950.000	0.002
2960.000	0.002
2970.000	0.001
2980.000	0.002
2990.000	0.001
3000.000	0.002
3010.000	0.001
3020.000	0.001
3030.000	0.001
3040.000	0.002
3050.000	0.002
3060.000	0.001
3070.000	0.002
3080.000	0.002
3090.000	0.001
3100.000	0.001
3110.000	0.002
3120.000	0.001
3130.000	0.002
3140.000	0.002
3150.000	0.002
3160.000	0.002
3170.000	0.001
3180.000	0.002
3190.000	0.001
3200.000	0.001
3210.000	0.001
3220.000	0.001
3230.000	0.001
3240.000	0.001
3250.000	0.001
3260.000	0.001
3270.000	0.001
3280.000	0.001
3290.000	0.002
3300.000	0.001
3310.000	0.001
3320.000	0.001
3330.000	0.002
3340.000	0.001
3350.000	0.001
3360.000	0.002
3370.000	0.002
3380.000	0.001
3390.000	0.001
3400.000	0.001
3410.000	0.001
3420.000	0.002
3430.000	0.002
3440.000	0.002
3450.000	0.002
3460.000	0.001
3470.000	0.002
3480.000	0.002
3490.000	0.001
3500.000	0.001
3510.000	0.002
3520.000	0.001
3530.000	0.001
3540.000	0.002
3550.000	0.002
3560.000	0.001
3570.000	0.001
3580.000	0.001
3590.000	0.001
3600.000	0.002
3610.000	0.002
3620.000	0.002
3630.000	0.002
3640.000	0.002
3650.000	0.001
3660.000	0.002
3670.000	0.001
3680.000	0.001
3690.000	0.002
3700.000	0.002
3710.000	0.002
3720.000	0.002
3730.000	0.002
3740.000	0.001
3750.000	0.001
3760.000	0.001
3770.000	0.002
3780.000	0.000
3790.000	0.002
3800.000	0.002
3810.000	0.001
3820.000	0.001
3830.000	0.001
3840.000	0.001
3850.000	0.001
3860.000	0.001
3870.000	0.001
3880.000	0.002
3890.000	0.001
3900.000	0.002
3910.000	0.002
3920.000	0.002
3930.000	0.002
3940.000	0.001
3950.000	0.001
3960.000	0.001
3970.000	0.001
3980.000	0.001
3990.000	0.001
4000.000	0.002
4010.000	0.002
4020.000	0.001
4030.000	0.002
4040.000	0.002
4050.000	0.002
4060.000	0.001
4070.000	0.001
4080.000	0.001
4090.000	0.001
4100.000	0.001
4110.000	0.002
4120.000	0.001
4130.000	0.002
4140.000	0.001
4150.000	0.001
4160.000	0.001
4170.000	0.001
4180.000	0.001
4190.000	0.001
4200.000	0.002
4210.000	0.001
4220.000	0.002
4230.000	0.001
4240.000	0.001
4250.000	0.002
4260.000	0.001
4270.000	0.001
4280.000	0.001
4290.000	0.002
4300.000	0.002
4310.000	0.001
4320.000	0.002
4330.000	0.002
4340.000	0.001
4350.000	0.001
4360.000	0.001
4370.000	0.002
4380.000	0.002
4390.000	0.002
4400.000	0.001
4410.000	0.001
4420.000	0.001
4430.000	0.002
4440.000	0.002
4450.000	0.002
4460.000	0.002
4470.000	0.002
4480.000	0.001
4490.000	0.002
4500.000	0.001
4510.000	0.002
4520.000	0.002
4530.000	0.001
4540.000	0.001
4550.000	0.002
4560.000	0.001
4570.000	0.001
4580.000	0.002
4590.000	0.002
4600.000	0.002
4610.000	0.002
4620.000	0.001
4630.000	0.002
4640.000	0.002
4650.000	0.001
4660.000	0.001
4670.000	0.001
4680.000	0.001
4690.000	0.002
4700.000	0.002
4710.000	0.002
4720.000	0.002
4730.000	0.002
4740.000	0.001
4750.000	0.002
4760.000	0.001
4770.000	0.001
4780.000	0.001
4790.000	0.001
4800.000	0.001
4810.000	0.001
4820.000	0.001
4830.000	0.002
4840.000	0.002
4850.000	0.001
4860.000	0.000
4870.000	0.001
4880.000	0.002
4890.000	0.002
4900.000	0.001
4910.000	0.001
4920.000	0.001
4930.000	0.001
4940.000	0.002
4950.000	0.002
4960.000	0.001
4970.000	0.001
4980.000	0.001
4990.000	0.001
5000.000	0.001
5010.000	0.001
5020.000	0.002
5030.000	0.001
5040.000	0.001
5050.000	0.001
5060.000	0.002
5070.000	0.001
5080.000	0.002
5090.000	0.002
5100.000	0.002
5110.000	0.002
5120.000	0.002
5130.000	0.001
5140.000	0.001
5150.000	0.001
5160.000	0.001
5170.000	0.001
5180.000	0.001
5190.000	0.002
5200.000	0.001
5210.000	0.001
5220.000	0.002
5230.000	0.001
5240.000	0.002
5250.000	0.001
5260.000	0.001
5270.000	0.001
5280.000	0.001
5290.000	0.001
5300.000	0.001
5310.000	0.001
5320.000	0.001
5330.000	0.001
5340.000	0.002
5350.000	0.002
5360.000	0.002
5370.000	0.001
5380.000	0.001
5390.000	0.001
5400.000	0.001
5410.000	0.001
5420.000	0.002
5430.000	0.001
5440.000	0.002
5450.000	0.002
5460.000	0.002
5470.000	0.002
5480.000	0.002
5490.000	0.002
5500.000	0.002
5510.000	0.002
5520.000	0.001
5530.000	0.002
5540.000	0.002
5550.000	0.001
5560.000	0.002
5570.000	0.001
5580.000	0.002
5590.000	0.002
5600.000	0.002
5610.000	0.001
5620.000	0.002
5630.000	0.002
5640.000	0.001
5650.000	0.002
5660.000	0.002
5670.000	0.002
5680.000	0.002
5690.000	0.002
5700.000	0.001
5710.000	0.001
5720.000	0.002
5730.000	0.002
5740.000	0.002
5750.000	0.001
5760.000	0.002
5770.000	0.002
5780.000	0.001
5790.000	0.002
5800.000	0.002
5810.000	0.002
5820.000	0.002
5830.000	0.001
5840.000	0.002
5850.000	0.001
5860.000	0.001
5870.000	0.002
5880.000	0.002
5890.000	0.002
5900.000	0.001
5910.000	0.002
5920.000	0.001
5930.000	0.002
5940.000	0.001
5950.000	0.002
5960.000	0.002
5970.000	0.002
5980.000	0.002
5990.000	0.002
6000.000	0.002
6010.000	0.002
6020.000	0.002
6030.000	0.002
6040.000	0.002
6050.000	0.002
6060.000	0.002
6070.000	0.002
6080.000	0.002
6090.000	0.002
6100.000	0.002
6110.000	0.002
6120.000	0.001
6130.000	0.002
6140.000	0.002
6150.000	0.002
6160.000	0.001
6170.000	0.002
6180.000	0.002
6190.000	0.002
6200.000	0.002
6210.000	0.002
6220.000	0.002
6230.000	0.002
6240.000	0.002
6250.000	0.001
6260.000	0.002
6270.000	0.002
6280.000	0.002
6290.000	0.002
6300.000	0.001
6310.000	0.002
6320.000	0.002
6330.000	0.001
6340.000	0.001
6350.000	0.002
6360.000	0.001
6370.000	0.001
6380.000	0.002
6390.000	0.002
6400.000	0.002
6410.000	0.001
6420.000	0.002
6430.000	0.001
6440.000	0.002
6450.000	0.001
6460.000	0.002
6470.000	0.002
6480.000	0.002
6490.000	0.002
6500.000	0.002
6510.000	0.002
6520.000	0.001
6530.000	0.002
6540.000	0.002
6550.000	0.001
6560.000	0.002
6570.000	0.002
6580.000	0.001
6590.000	0.002
6600.000	0.002
6610.000	0.001
6620.000	0.002
6630.000	0.001
6640.000	0.002
6650.000	0.002
6660.000	0.002
6670.000	0.002
6680.000	0.002
6690.000	0.002
6700.000	0.001
6710.000	0.002
6720.000	0.001
6730.000	0.002
6740.000	0.002
6750.000	0.002
6760.000	0.001
6770.000	0.001
6780.000	0.002
6790.000	0.002
6800.000	0.002
6810.000	0.002
6820.000	0.002
6830.000	0.002
6840.000	0.002
6850.000	0.002
6860.000	0.002
6870.000	0.002
6880.000	0.002
6890.000	0.001
6900.000	0.001
6910.000	0.002
6920.000	0.002
6930.000	0.002
6940.000	0.002
6950.000	0.002
6960.000	0.002
6970.000	0.002
6980.000	0.001
6990.000	0.002
7000.000	0.002
7010.000	0.002
7020.000	0.002
7030.000	0.002
7040.000	0.002
7050.000	0.002
7060.000	0.002
7070.000	0.001
7080.000	0.002
7090.000	0.002
7100.000	0.002
7110.000	0.002
7120.000	0.003
7130.000	0.001
7140.000	0.002
7150.000	0.002
7160.000	0.002
7170.000	0.002
7180.000	0.001
7190.000	0.002
7200.000	0.002
7210.000	0.002
7220.000	0.002
7230.000	0.002
7240.000	0.002
7250.000	0.002
7260.000	0.002
7270.000	0.002
7280.000	0.002
7290.000	0.002
7300.000	0.002
7310.000	0.002
7320.000	0.002
7330.000	0.002
7340.000	0.002
7350.000	0.002
7360.000	0.002
7370.000	0.002
7380.000	0.002
7390.000	0.001
7400.000	0.001
7410.000	0.002
7420.000	0.002
7430.000	0.002
7440.000	0.002
7450.000	0.002
7460.000	0.001
7470.000	0.001
7480.000	0.002
7490.000	0.001
7500.000	0.002
7510.000	0.002
7520.000	0.002
7530.000	0.002
7540.000	0.002
7550.000	0.002
7560.000	0.002
7570.000	0.002
7580.000	0.002
7590.000	0.002
7600.000	0.002
7610.000	0.002
7620.000	0.002
7630.000	0.002
7640.000	0.002
7650.000	0.003
7660.000	0.002
7670.000	0.002
7680.000	0.002
7690.000	0.002
7700.000	0.002
7710.000	0.002
7720.000	0.002
7730.000	0.003
7740.000	0.002
7750.000	0.002
7760.000	0.002
7770.000	0.002
7780.000	0.002
7790.000	0.002
7800.000	0.001
7810.000	0.002
7820.000	0.002
7830.000	0.002
7840.000	0.002
7850.000	0.002
7860.000	0.002
7870.000	0.002
7880.000	0.002
7890.000	0.002
7900.000	0.002
7910.000	0.002
7920.000	0.001
7930.000	0.002
7940.000	0.002
7950.000	0.002
7960.000	0.002
7970.000	0.002
7980.000	0.002
7990.000	0.001
8000.000	0.002
8010.000	0.002
8020.000	0.002
8030.000	0.002
8040.000	0.002
8050.000	0.002
8060.000	0.002
8070.000	0.002
8080.000	0.002
8090.000	0.002
8100.000	0.002
8110.000	0.002
8120.000	0.002
8130.000	0.002
8140.000	0.002
8150.000	0.002
8160.000	0.002
8170.000	0.002
8180.000	0.002
8190.000	0.002
8200.000	0.002
8210.000	0.002
8220.000	0.001
8230.000	0.002
8240.000	0.003
8250.000	0.002
8260.000	0.002
8270.000	0.002
8280.000	0.002
8290.000	0.002
8300.000	0.001
8310.000	0.001
8320.000	0.002
8330.000	0.001
8340.000	0.002
8350.000	0.002
8360.000	0.002
8370.000	0.001
8380.000	0.002
8390.000	0.002
8400.000	0.001
8410.000	0.002
8420.000	0.002
8430.000	0.002
8440.000	0.002
8450.000	0.002
8460.000	0.002
8470.000	0.002
8480.000	0.002
8490.000	0.003
8500.000	0.002
8510.000	0.002
8520.000	0.002
8530.000	0.002
8540.000	0.002
8550.000	0.002
8560.000	0.002
8570.000	0.002
8580.000	0.002
8590.000	0.002
8600.000	0.002
8610.000	0.002
8620.000	0.002
8630.000	0.002
8640.000	0.002
8650.000	0.002
8660.000	0.002
8670.000	0.001
8680.000	0.001
8690.000	0.002
8700.000	0.002
8710.000	0.002
8720.000	0.003
8730.000	0.002
8740.000	0.002
8750.000	0.002
8760.000	0.002
8770.000	0.002
8780.000	0.001
8790.000	0.002
8800.000	0.002
8810.000	0.002
8820.000	0.002
8830.000	0.002
8840.000	0.002
8850.000	0.002
8860.000	0.002
8870.000	0.002
8880.000	0.002
8890.000	0.002
8900.000	0.002
8910.000	0.002
8920.000	0.002
8930.000	0.002
8940.000	0.002
8950.000	0.001
8960.000	0.001
8970.000	0.001
8980.000	0.002
8990.000	0.002
9000.000	0.002
9010.000	0.002
9020.000	0.002
9030.000	0.002
9040.000	0.002
9050.000	0.002
9060.000	0.002
9070.000	0.002
9080.000	0.002
9090.000	0.002
9100.000	0.002
9110.000	0.002
9120.000	0.002
9130.000	0.002
9140.000	0.001
9150.000	0.002
9160.000	0.002
9170.000	0.002
9180.000	0.001
9190.000	0.002
9200.000	0.002
9210.000	0.002
9220.000	0.002
9230.000	0.002
9240.000	0.002
9250.000	0.002
9260.000	0.002
9270.000	0.002
9280.000	0.002
9290.000	0.002
9300.000	0.002
9310.000	0.002
9320.000	0.002
9330.000	0.002
9340.000	0.002
9350.000	0.002
9360.000	0.002
9370.000	0.002
9380.000	0.002
9390.000	0.002
9400.000	0.002
9410.000	0.002
9420.000	0.002
9430.000	0.002
9440.000	0.002
9450.000	0.002
9460.000	0.002
9470.000	0.002
9480.000	0.003
9490.000	0.002
9500.000	0.002
9510.000	0.001
9520.000	0.002
9530.000	0.003
9540.000	0.003
9550.000	0.002
9560.000	0.002
9570.000	0.002
9580.000	0.002
9590.000	0.002
9600.000	0.002
9610.000	0.002
9620.000	0.002
9630.000	0.002
9640.000	0.003
9650.000	0.002
9660.000	0.002
9670.000	0.002
9680.000	0.002
9690.000	0.002
9700.000	0.002
9710.000	0.002
9720.000	0.002
9730.000	0.002
9740.000	0.002
9750.000	0.001
9760.000	0.002
9770.000	0.002
9780.000	0.002
9790.000	0.002
9800.000	0.001
9810.000	0.002
9820.000	0.002
9830.000	0.002
9840.000	0.002
9850.000	0.002
9860.000	0.002
9870.000	0.002
9880.000	0.002
9890.000	0.002
9900.000	0.002
9910.000	0.002
9920.000	0.002
9930.000	0.003
9940.000	0.002
9950.000	0.002
9960.000	0.002
9970.000	0.002
9980.000	0.002
9990.000	0.002
10000.000	0.002
10010.000	0.001
10020.000	0.002
10030.000	0.002
10040.000	0.002
10050.000	0.002
10060.000	0.002
10070.000	0.002
10080.000	0.002
10090.000	0.002
10100.000	0.002
10110.000	0.002
10120.000	0.002
10130.000	0.002
10140.000	0.002
10150.000	0.002
10160.000	0.002
10170.000	0.002
10180.000	0.002
10190.000	0.002
10200.000	0.002
10210.000	0.002
10220.000	0.002
10230.000	0.002
10240.000	0.002
10250.000	0.002
10260.000	0.002
10270.000	0.002
10280.000	0.002
10290.000	0.002
10300.000	0.002
10310.000	0.002
10320.000	0.002
10330.000	0.002
10340.000	0.002
10350.000	0.002
10360.000	0.003
10370.000	0.003
10380.000	0.002
10390.000	0.002
10400.000	0.002
10410.000	0.002
10420.000	0.002
10430.000	0.002
10440.000	0.002
10450.000	0.003
10460.000	0.003
10470.000	0.002
10480.000	0.002
10490.000	0.002
10500.000	0.002
10510.000	0.002
10520.000	0.002
10530.000	0.002
10540.000	0.002
10550.000	0.002
10560.000	0.002
10570.000	0.002
10580.000	0.002
10590.000	0.002
10600.000	0.002
10610.000	0.002
10620.000	0.002
10630.000	0.002
10640.000	0.002
10650.000	0.002
10660.000	0.002
10670.000	0.002
10680.000	0.002
10690.000	0.002
10700.000	0.002
10710.000	0.002
10720.000	0.003
10730.000	0.002
10740.000	0.002
10750.000	0.002
10760.000	0.002
10770.000	0.002
10780.000	0.002
10790.000	0.002
10800.000	0.002
10810.000	0.002
10820.000	0.003
10830.000	0.002
10840.000	0.002
10850.000	0.002
10860.000	0.002
10870.000	0.002
10880.000	0.003
10890.000	0.002
10900.000	0.002
10910.000	0.003
10920.000	0.003
10930.000	0.002
10940.000	0.002
10950.000	0.001
10960.000	0.002
10970.000	0.002
10980.000	0.002
10990.000	0.002
11000.000	0.002
11010.000	0.003
11020.000	0.003
11030.000	0.002
11040.000	0.002
11050.000	0.002
11060.000	0.002
11070.000	0.003
11080.000	0.002
11090.000	0.002
11100.000	0.002
11110.000	0.002
11120.000	0.002
11130.000	0.002
11140.000	0.002
11150.000	0.002
11160.000	0.003
11170.000	0.002
11180.000	0.002
11190.000	0.003
11200.000	0.002
11210.000	0.003
11220.000	0.002
11230.000	0.002
11240.000	0.002
11250.000	0.003
11260.000	0.002
11270.000	0.002
11280.000	0.002
11290.000	0.003
11300.000	0.002
11310.000	0.002
11320.000	0.002
11330.000	0.003
11340.000	0.002
11350.000	0.002
11360.000	0.002
11370.000	0.002
11380.000	0.002
11390.000	0.002
11400.000	0.002
11410.000	0.002
11420.000	0.002
11430.000	0.002
11440.000	0.002
11450.000	0.002
11460.000	0.002
11470.000	0.002
11480.000	0.002
11490.000	0.002
11500.000	0.003
11510.000	0.003
11520.000	0.002
11530.000	0.002
11540.000	0.002
11550.000	0.002
11560.000	0.002
11570.000	0.002
11580.000	0.002
11590.000	0.002
11600.000	0.002
11610.000	0.002
11620.000	0.002
11630.000	0.002
11640.000	0.003
11650.000	0.002
11660.000	0.002
11670.000	0.002
11680.000	0.002
11690.000	0.002
11700.000	0.002
11710.000	0.003
11720.000	0.002
11730.000	0.002
11740.000	0.002
11750.000	0.002
11760.000	0.002
11770.000	0.002
11780.000	0.002
11790.000	0.002
11800.000	0.002
11810.000	0.002
11820.000	0.002
11830.000	0.002
11840.000	0.002
11850.000	0.002
11860.000	0.002
11870.000	0.002
11880.000	0.002
11890.000	0.002
11900.000	0.001
11910.000	0.002
11920.000	0.002
11930.000	0.002
11940.000	0.002
11950.000	0.002
11960.000	0.002
11970.000	0.002
11980.000	0.003
11990.000	0.002
12000.000	0.002
12010.000	0.002
12020.000	0.002
12030.000	0.002
12040.000	0.002
12050.000	0.002
12060.000	0.002
12070.000	0.002
12080.000	0.003
12090.000	0.002
12100.000	0.002
12110.000	0.002
12120.000	0.002
12130.000	0.002
12140.000	0.002
12150.000	0.003
12160.000	0.002
12170.000	0.003
12180.000	0.002
12190.000	0.002
12200.000	0.002
12210.000	0.002
12220.000	0.002
12230.000	0.003
12240.000	0.002
12250.000	0.002
12260.000	0.002
12270.000	0.002
12280.000	0.002
12290.000	0.002
12300.000	0.002
12310.000	0.002
12320.000	0.002
12330.000	0.002
12340.000	0.002
12350.000	0.002
12360.000	0.002
12370.000	0.003
12380.000	0.002
12390.000	0.002
12400.000	0.002
12410.000	0.002
12420.000	0.002
12430.000	0.002
12440.000	0.002
12450.000	0.002
12460.000	0.002
12470.000	0.002
12480.000	0.003
12490.000	0.002
12500.000	0.003
12510.000	0.002
12520.000	0.002
12530.000	0.002
12540.000	0.002
12550.000	0.002
12560.000	0.003
12570.000	0.003
12580.000	0.002
12590.000	0.002
12600.000	0.002
12610.000	0.002
12620.000	0.002
12630.000	0.002
12640.000	0.002
12650.000	0.002
12660.000	0.002
12670.000	0.002
12680.000	0.002
12690.000	0.002
12700.000	0.003
12710.000	0.003
12720.000	0.003
12730.000	0.002
12740.000	0.003
12750.000	0.002
12760.000	0.002
12770.000	0.002
12780.000	0.002
12790.000	0.002
12800.000	0.002
12810.000	0.002
12820.000	0.002
12830.000	0.003
12840.000	0.003
12850.000	0.002
12860.000	0.002
12870.000	0.002
12880.000	0.003
12890.000	0.002
12900.000	0.002
12910.000	0.003
12920.000	0.002
12930.000	0.002
12940.000	0.002
12950.000	0.002
12960.000	0.002
12970.000	0.002
12980.000	0.003
12990.000	0.002
13000.000	0.002
13010.000	0.001
13020.000	0.002
13030.000	0.002
13040.000	0.002
13050.000	0.002
13060.000	0.002
13070.000	0.003
13080.000	0.003
13090.000	0.003
13100.000	0.002
13110.000	0.002
13120.000	0.002
13130.000	0.002
13140.000	0.002
13150.000	0.003
13160.000	0.002
13170.000	0.002
13180.000	0.002
13190.000	0.002
13200.000	0.002
13210.000	0.002
13220.000	0.002
13230.000	0.002
13240.000	0.002
13250.000	0.002
13260.000	0.003
13270.000	0.003
13280.000	0.002
13290.000	0.003
13300.000	0.002
13310.000	0.002
13320.000	0.002
13330.000	0.003
13340.000	0.003
13350.000	0.003
13360.000	0.003
13370.000	0.002
13380.000	0.002
13390.000	0.002
13400.000	0.002
13410.000	0.002
13420.000	0.002
13430.000	0.002
13440.000	0.002
13450.000	0.003
13460.000	0.003
13470.000	0.003
13480.000	0.003
13490.000	0.003
13500.000	0.003
13510.000	0.003
13520.000	0.003
13530.000	0.003
13540.000	0.003
13550.000	0.002
13560.000	0.003
13570.000	0.003
13580.000	0.003
13590.000	0.003
13600.000	0.003
13610.000	0.002
13620.000	0.002
13630.000	0.003
13640.000	0.002
13650.000	0.003
13660.000	0.002
13670.000	0.002
13680.000	0.002
13690.000	0.002
13700.000	0.003
13710.000	0.002
13720.000	0.002
13730.000	0.002
13740.000	0.002
13750.000	0.003
13760.000	0.003
13770.000	0.002
13780.000	0.003
13790.000	0.003
13800.000	0.002
13810.000	0.002
13820.000	0.003
13830.000	0.002
13840.000	0.003
13850.000	0.002
13860.000	0.003
13870.000	0.002
13880.000	0.003
13890.000	0.003
13900.000	0.003
13910.000	0.003
13920.000	0.003
13930.000	0.003
13940.000	0.003
13950.000	0.002
13960.000	0.003
13970.000	0.003
13980.000	0.003
13990.000	0.003
14000.000	0.002
14010.000	0.002
14020.000	0.003
14030.000	0.003
14040.000	0.003
14050.000	0.002
14060.000	0.002
14070.000	0.002
14080.000	0.003
14090.000	0.003
14100.000	0.003
14110.000	0.003
14120.000	0.003
14130.000	0.002
14140.000	0.003
14150.000	0.002
14160.000	0.002
14170.000	0.002
14180.000	0.002
14190.000	0.003
14200.000	0.003
14210.000	0.003
14220.000	0.002
14230.000	0.002
14240.000	0.002
14250.000	0.002
14260.000	0.002
14270.000	0.002
14280.000	0.002
14290.000	0.002
14300.000	0.003
14310.000	0.003
14320.000	0.003
14330.000	0.003
14340.000	0.003
14350.000	0.003
14360.000	0.002
14370.000	0.002
14380.000	0.002
14390.000	0.002
14400.000	0.003
14410.000	0.003
14420.000	0.003
14430.000	0.003
14440.000	0.003
14450.000	0.003
14460.000	0.003
14470.000	0.002
14480.000	0.003
14490.000	0.003
14500.000	0.003
14510.000	0.003
14520.000	0.003
14530.000	0.002
14540.000	0.003
14550.000	0.002
14560.000	0.002
14570.000	0.002
14580.000	0.003
14590.000	0.002
14600.000	0.003
14610.000	0.002
14620.000	0.003
14630.000	0.002
14640.000	0.003
14650.000	0.003
14660.000	0.002
14670.000	0.002
14680.000	0.002
14690.000	0.003
14700.000	0.003
14710.000	0.003
14720.000	0.003
14730.000	0.003
14740.000	0.003
14750.000	0.003
14760.000	0.002
14770.000	0.002
14780.000	0.003
14790.000	0.003
14800.000	0.003
14810.000	0.002
14820.000	0.003
14830.000	0.003
14840.000	0.003
14850.000	0.002
14860.000	0.003
14870.000	0.003
14880.000	0.002
14890.000	0.003
14900.000	0.003
14910.000	0.003
14920.000	0.003
14930.000	0.003
14940.000	0.003
14950.000	0.002
14960.000	0.002
14970.000	0.003
14980.000	0.003
14990.000	0.003
15000.000	0.003
15010.000	0.003
15020.000	0.003
15030.000	0.003
15040.000	0.003
15050.000	0.002
15060.000	0.003
15070.000	0.003
15080.000	0.003
15090.000	0.003
15100.000	0.003
15110.000	0.003
15120.000	0.003
15130.000	0.003
15140.000	0.003
15150.000	0.004
15160.000	0.003
15170.000	0.003
15180.000	0.003
15190.000	0.003
15200.000	0.006
15210.000	0.004
15220.000	0.003
15230.000	0.003
15240.000	0.003
15250.000	0.003
15260.000	0.003
15270.000	0.003
15280.000	0.003
15290.000	0.003
15300.000	0.003
15310.000	0.003
15320.000	0.002
15330.000	0.002
15340.000	0.003
15350.000	0.003
15360.000	0.003
15370.000	0.003
15380.000	0.003
15390.000	0.003
15400.000	0.003
15410.000	0.003
15420.000	0.003
15430.000	0.003
15440.000	0.003
15450.000	0.003
15460.000	0.003
15470.000	0.003
15480.000	0.003
15490.000	0.003
15500.000	0.003
15510.000	0.003
15520.000	0.003
15530.000	0.003
15540.000	0.003
15550.000	0.003
15560.000	0.004
15570.000	0.003
15580.000	0.002
15590.000	0.003
15600.000	0.003
15610.000	0.003
15620.000	0.003
15630.000	0.003
15640.000	0.003
15650.000	0.003
15660.000	0.003
15670.000	0.003
15680.000	0.003
15690.000	0.003
15700.000	0.003
15710.000	0.002
15720.000	0.003
15730.000	0.003
15740.000	0.003
15750.000	0.003
15760.000	0.003
15770.000	0.003
15780.000	0.002
15790.000	0.003
15800.000	0.003
15810.000	0.002
15820.000	0.003
15830.000	0.003
15840.000	0.002
15850.000	0.003
15860.000	0.003
15870.000	0.003
15880.000	0.002
15890.000	0.003
15900.000	0.003
15910.000	0.003
15920.000	0.003
15930.000	0.003
15940.000	0.002
15950.000	0.003
15960.000	0.003
15970.000	0.003
15980.000	0.003
15990.000	0.003
16000.000	0.003
16010.000	0.003
16020.000	0.003
16030.000	0.002
16040.000	0.003
16050.000	0.003
16060.000	0.002
16070.000	0.003
16080.000	0.003
16090.000	0.003
16100.000	0.003
16110.000	0.003
16120.000	0.003
16130.000	0.003
16140.000	0.003
16150.000	0.002
16160.000	0.003
16170.000	0.003
16180.000	0.003
16190.000	0.003
16200.000	0.003
16210.000	0.003
16220.000	0.003
16230.000	0.003
16240.000	0.003
16250.000	0.003
16260.000	0.003
16270.000	0.004
16280.000	0.003
16290.000	0.002
16300.000	0.002
16310.000	0.002
16320.000	0.003
16330.000	0.003
16340.000	0.003
16350.000	0.002
16360.000	0.002
16370.000	0.002
16380.000	0.002
16390.000	0.003
16400.000	0.003
16410.000	0.003
16420.000	0.003
16430.000	0.003
16440.000	0.003
16450.000	0.003
16460.000	0.003
16470.000	0.003
16480.000	0.003
16490.000	0.004
16500.000	0.003
16510.000	0.003
16520.000	0.003
16530.000	0.003
16540.000	0.003
16550.000	0.003
16560.000	0.003
16570.000	0.003
16580.000	0.003
16590.000	0.003
16600.000	0.002
16610.000	0.002
16620.000	0.002
16630.000	0.003
16640.000	0.003
16650.000	0.003
16660.000	0.003
16670.000	0.003
16680.000	0.003
16690.000	0.003
16700.000	0.003
16710.000	0.003
16720.000	0.003
16730.000	0.003
16740.000	0.003
16750.000	0.003
16760.000	0.003
16770.000	0.003
16780.000	0.003
16790.000	0.003
16800.000	0.003
16810.000	0.003
16820.000	0.003
16830.000	0.003
16840.000	0.003
16850.000	0.003
16860.000	0.003
16870.000	0.003
16880.000	0.003
16890.000	0.003
16900.000	0.003
16910.000	0.003
16920.000	0.003
16930.000	0.003
16940.000	0.003
16950.000	0.003
16960.000	0.003
16970.000	0.003
16980.000	0.003
16990.000	0.003
17000.000	0.003
17010.000	0.002
17020.000	0.003
17030.000	0.003
17040.000	0.003
17050.000	0.003
17060.000	0.003
17070.000	0.003
17080.000	0.002
17090.000	0.003
17100.000	0.003
17110.000	0.003
17120.000	0.003
17130.000	0.003
17140.000	0.003
17150.000	0.004
17160.000	0.003
17170.000	0.003
17180.000	0.003
17190.000	0.003
17200.000	0.002
17210.000	0.003
17220.000	0.003
17230.000	0.003
17240.000	0.003
17250.000	0.003
17260.000	0.003
17270.000	0.004
17280.000	0.003
17290.000	0.003
17300.000	0.003
17310.000	0.003
17320.000	0.003
17330.000	0.003
17340.000	0.003
17350.000	0.003
17360.000	0.003
17370.000	0.003
17380.000	0.003
17390.000	0.003
17400.000	0.004
17410.000	0.003
17420.000	0.003
17430.000	0.004
17440.000	0.003
17450.000	0.003
17460.000	0.003
17470.000	0.003
17480.000	0.003
17490.000	0.004
17500.000	0.003
17510.000	0.003
17520.000	0.004
17530.000	0.003
17540.000	0.003
17550.000	0.003
17560.000	0.003
17570.000	0.003
17580.000	0.003
17590.000	0.004
17600.000	0.003
17610.000	0.003
17620.000	0.003
17630.000	0.002
17640.000	0.003
17650.000	0.003
17660.000	0.003
17670.000	0.004
17680.000	0.003
17690.000	0.003
17700.000	0.003
17710.000	0.003
17720.000	0.002
17730.000	0.003
17740.000	0.003
17750.000	0.003
17760.000	0.003
17770.000	0.003
17780.000	0.002
17790.000	0.003
17800.000	0.003
17810.000	0.003
17820.000	0.003
17830.000	0.003
17840.000	0.003
17850.000	0.003
17860.000	0.003
17870.000	0.002
17880.000	0.003
17890.000	0.003
17900.000	0.002
17910.000	0.003
17920.000	0.003
17930.000	0.003
17940.000	0.003
17950.000	0.003
17960.000	0.003
17970.000	0.004
17980.000	0.003
17990.000	0.003
18000.000	0.003
18010.000	0.003
18020.000	0.003
18030.000	0.003
18040.000	0.003
18050.000	0.003
18060.000	0.004
18070.000	0.003
18080.000	0.003
18090.000	0.003
18100.000	0.003
18110.000	0.003
18120.000	0.003
18130.000	0.003
18140.000	0.003
18150.000	0.003
18160.000	0.004
18170.000	0.004
18180.000	0.003
18190.000	0.003
18200.000	0.003
18210.000	0.003
18220.000	0.003
18230.000	0.003
18240.000	0.003
18250.000	0.003
18260.000	0.003
18270.000	0.003
18280.000	0.004
18290.000	0.004
18300.000	0.003
18310.000	0.004
18320.000	0.003
18330.000	0.003
18340.000	0.003
18350.000	0.003
18360.000	0.003
18370.000	0.004
18380.000	0.003
18390.000	0.003
18400.000	0.003
18410.000	0.003
18420.000	0.003
18430.000	0.003
18440.000	0.003
18450.000	0.003
18460.000	0.003
18470.000	0.003
18480.000	0.004
18490.000	0.004
18500.000	0.003
18510.000	0.003
18520.000	0.003
18530.000	0.003
18540.000	0.003
18550.000	0.003
18560.000	0.003
18570.000	0.003
18580.000	0.004
18590.000	0.004
18600.000	0.004
18610.000	0.003
18620.000	0.003
18630.000	0.004
18640.000	0.003
18650.000	0.003
18660.000	0.003
18670.000	0.004
18680.000	0.003
18690.000	0.004
18700.000	0.003
18710.000	0.004
18720.000	0.003
18730.000	0.004
18740.000	0.004
18750.000	0.003
18760.000	0.003
18770.000	0.004
18780.000	0.003
18790.000	0.004
18800.000	0.003
18810.000	0.003
18820.000	0.003
18830.000	0.003
18840.000	0.003
18850.000	0.003
18860.000	0.003
18870.000	0.003
18880.000	0.003
18890.000	0.003
18900.000	0.003
18910.000	0.003
18920.000	0.004
18930.000	0.004
18940.000	0.003
18950.000	0.003
18960.000	0.003
18970.000	0.003
18980.000	0.003
18990.000	0.003
19000.000	0.003
19010.000	0.003
19020.000	0.003
19030.000	0.003
19040.000	0.003
19050.000	0.003
19060.000	0.004
19070.000	0.003
19080.000	0.003
19090.000	0.004
19100.000	0.004
19110.000	0.003
19120.000	0.003
19130.000	0.003
19140.000	0.003
19150.000	0.003
19160.000	0.003
19170.000	0.003
19180.000	0.003
19190.000	0.003
19200.000	0.004
19210.000	0.004
19220.000	0.004
19230.000	0.003
19240.000	0.003
19250.000	0.003
19260.000	0.003
19270.000	0.004
19280.000	0.003
19290.000	0.004
19300.000	0.004
19310.000	0.004
19320.000	0.003
19330.000	0.004
19340.000	0.004
19350.000	0.004
19360.000	0.004
19370.000	0.003
19380.000	0.004
19390.000	0.003
19400.000	0.004
19410.000	0.004
19420.000	0.004
19430.000	0.004
19440.000	0.003
19450.000	0.004
19460.000	0.004
19470.000	0.003
19480.000	0.004
19490.000	0.003
19500.000	0.003
19510.000	0.003
19520.000	0.004
19530.000	0.003
19540.000	0.003
19550.000	0.003
19560.000	0.003
19570.000	0.003
19580.000	0.003
19590.000	0.003
19600.000	0.003
19610.000	0.004
19620.000	0.004
19630.000	0.004
19640.000	0.003
19650.000	0.003
19660.000	0.004
19670.000	0.003
19680.000	0.004
19690.000	0.004
19700.000	0.004
19710.000	0.004
19720.000	0.003
19730.000	0.003
19740.000	0.004
19750.000	0.003
19760.000	0.003
19770.000	0.003
19780.000	0.003
19790.000	0.004
19800.000	0.004
19810.000	0.004
19820.000	0.003
19830.000	0.003
19840.000	0.004
19850.000	0.004
19860.000	0.004
19870.000	0.003
19880.000	0.004
19890.000	0.004
19900.000	0.004
19910.000	0.004
19920.000	0.004
19930.000	0.004
19940.000	0.003
19950.000	0.003
19960.000	0.004
19970.000	0.004
19980.000	0.004
19990.000	0.003
20000.000	0.004
20010.000	0.004
20020.000	0.004
20030.000	0.003
20040.000	0.003
20050.000	0.003
20060.000	0.004
20070.000	0.003
20080.000	0.004
20090.000	0.004
20100.000	0.004
20110.000	0.004
20120.000	0.003
20130.000	0.003
20140.000	0.003
20150.000	0.004
20160.000	0.004
20170.000	0.003
20180.000	0.005
20190.000	0.004
20200.000	0.003
20210.000	0.004
20220.000	0.003
20230.000	0.004
20240.000	0.004
20250.000	0.004
20260.000	0.004
20270.000	0.003
20280.000	0.003
20290.000	0.003
20300.000	0.003
20310.000	0.004
20320.000	0.003
20330.000	0.003
20340.000	0.004
20350.000	0.003
20360.000	0.003
20370.000	0.003
20380.000	0.004
20390.000	0.004
20400.000	0.004
20410.000	0.004
20420.000	0.004
20430.000	0.003
20440.000	0.003
20450.000	0.004
20460.000	0.004
20470.000	0.004
20480.000	0.003
20490.000	0.003
20500.000	0.004
20510.000	0.004
20520.000	0.004
20530.000	0.003
20540.000	0.004
20550.000	0.004
20560.000	0.003
20570.000	0.004
20580.000	0.004
20590.000	0.004
20600.000	0.004
20610.000	0.003
20620.000	0.003
20630.000	0.003
20640.000	0.003
20650.000	0.004
20660.000	0.003
20670.000	0.003
20680.000	0.004
20690.000	0.004
20700.000	0.004
20710.000	0.004
20720.000	0.004
20730.000	0.003
20740.000	0.004
20750.000	0.003
20760.000	0.004
20770.000	0.003
20780.000	0.003
20790.000	0.004
20800.000	0.004
20810.000	0.004
20820.000	0.004
20830.000	0.004
20840.000	0.004
20850.000	0.004
20860.000	0.004
20870.000	0.004
20880.000	0.004
20890.000	0.004
20900.000	0.004
20910.000	0.003
20920.000	0.004
20930.000	0.003
20940.000	0.003
20950.000	0.003
20960.000	0.003
20970.000	0.004
20980.000	0.004
20990.000	0.004
21000.000	0.004
21010.000	0.004
21020.000	0.004
21030.000	0.005
21040.000	0.003
21050.000	0.004
21060.000	0.004
21070.000	0.004
21080.000	0.004
21090.000	0.003
21100.000	0.003
21110.000	0.003
21120.000	0.004
21130.000	0.004
21140.000	0.004
21150.000	0.004
21160.000	0.004
21170.000	0.004
21180.000	0.004
21190.000	0.004
21200.000	0.004
21210.000	0.003
21220.000	0.004
21230.000	0.004
21240.000	0.004
21250.000	0.005
21260.000	0.005
21270.000	0.003
21280.000	0.004
21290.000	0.003
21300.000	0.004
21310.000	0.005
21320.000	0.004
21330.000	0.004
21340.000	0.004
21350.000	0.003
21360.000	0.004
21370.000	0.004
21380.000	0.004
21390.000	0.004
21400.000	0.004
21410.000	0.004
21420.000	0.004
21430.000	0.003
21440.000	0.004
21450.000	0.003
21460.000	0.004
21470.000	0.004
21480.000	0.004
21490.000	0.004
21500.000	0.004
21510.000	0.003
21520.000	0.003
21530.000	0.003
21540.000	0.004
21550.000	0.004
21560.000	0.003
21570.000	0.003
21580.000	0.003
21590.000	0.004
21600.000	0.005
21610.000	0.004
21620.000	0.004
21630.000	0.004
21640.000	0.004
21650.000	0.005
21660.000	0.004
21670.000	0.004
21680.000	0.004
21690.000	0.004
21700.000	0.003
21710.000	0.004
21720.000	0.003
21730.000	0.004
21740.000	0.004
21750.000	0.004
21760.000	0.004
21770.000	0.003
21780.000	0.004
21790.000	0.003
21800.000	0.005
21810.000	0.004
21820.000	0.004
21830.000	0.003
21840.000	0.004
21850.000	0.004
21860.000	0.003
21870.000	0.004
21880.000	0.004
21890.000	0.003
21900.000	0.004
21910.000	0.004
21920.000	0.004
21930.000	0.004
21940.000	0.003
21950.000	0.004
21960.000	0.004
21970.000	0.004
21980.000	0.004
21990.000	0.005
22000.000	0.004
22010.000	0.004
22020.000	0.004
22030.000	0.004
22040.000	0.004
22050.000	0.004
22060.000	0.004
22070.000	0.004
22080.000	0.004
22090.000	0.004
22100.000	0.004
22110.000	0.004
22120.000	0.004
22130.000	0.004
22140.000	0.004
22150.000	0.003
22160.000	0.003
22170.000	0.004
22180.000	0.003
22190.000	0.003
22200.000	0.004
22210.000	0.004
22220.000	0.004
22230.000	0.004
22240.000	0.003
22250.000	0.005
22260.000	0.004
22270.000	0.003
22280.000	0.004
22290.000	0.004
22300.000	0.004
22310.000	0.004
22320.000	0.004
22330.000	0.004
22340.000	0.005
22350.000	0.004
22360.000	0.004
22370.000	0.004
22380.000	0.003
22390.000	0.004
22400.000	0.003
22410.000	0.003
22420.000	0.003
22430.000	0.004
22440.000	0.005
22450.000	0.004
22460.000	0.005
22470.000	0.004
22480.000	0.005
22490.000	0.005
22500.000	0.004
22510.000	0.003
22520.000	0.004
22530.000	0.003
22540.000	0.003
22550.000	0.004
22560.000	0.004
22570.000	0.004
22580.000	0.005
22590.000	0.003
22600.000	0.004
22610.000	0.004
22620.000	0.003
22630.000	0.004
22640.000	0.004
22650.000	0.003
22660.000	0.004
22670.000	0.004
22680.000	0.004
22690.000	0.004
22700.000	0.004
22710.000	0.004
22720.000	0.004
22730.000	0.004
22740.000	0.004
22750.000	0.004
22760.000	0.005
22770.000	0.004
22780.000	0.004
22790.000	0.005
22800.000	0.005
22810.000	0.003
22820.000	0.003
22830.000	0.004
22840.000	0.004
22850.000	0.004
22860.000	0.004
22870.000	0.004
22880.000	0.005
22890.000	0.004
22900.000	0.004
22910.000	0.003
22920.000	0.003
22930.000	0.004
22940.000	0.003
22950.000	0.004
22960.000	0.005
22970.000	0.005
22980.000	0.005
22990.000	0.004
23000.000	0.005
23010.000	0.005
23020.000	0.004
23030.000	0.004
23040.000	0.004
23050.000	0.003
23060.000	0.003
23070.000	0.003
23080.000	0.004
23090.000	0.004
23100.000	0.005
23110.000	0.005
23120.000	0.004
23130.000	0.005
23140.000	0.004
23150.000	0.005
23160.000	0.004
23170.000	0.004
23180.000	0.003
23190.000	0.004
23200.000	0.004
23210.000	0.004
23220.000	0.003
23230.000	0.004
23240.000	0.004
23250.000	0.004
23260.000	0.004
23270.000	0.004
23280.000	0.004
23290.000	0.005
23300.000	0.004
23310.000	0.004
23320.000	0.004
23330.000	0.004
23340.000	0.003
23350.000	0.003
23360.000	0.004
23370.000	0.003
23380.000	0.004
23390.000	0.003
23400.000	0.004
23410.000	0.004
23420.000	0.005
23430.000	0.004
23440.000	0.004
23450.000	0.004
23460.000	0.004
23470.000	0.005
23480.000	0.005
23490.000	0.005
23500.000	0.004
23510.000	0.004
23520.000	0.004
23530.000	0.003
23540.000	0.003
23550.000	0.003
23560.000	0.004
23570.000	0.004
23580.000	0.003
23590.000	0.004
23600.000	0.004
23610.000	0.005
23620.000	0.005
23630.000	0.005
23640.000	0.004
23650.000	0.004
23660.000	0.004
23670.000	0.003
23680.000	0.004
23690.000	0.003
23700.000	0.004
23710.000	0.004
23720.000	0.005
23730.000	0.005
23740.000	0.004
23750.000	0.003
23760.000	0.003
23770.000	0.004
23780.000	0.003
23790.000	0.004
23800.000	0.004
23810.000	0.004
23820.000	0.004
23830.000	0.004
23840.000	0.004
23850.000	0.005
23860.000	0.004
23870.000	0.004
23880.000	0.004
23890.000	0.004
23900.000	0.004
23910.000	0.004
23920.000	0.004
23930.000	0.005
23940.000	0.004
23950.000	0.005
23960.000	0.004
23970.000	0.004
23980.000	0.005
23990.000	0.005
24000.000	0.005
24010.000	0.004
24020.000	0.004
24030.000	0.004
24040.000	0.004
24050.000	0.005
24060.000	0.005
24070.000	0.004
24080.000	0.004
24090.000	0.004
24100.000	0.004
24110.000	0.005
24120.000	0.004
24130.000	0.005
24140.000	0.005
24150.000	0.004
24160.000	0.005
24170.000	0.004
24180.000	0.004
24190.000	0.005
24200.000	0.004
24210.000	0.003
24220.000	0.004
24230.000	0.005
24240.000	0.004
24250.000	0.004
24260.000	0.004
24270.000	0.005
24280.000	0.004
24290.000	0.004
24300.000	0.004
24310.000	0.004
24320.000	0.004
24330.000	0.005
24340.000	0.005
24350.000	0.004
24360.000	0.005
24370.000	0.004
24380.000	0.005
24390.000	0.005
24400.000	0.004
24410.000	0.005
24420.000	0.005
24430.000	0.005
24440.000	0.005
24450.000	0.004
24460.000	0.004
24470.000	0.004
24480.000	0.004
24490.000	0.004
24500.000	0.004
24510.000	0.004
24520.000	0.004
24530.000	0.004
24540.000	0.005
24550.000	0.005
24560.000	0.004
24570.000	0.004
24580.000	0.004
24590.000	0.005
24600.000	0.004
24610.000	0.004
24620.000	0.004
24630.000	0.004
24640.000	0.004
24650.000	0.004
24660.000	0.004
24670.000	0.004
24680.000	0.004
24690.000	0.004
24700.000	0.004
24710.000	0.004
24720.000	0.004
24730.000	0.003
24740.000	0.004
24750.000	0.004
24760.000	0.004
24770.000	0.004
24780.000	0.004
24790.000	0.004
24800.000	0.005
24810.000	0.005
24820.000	0.005
24830.000	0.005
24840.000	0.005
24850.000	0.004
24860.000	0.004
24870.000	0.005
24880.000	0.004
24890.000	0.004
24900.000	0.004
24910.000	0.005
24920.000	0.005
24930.000	0.005
24940.000	0.004
24950.000	0.004
24960.000	0.003
24970.000	0.004
24980.000	0.004
24990.000	0.005
25000.000	0.005
25010.000	0.004
25020.000	0.005
25030.000	0.005
25040.000	0.005
25050.000	0.004
25060.000	0.004
25070.000	0.004
25080.000	0.005
25090.000	0.004
25100.000	0.004
25110.000	0.005
25120.000	0.004
25130.000	0.005
25140.000	0.005
25150.000	0.005
25160.000	0.005
25170.000	0.005
25180.000	0.005
25190.000	0.005
25200.000	0.005
25210.000	0.006
25220.000	0.007
25230.000	0.007
25240.000	0.007
25250.000	0.008
25260.000	0.008
25270.000	0.007
25280.000	0.007
25290.000	0.006
25300.000	0.005
25310.000	0.005
25320.000	0.005
25330.000	0.005
25340.000	0.005
25350.000	0.004
25360.000	0.005
25370.000	0.004
25380.000	0.005
25390.000	0.005
25400.000	0.005
25410.000	0.005
25420.000	0.004
25430.000	0.003
25440.000	0.004
25450.000	0.004
25460.000	0.004
25470.000	0.005
25480.000	0.005
25490.000	0.005
25500.000	0.004
25510.000	0.004
25520.000	0.005
25530.000	0.005
25540.000	0.004
25550.000	0.004
25560.000	0.004
25570.000	0.004
25580.000	0.005
25590.000	0.005
25600.000	0.005
25610.000	0.005
25620.000	0.004
25630.000	0.004
25640.000	0.004
25650.000	0.005
25660.000	0.004
25670.000	0.004
25680.000	0.004
25690.000	0.005
25700.000	0.004
25710.000	0.005
25720.000	0.004
25730.000	0.004
25740.000	0.005
25750.000	0.005
25760.000	0.005
25770.000	0.004
25780.000	0.004
25790.000	0.003
25800.000	0.005
25810.000	0.004
25820.000	0.003
25830.000	0.004
25840.000	0.005
25850.000	0.004
25860.000	0.005
25870.000	0.005
25880.000	0.004
25890.000	0.005
25900.000	0.005
25910.000	0.004
25920.000	0.005
25930.000	0.005
25940.000	0.004
25950.000	0.004
25960.000	0.004
25970.000	0.004
25980.000	0.004
25990.000	0.004
26000.000	0.004
26010.000	0.004
26020.000	0.004
26030.000	0.004
26040.000	0.004
26050.000	0.003
26060.000	0.004
26070.000	0.005
26080.000	0.004
26090.000	0.004
26100.000	0.005
26110.000	0.005
26120.000	0.004
26130.000	0.004
26140.000	0.004
26150.000	0.004
26160.000	0.004
26170.000	0.005
26180.000	0.004
26190.000	0.005
26200.000	0.005
26210.000	0.004
26220.000	0.003
26230.000	0.004
26240.000	0.004
26250.000	0.004
26260.000	0.004
26270.000	0.005
26280.000	0.004
26290.000	0.005
26300.000	0.004
26310.000	0.004
26320.000	0.004
26330.000	0.004
26340.000	0.004
26350.000	0.005
26360.000	0.004
26370.000	0.004
26380.000	0.005
26390.000	0.005
26400.000	0.003
26410.000	0.004
26420.000	0.005
26430.000	0.005
26440.000	0.005
26450.000	0.004
26460.000	0.004
26470.000	0.005
26480.000	0.004
26490.000	0.005
26500.000	0.004
26510.000	0.004
26520.000	0.004
26530.000	0.004
26540.000	0.004
26550.000	0.004
26560.000	0.005
26570.000	0.004
26580.000	0.004
26590.000	0.004
26600.000	0.004
26610.000	0.004
26620.000	0.004
26630.000	0.005
26640.000	0.005
26650.000	0.005
26660.000	0.004
26670.000	0.004
26680.000	0.004
26690.000	0.004
26700.000	0.004
26710.000	0.004
26720.000	0.004
26730.000	0.004
26740.000	0.004
26750.000	0.005
26760.000	0.004
26770.000	0.004
26780.000	0.004
26790.000	0.005
26800.000	0.004
26810.000	0.005
26820.000	0.004
26830.000	0.003
26840.000	0.004
26850.000	0.004
26860.000	0.005
26870.000	0.004
26880.000	0.004
26890.000	0.004
26900.000	0.004
26910.000	0.004
26920.000	0.003
26930.000	0.003
26940.000	0.004
26950.000	0.003
26960.000	0.005
26970.000	0.004
26980.000	0.004
26990.000	0.004
27000.000	0.005
27010.000	0.004
27020.000	0.004
27030.000	0.005
27040.000	0.004
27050.000	0.004
27060.000	0.003
27070.000	0.004
27080.000	0.004
27090.000	0.004
27100.000	0.004
27110.000	0.005
27120.000	0.004
27130.000	0.005
27140.000	0.004
27150.000	0.004
27160.000	0.004
27170.000	0.004
27180.000	0.004
27190.000	0.005
27200.000	0.005
27210.000	0.005
27220.000	0.004
27230.000	0.005
27240.000	0.004
27250.000	0.004
27260.000	0.004
27270.000	0.004
27280.000	0.004
27290.000	0.004
27300.000	0.004
27310.000	0.004
27320.000	0.004
27330.000	0.004
27340.000	0.004
27350.000	0.005
27360.000	0.005
27370.000	0.004
27380.000	0.004
27390.000	0.004
27400.000	0.003
27410.000	0.004
27420.000	0.004
27430.000	0.004
27440.000	0.003
27450.000	0.005
27460.000	0.004
27470.000	0.004
27480.000	0.004
27490.000	0.004
27500.000	0.005
27510.000	0.004
27520.000	0.004
27530.000	0.004
27540.000	0.004
27550.000	0.004
27560.000	0.004
27570.000	0.005
27580.000	0.004
27590.000	0.005
27600.000	0.004
27610.000	0.003
27620.000	0.004
27630.000	0.004
27640.000	0.005
27650.000	0.004
27660.000	0.004
27670.000	0.005
27680.000	0.004
27690.000	0.004
27700.000	0.004
27710.000	0.004
27720.000	0.004
27730.000	0.005
27740.000	0.005
27750.000	0.005
27760.000	0.004
27770.000	0.004
27780.000	0.004
27790.000	0.003
27800.000	0.004
27810.000	0.004
27820.000	0.005
27830.000	0.005
27840.000	0.004
27850.000	0.005
27860.000	0.004
27870.000	0.004
27880.000	0.004
27890.000	0.004
27900.000	0.005
27910.000	0.004
27920.000	0.004
27930.000	0.005
27940.000	0.004
27950.000	0.004
27960.000	0.004
27970.000	0.004
27980.000	0.004
27990.000	0.004
28000.000	0.004
28010.000	0.004
28020.000	0.004
28030.000	0.005
28040.000	0.003
28050.000	0.003
28060.000	0.004
28070.000	0.004
28080.000	0.004
28090.000	0.004
28100.000	0.005
28110.000	0.004
28120.000	0.004
28130.000	0.003
28140.000	0.004
28150.000	0.004
28160.000	0.005
28170.000	0.005
28180.000	0.004
28190.000	0.004
28200.000	0.005
28210.000	0.004
28220.000	0.004
28230.000	0.004
28240.000	0.004
28250.000	0.003
28260.000	0.004
28270.000	0.004
28280.000	0.004
28290.000	0.005
28300.000	0.004
28310.000	0.005
28320.000	0.004
28330.000	0.003
28340.000	0.004
28350.000	0.004
28360.000	0.005
28370.000	0.004
28380.000	0.004
28390.000	0.004
28400.000	0.004
28410.000	0.004
28420.000	0.004
28430.000	0.005
28440.000	0.004
28450.000	0.004
28460.000	0.004
28470.000	0.004
28480.000	0.004
28490.000	0.005
28500.000	0.004
28510.000	0.005
28520.000	0.004
28530.000	0.004
28540.000	0.004
28550.000	0.004
28560.000	0.004
28570.000	0.003
28580.000	0.005
28590.000	0.004
28600.000	0.005
28610.000	0.004
28620.000	0.003
28630.000	0.004
28640.000	0.004
28650.000	0.004
28660.000	0.004
28670.000	0.004
28680.000	0.004
28690.000	0.004
28700.000	0.004
28710.000	0.005
28720.000	0.004
28730.000	0.004
28740.000	0.004
28750.000	0.004
28760.000	0.005
28770.000	0.005
28780.000	0.004
28790.000	0.004
28800.000	0.005
28810.000	0.004
28820.000	0.003
28830.000	0.003
28840.000	0.004
28850.000	0.003
28860.000	0.004
28870.000	0.004
28880.000	0.004
28890.000	0.003
28900.000	0.004
28910.000	0.004
28920.000	0.004
28930.000	0.004
28940.000	0.005
28950.000	0.004
28960.000	0.004
28970.000	0.005
28980.000	0.004
28990.000	0.004
29000.000	0.004
29010.000	0.004
29020.000	0.003
29030.000	0.004
29040.000	0.004
29050.000	0.004
29060.000	0.003
29070.000	0.004
29080.000	0.004
29090.000	0.003
29100.000	0.004
29110.000	0.004
29120.000	0.004
29130.000	0.004
29140.000	0.003
29150.000	0.004
29160.000	0.004
29170.000	0.004
29180.000	0.004
29190.000	0.004
29200.000	0.004
29210.000	0.004
29220.000	0.004
29230.000	0.004
29240.000	0.005
29250.000	0.004
29260.000	0.004
29270.000	0.005
29280.000	0.005
29290.000	0.004
29300.000	0.005
29310.000	0.004
29320.000	0.004
29330.000	0.004
29340.000	0.003
29350.000	0.005
29360.000	0.004
29370.000	0.004
29380.000	0.004
29390.000	0.004
29400.000	0.004
29410.000	0.004
29420.000	0.004
29430.000	0.004
29440.000	0.004
29450.000	0.004
29460.000	0.004
29470.000	0.004
29480.000	0.003
29490.000	0.004
29500.000	0.004
29510.000	0.003
29520.000	0.004
29530.000	0.004
29540.000	0.003
29550.000	0.004
29560.000	0.003
29570.000	0.004
29580.000	0.005
29590.000	0.004
29600.000	0.005
29610.000	0.004
29620.000	0.004
29630.000	0.004
29640.000	0.004
29650.000	0.004
29660.000	0.005
29670.000	0.004
29680.000	0.004
29690.000	0.004
29700.000	0.004
29710.000	0.004
29720.000	0.004
29730.000	0.003
29740.000	0.004
29750.000	0.004
29760.000	0.005
29770.000	0.005
29780.000	0.004
29790.000	0.004
29800.000	0.004
29810.000	0.004
29820.000	0.005
29830.000	0.004
29840.000	0.004
29850.000	0.005
29860.000	0.004
29870.000	0.004
29880.000	0.003
29890.000	0.003
29900.000	0.004
29910.000	0.004
29920.000	0.003
29930.000	0.004
29940.000	0.003
29950.000	0.004
29960.000	0.004
29970.000	0.004
29980.000	0.004
29990.000	0.003
30000.000	0.004
30010.000	0.004
30020.000	0.004
30030.000	0.005
30040.000	0.004
30050.000	0.004
30060.000	0.004
30070.000	0.004
30080.000	0.004
30090.000	0.004
30100.000	0.004
30110.000	0.003
30120.000	0.004
30130.000	0.004
30140.000	0.004
30150.000	0.003
30160.000	0.003
30170.000	0.004
30180.000	0.004
30190.000	0.004
30200.000	0.004
30210.000	0.004
30220.000	0.004
30230.000	0.004
30240.000	0.003
30250.000	0.004
30260.000	0.004
30270.000	0.004
30280.000	0.004
30290.000	0.004
30300.000	0.004
30310.000	0.004
30320.000	0.004
30330.000	0.004
30340.000	0.004
30350.000	0.005
30360.000	0.004
30370.000	0.003
30380.000	0.004
30390.000	0.004
30400.000	0.004
30410.000	0.004
30420.000	0.004
30430.000	0.004
30440.000	0.004
30450.000	0.004
30460.000	0.004
30470.000	0.004
30480.000	0.004
30490.000	0.004
30500.000	0.005
30510.000	0.004
30520.000	0.004
30530.000	0.004
30540.000	0.004
30550.000	0.004
30560.000	0.003
30570.000	0.003
30580.000	0.004
30590.000	0.004
30600.000	0.004
30610.000	0.003
30620.000	0.004
30630.000	0.004
30640.000	0.004
30650.000	0.004
30660.000	0.003
30670.000	0.003
30680.000	0.003
30690.000	0.003
30700.000	0.005
30710.000	0.004
30720.000	0.004
30730.000	0.004
30740.000	0.005
30750.000	0.004
30760.000	0.004
30770.000	0.004
30780.000	0.004
30790.000	0.004
30800.000	0.004
30810.000	0.004
30820.000	0.004
30830.000	0.004
30840.000	0.004
30850.000	0.003
30860.000	0.004
30870.000	0.003
30880.000	0.004
30890.000	0.004
30900.000	0.004
30910.000	0.004
30920.000	0.004
30930.000	0.003
30940.000	0.003
30950.000	0.003
30960.000	0.004
30970.000	0.004
30980.000	0.004
30990.000	0.003
31000.000	0.003
31010.000	0.004
31020.000	0.003
31030.000	0.003
31040.000	0.005
31050.000	0.004
31060.000	0.003
31070.000	0.003
31080.000	0.004
31090.000	0.003
31100.000	0.004
31110.000	0.005
31120.000	0.004
31130.000	0.004
31140.000	0.004
31150.000	0.004
31160.000	0.004
31170.000	0.003
31180.000	0.004
31190.000	0.003
31200.000	0.004
31210.000	0.005
31220.000	0.004
31230.000	0.004
31240.000	0.004
31250.000	0.004
31260.000	0.004
31270.000	0.005
31280.000	0.004
31290.000	0.003
31300.000	0.003
31310.000	0.004
31320.000	0.005
31330.000	0.004
31340.000	0.004
31350.000	0.004
31360.000	0.003
31370.000	0.004
31380.000	0.004
31390.000	0.004
31400.000	0.005
31410.000	0.005
31420.000	0.004
31430.000	0.004
31440.000	0.004
31450.000	0.004
31460.000	0.004
31470.000	0.003
31480.000	0.004
31490.000	0.004
31500.000	0.004
31510.000	0.004
31520.000	0.005
31530.000	0.004
31540.000	0.003
31550.000	0.003
31560.000	0.003
31570.000	0.004
31580.000	0.003
31590.000	0.004
31600.000	0.003
31610.000	0.003
31620.000	0.003
31630.000	0.004
31640.000	0.004
31650.000	0.004
31660.000	0.004
31670.000	0.003
31680.000	0.003
31690.000	0.003
31700.000	0.004
31710.000	0.004
31720.000	0.004
31730.000	0.004
31740.000	0.005
31750.000	0.004
31760.000	0.004
31770.000	0.004
31780.000	0.004
31790.000	0.004
31800.000	0.004
31810.000	0.005
31820.000	0.003
31830.000	0.003
31840.000	0.003
31850.000	0.003
31860.000	0.004
31870.000	0.003
31880.000	0.004
31890.000	0.004
31900.000	0.003
31910.000	0.004
31920.000	0.003
31930.000	0.004
31940.000	0.004
31950.000	0.004
31960.000	0.003
31970.000	0.004
31980.000	0.004
31990.000	0.004
32000.000	0.004
32010.000	0.003
32020.000	0.004
32030.000	0.003
32040.000	0.003
32050.000	0.003
32060.000	0.003
32070.000	0.004
32080.000	0.003
32090.000	0.004
32100.000	0.004
32110.000	0.005
32120.000	0.004
32130.000	0.004
32140.000	0.003
32150.000	0.003
32160.000	0.003
32170.000	0.003
32180.000	0.003
32190.000	0.004
32200.000	0.004
32210.000	0.004
32220.000	0.003
32230.000	0.003
32240.000	0.004
32250.000	0.004
32260.000	0.004
32270.000	0.003
32280.000	0.003
32290.000	0.004
32300.000	0.004
32310.000	0.005
32320.000	0.003
32330.000	0.004
32340.000	0.004
32350.000	0.004
32360.000	0.003
32370.000	0.003
32380.000	0.004
32390.000	0.003
32400.000	0.004
32410.000	0.004
32420.000	0.004
32430.000	0.003
32440.000	0.004
32450.000	0.003
32460.000	0.003
32470.000	0.004
32480.000	0.004
32490.000	0.003
32500.000	0.003
32510.000	0.002
32520.000	0.004
32530.000	0.005
32540.000	0.004
32550.000	0.003
32560.000	0.003
32570.000	0.003
32580.000	0.003
32590.000	0.004
32600.000	0.003
32610.000	0.003
32620.000	0.003
32630.000	0.003
32640.000	0.003
32650.000	0.003
32660.000	0.004
32670.000	0.003
32680.000	0.004
32690.000	0.003
32700.000	0.004
32710.000	0.003
32720.000	0.003
32730.000	0.004
32740.000	0.003
32750.000	0.003
32760.000	0.004
32770.000	0.003
32780.000	0.004
32790.000	0.004
32800.000	0.004
32810.000	0.004
32820.000	0.003
32830.000	0.003
32840.000	0.003
32850.000	0.003
32860.000	0.003
32870.000	0.003
32880.000	0.004
32890.000	0.003
32900.000	0.003
32910.000	0.003
32920.000	0.003
32930.000	0.003
32940.000	0.003
32950.000	0.003
32960.000	0.003
32970.000	0.003
32980.000	0.004
32990.000	0.004
33000.000	0.004
33010.000	0.004
33020.000	0.004
33030.000	0.003
33040.000	0.004
33050.000	0.003
33060.000	0.003
33070.000	0.003
33080.000	0.003
33090.000	0.003
33100.000	0.003
33110.000	0.003
33120.000	0.003
33130.000	0.003
33140.000	0.003
33150.000	0.003
33160.000	0.003
33170.000	0.003
33180.000	0.005
33190.000	0.005
33200.000	0.003
33210.000	0.004
33220.000	0.003
33230.000	0.003
33240.000	0.004
33250.000	0.004
33260.000	0.004
33270.000	0.003
33280.000	0.003
33290.000	0.002
33300.000	0.003
33310.000	0.004
33320.000	0.003
33330.000	0.002
33340.000	0.003
33350.000	0.003
33360.000	0.003
33370.000	0.003
33380.000	0.003
33390.000	0.003
33400.000	0.003
33410.000	0.003
33420.000	0.003
33430.000	0.003
33440.000	0.003
33450.000	0.003
33460.000	0.004
33470.000	0.004
33480.000	0.004
33490.000	0.003
33500.000	0.003
33510.000	0.003
33520.000	0.003
33530.000	0.004
33540.000	0.003
33550.000	0.003
33560.000	0.003
33570.000	0.003
33580.000	0.003
33590.000	0.003
33600.000	0.003
33610.000	0.003
33620.000	0.004
33630.000	0.003
33640.000	0.003
33650.000	0.003
33660.000	0.003
33670.000	0.003
33680.000	0.003
33690.000	0.003
33700.000	0.003
33710.000	0.003
33720.000	0.003
33730.000	0.003
33740.000	0.002
33750.000	0.003
33760.000	0.003
33770.000	0.003
33780.000	0.003
33790.000	0.003
33800.000	0.003
33810.000	0.003
33820.000	0.002
33830.000	0.003
33840.000	0.003
33850.000	0.003
33860.000	0.003
33870.000	0.002
33880.000	0.003
33890.000	0.003
33900.000	0.002
33910.000	0.002
33920.000	0.003
33930.000	0.003
33940.000	0.004
33950.000	0.003
33960.000	0.003
33970.000	0.002
33980.000	0.003
33990.000	0.003
34000.000	0.003
34010.000	0.003
34020.000	0.002
34030.000	0.003
34040.000	0.003
34050.000	0.003
34060.000	0.003
34070.000	0.002
34080.000	0.003
34090.000	0.003
34100.000	0.002
34110.000	0.002
34120.000	0.002
34130.000	0.002
34140.000	0.003
34150.000	0.003
34160.000	0.003
34170.000	0.002
34180.000	0.002
34190.000	0.003
34200.000	0.003
34210.000	0.003
34220.000	0.003
34230.000	0.003
34240.000	0.003
34250.000	0.003
34260.000	0.002
34270.000	0.002
34280.000	0.002
34290.000	0.002
34300.000	0.002
34310.000	0.003
34320.000	0.003
34330.000	0.003
34340.000	0.003
34350.000	0.003
34360.000	0.002
34370.000	0.004
34380.000	0.003
34390.000	0.003
34400.000	0.003
34410.000	0.003
34420.000	0.003
34430.000	0.003
34440.000	0.002
34450.000	0.002
34460.000	0.002
34470.000	0.002
34480.000	0.002
34490.000	0.003
34500.000	0.003
34510.000	0.003
34520.000	0.002
34530.000	0.003
34540.000	0.002
34550.000	0.003
34560.000	0.003
34570.000	0.002
34580.000	0.002
34590.000	0.002
34600.000	0.003
34610.000	0.003
34620.000	0.002
34630.000	0.003
34640.000	0.003
34650.000	0.003
34660.000	0.002
34670.000	0.002
34680.000	0.002
34690.000	0.002
34700.000	0.003
34710.000	0.003
34720.000	0.002
34730.000	0.002
34740.000	0.002
34750.000	0.002
34760.000	0.003
34770.000	0.002
34780.000	0.002
34790.000	0.002
34800.000	0.003
34810.000	0.003
34820.000	0.002
34830.000	0.002
34840.000	0.002
34850.000	0.003
34860.000	0.002
34870.000	0.002
34880.000	0.002
34890.000	0.002
34900.000	0.003
34910.000	0.002
34920.000	0.002
34930.000	0.002
34940.000	0.002
34950.000	0.003
34960.000	0.002
34970.000	0.002
34980.000	0.003
34990.000	0.003
35000.000	0.003
35010.000	0.002
35020.000	0.002
35030.000	0.002
35040.000	0.002
35050.000	0.003
35060.000	0.002
35070.000	0.002
35080.000	0.002
35090.000	0.002
35100.000	0.002
35110.000	0.002
35120.000	0.002
35130.000	0.002
35140.000	0.002
35150.000	0.002
35160.000	0.002
35170.000	0.002
35180.000	0.002
35190.000	0.002
35200.000	0.002
35210.000	0.001
35220.000	0.002
35230.000	0.002
35240.000	0.002
35250.000	0.002
35260.000	0.002
35270.000	0.002
35280.000	0.002
35290.000	0.002
35300.000	0.002
35310.000	0.002
35320.000	0.002
35330.000	0.002
35340.000	0.002
35350.000	0.002
35360.000	0.002
35370.000	0.002
35380.000	0.002
35390.000	0.002
35400.000	0.002
35410.000	0.002
35420.000	0.002
35430.000	0.002
35440.000	0.002
35450.000	0.002
35460.000	0.002
35470.000	0.002
35480.000	0.002
35490.000	0.002
35500.000	0.002
35510.000	0.002
35520.000	0.002
35530.000	0.003
35540.000	0.002
35550.000	0.002
35560.000	0.002
35570.000	0.002
35580.000	0.002
35590.000	0.003
35600.000	0.002
35610.000	0.003
35620.000	0.002
35630.000	0.002
35640.000	0.002
35650.000	0.002
35660.000	0.002
35670.000	0.002
35680.000	0.002
35690.000	0.002
35700.000	0.002
35710.000	0.002
35720.000	0.002
35730.000	0.002
35740.000	0.002
35750.000	0.002
35760.000	0.002
35770.000	0.002
35780.000	0.001
35790.000	0.002
35800.000	0.002
35810.000	0.002
35820.000	0.002
35830.000	0.002
35840.000	0.002
35850.000	0.002
35860.000	0.002
35870.000	0.002
35880.000	0.002
35890.000	0.002
35900.000	0.001
35910.000	0.001
35920.000	0.001
35930.000	0.002
35940.000	0.002
35950.000	0.002
35960.000	0.001
35970.000	0.001
35980.000	0.002
35990.000	0.002
36000.000	0.002
36010.000	0.002
36020.000	0.002
36030.000	0.002
36040.000	0.002
36050.000	0.002
36060.000	0.001
36070.000	0.002
36080.000	0.002
36090.000	0.002
36100.000	0.002
36110.000	0.002
36120.000	0.002
36130.000	0.002
36140.000	0.001
36150.000	0.002
36160.000	0.002
36170.000	0.001
36180.000	0.001
36190.000	0.002
36200.000	0.001
36210.000	0.002
36220.000	0.001
36230.000	0.002
36240.000	0.002
36250.000	0.002
36260.000	0.002
36270.000	0.002
36280.000	0.002
36290.000	0.002
36300.000	0.002
36310.000	0.002
36320.000	0.002
36330.000	0.001
36340.000	0.001
36350.000	0.002
36360.000	0.002
36370.000	0.002
36380.000	0.002
36390.000	0.002
36400.000	0.002
36410.000	0.002
36420.000	0.002
36430.000	0.002
36440.000	0.002
36450.000	0.002
36460.000	0.001
36470.000	0.002
36480.000	0.002
36490.000	0.002
36500.000	0.002
36510.000	0.002
36520.000	0.002
36530.000	0.002
36540.000	0.002
36550.000	0.001
36560.000	0.002
36570.000	0.002
36580.000	0.002
36590.000	0.002
36600.000	0.002
36610.000	0.002
36620.000	0.002
36630.000	0.001
36640.000	0.001
36650.000	0.001
36660.000	0.002
36670.000	0.002
36680.000	0.002
36690.000	0.002
36700.000	0.001
36710.000	0.001
36720.000	0.002
36730.000	0.001
36740.000	0.002
36750.000	0.002
36760.000	0.001
36770.000	0.002
36780.000	0.001
36790.000	0.001
36800.000	0.002
36810.000	0.001
36820.000	0.001
36830.000	0.001
36840.000	0.001
36850.000	0.002
36860.000	0.002
36870.000	0.002
36880.000	0.002
36890.000	0.002
36900.000	0.002
36910.000	0.002
36920.000	0.002
36930.000	0.001
36940.000	0.002
36950.000	0.001
36960.000	0.001
36970.000	0.002
36980.000	0.002
36990.000	0.002
37000.000	0.001
37010.000	0.002
37020.000	0.002
37030.000	0.001
37040.000	0.001
37050.000	0.001
37060.000	0.001
37070.000	0.002
37080.000	0.001
37090.000	0.002
37100.000	0.002
37110.000	0.002
37120.000	0.002
37130.000	0.001
37140.000	0.002
37150.000	0.002
37160.000	0.001
37170.000	0.000
37180.000	0.001
37190.000	0.002
37200.000	0.001
37210.000	0.002
37220.000	0.002
37230.000	0.001
37240.000	0.001
37250.000	0.001
37260.000	0.002
37270.000	0.002
37280.000	0.001
37290.000	0.001
37300.000	0.003
37310.000	0.002
37320.000	0.001
37330.000	0.002
37340.000	0.002
37350.000	0.002
37360.000	0.002
37370.000	0.001
37380.000	0.001
37390.000	0.002
37400.000	0.002
37410.000	0.001
37420.000	0.002
37430.000	0.002
37440.000	0.002
37450.000	0.002
37460.000	0.002
37470.000	0.002
37480.000	0.001
37490.000	0.002
37500.000	0.002
37510.000	0.001
37520.000	0.001
37530.000	0.001
37540.000	0.001
37550.000	0.000
37560.000	0.002
37570.000	0.001
37580.000	0.001
37590.000	0.002
37600.000	0.001
37610.000	0.001
37620.000	0.002
37630.000	0.002
37640.000	0.002
37650.000	0.002
37660.000	0.002
37670.000	0.002
37680.000	0.001
37690.000	0.001
37700.000	0.002
37710.000	0.001
37720.000	0.001
37730.000	0.002
37740.000	0.002
37750.000	0.002
37760.000	0.002
37770.000	0.001
37780.000	0.001
37790.000	0.001
37800.000	0.001
37810.000	0.002
37820.000	0.002
37830.000	0.002
37840.000	0.001
37850.000	0.002
37860.000	0.001
37870.000	0.001
37880.000	0.001
37890.000	0.002
37900.000	0.001
37910.000	0.002
37920.000	0.001
37930.000	0.002
37940.000	0.001
37950.000	0.001
37960.000	0.001
37970.000	0.001
37980.000	0.000
37990.000	0.001
38000.000	0.000
38010.000	0.001
38020.000	0.001
38030.000	0.001
38040.000	0.001
38050.000	0.001
38060.000	0.001
38070.000	0.001
38080.000	0.001
38090.000	0.001
38100.000	0.001
38110.000	0.001
38120.000	0.002
38130.000	0.001
38140.000	0.002
38150.000	0.001
38160.000	0.001
38170.000	0.002
38180.000	0.001
38190.000	0.001
38200.000	0.002
38210.000	0.002
38220.000	0.001
38230.000	0.001
38240.000	0.002
38250.000	0.001
38260.000	0.000
38270.000	0.001
38280.000	0.001
38290.000	0.001
38300.000	0.001
38310.000	0.001
38320.000	0.001
38330.000	0.001
38340.000	0.001
38350.000	0.001
38360.000	0.001
38370.000	0.001
38380.000	0.001
38390.000	0.002
38400.000	0.001
38410.000	0.001
38420.000	0.001
38430.000	0.001
38440.000	0.001
38450.000	0.000
38460.000	0.001
38470.000	0.001
38480.000	0.000
38490.000	0.001
38500.000	0.001
38510.000	0.001
38520.000	0.001
38530.000	0.001
38540.000	0.002
38550.000	0.001
38560.000	0.001
38570.000	0.001
38580.000	0.001
38590.000	0.001
38600.000	0.001
38610.000	0.001
38620.000	0.001
38630.000	0.001
38640.000	0.001
38650.000	0.001
38660.000	0.001
38670.000	0.001
38680.000	0.001
38690.000	0.001
38700.000	0.002
38710.000	0.001
38720.000	0.001
38730.000	0.001
38740.000	0.001
38750.000	0.001
38760.000	0.002
38770.000	0.002
38780.000	0.002
38790.000	0.001
38800.000	0.001
38810.000	0.001
38820.000	0.001
38830.000	0.002
38840.000	0.001
38850.000	0.001
38860.000	0.001
38870.000	0.001
38880.000	0.001
38890.000	0.002
38900.000	0.001
38910.000	0.001
38920.000	0.001
38930.000	0.001
38940.000	0.000
38950.000	0.001
38960.000	0.001
38970.000	0.001
38980.000	0.001
38990.000	0.001
39000.000	0.002
39010.000	0.001
39020.000	0.001
39030.000	0.001
39040.000	0.001
39050.000	0.001
39060.000	0.001
39070.000	0.002
39080.000	0.001
39090.000	0.002
39100.000	0.001
39110.000	0.002
39120.000	0.001
39130.000	0.002
39140.000	0.002
39150.000	0.001
39160.000	0.002
39170.000	0.001
39180.000	0.000
39190.000	0.001
39200.000	0.001
39210.000	0.001
39220.000	0.001
39230.000	0.001
39240.000	0.002
39250.000	0.001
39260.000	0.000
39270.000	0.001
39280.000	0.001
39290.000	0.001
39300.000	0.001
39310.000	0.001
39320.000	0.001
39330.000	0.001
39340.000	0.001
39350.000	0.001
39360.000	0.001
39370.000	0.001
39380.000	0.001
39390.000	0.001
39400.000	0.001
39410.000	0.001
39420.000	0.001
39430.000	0.001
39440.000	0.001
39450.000	0.001
39460.000	0.001
39470.000	0.001
39480.000	0.001
39490.000	0.001
39500.000	0.001
39510.000	0.002
39520.000	0.001
39530.000	0.001
39540.000	0.001
39550.000	0.001
39560.000	0.001
39570.000	0.001
39580.000	0.001
39590.000	0.001
39600.000	0.002
39610.000	0.002
39620.000	0.001
39630.000	0.001
39640.000	0.001
39650.000	0.001
39660.000	0.001
39670.000	0.000
39680.000	0.000
39690.000	0.001
39700.000	0.001
39710.000	0.002
39720.000	0.001
39730.000	0.001
39740.000	0.001
39750.000	0.001
39760.000	0.001
39770.000	0.001
39780.000	0.001
39790.000	0.001
39800.000	0.001
39810.000	0.001
39820.000	0.001
39830.000	0.002
39840.000	0.001
39850.000	0.002
39860.000	0.001
39870.000	0.002
39880.000	0.001
39890.000	0.001
39900.000	0.001
39910.000	0.000
39920.000	0.001
39930.000	0.000
39940.000	0.001
39950.000	0.002
39960.000	0.001
39970.000	0.001
39980.000	0.001
39990.000	0.001
40000.000	0.001
40010.000	0.001
40020.000	0.001
40030.000	0.001
40040.000	0.001
40050.000	0.002
40060.000	0.001
40070.000	0.001
40080.000	0.002
40090.000	0.002
40100.000	0.001
40110.000	0.001
40120.000	0.001
40130.000	0.001
40140.000	0.001
40150.000	0.001
40160.000	0.001
40170.000	0.000
40180.000	0.001
40190.000	0.001
40200.000	0.001
40210.000	0.002
40220.000	0.002
40230.000	0.001
40240.000	0.001
40250.000	0.001
40260.000	0.001
40270.000	0.001
40280.000	0.001
40290.000	0.001
40300.000	0.001
40310.000	0.001
40320.000	0.001
40330.000	0.001
40340.000	0.001
40350.000	0.000
40360.000	0.000
40370.000	0.001
40380.000	0.002
40390.000	0.001
40400.000	0.001
40410.000	0.002
40420.000	0.002
40430.000	0.001
40440.000	0.001
40450.000	0.001
40460.000	0.000
40470.000	0.001
40480.000	0.001
40490.000	0.001
40500.000	0.001
40510.000	0.002
40520.000	0.001
40530.000	0.001
40540.000	0.001
40550.000	0.001
40560.000	0.001
40570.000	0.002
40580.000	0.001
40590.000	0.001
40600.000	0.001
40610.000	0.000
40620.000	0.000
40630.000	0.002
40640.000	0.001
40650.000	0.002
40660.000	0.001
40670.000	0.001
40680.000	0.001
40690.000	0.001
40700.000	0.001
40710.000	0.000
40720.000	0.001
40730.000	0.001
40740.000	0.000
40750.000	0.001
40760.000	0.001
40770.000	0.001
40780.000	0.001
40790.000	0.001
40800.000	0.001
40810.000	0.001
40820.000	0.001
40830.000	0.001
40840.000	0.002
40850.000	0.001
40860.000	0.002
40870.000	0.001
40880.000	0.001
40890.000	0.001
40900.000	0.001
40910.000	0.001
40920.000	0.001
40930.000	0.001
40940.000	0.001
40950.000	0.001
40960.000	0.001
40970.000	0.001
40980.000	0.001
40990.000	0.001
41000.000	0.001
41010.000	0.001
41020.000	0.001
41030.000	0.001
41040.000	0.000
41050.000	0.000
41060.000	0.001
41070.000	0.000
41080.000	0.001
41090.000	0.001
41100.000	0.001
41110.000	0.001
41120.000	0.001
41130.000	0.001
41140.000	0.001
41150.000	0.000
41160.000	0.000
41170.000	0.000
41180.000	0.001
41190.000	0.001
41200.000	0.001
41210.000	0.001
41220.000	0.001
41230.000	0.000
41240.000	0.001
41250.000	0.000
41260.000	0.001
41270.000	0.001
41280.000	0.001
41290.000	0.002
41300.000	0.000
41310.000	0.000
41320.000	0.001
41330.000	0.001
41340.000	0.001
41350.000	0.001
41360.000	0.002
41370.000	0.001
41380.000	0.000
41390.000	0.001
41400.000	0.001
41410.000	0.001
41420.000	0.000
41430.000	0.001
41440.000	0.001
41450.000	0.001
41460.000	0.001
41470.000	0.001
41480.000	0.001
41490.000	0.001
41500.000	0.001
41510.000	0.001
41520.000	0.001
41530.000	0.001
41540.000	0.001
41550.000	0.001
41560.000	0.001
41570.000	0.001
41580.000	0.001
41590.000	0.001
41600.000	0.000
41610.000	0.001
41620.000	0.001
41630.000	0.001
41640.000	0.001
41650.000	0.002
41660.000	0.002
41670.000	0.001
41680.000	0.001
41690.000	0.001
41700.000	0.001
41710.000	0.001
41720.000	0.001
41730.000	0.001
41740.000	0.001
41750.000	0.001
41760.000	0.001
41770.000	0.002
41780.000	0.001
41790.000	0.001
41800.000	0.001
41810.000	0.001
41820.000	0.001
41830.000	0.001
41840.000	0.000
41850.000	0.001
41860.000	0.001
41870.000	0.001
41880.000	0.001
41890.000	0.000
41900.000	0.000
41910.000	0.000
41920.000	0.001
41930.000	0.001
41940.000	0.001
41950.000	0.002
41960.000	0.002
41970.000	0.001
41980.000	0.001
41990.000	0.001
42000.000	0.001
42010.000	0.002
42020.000	0.001
42030.000	0.001
42040.000	0.001
42050.000	0.001
42060.000	0.001
42070.000	0.001
42080.000	0.001
42090.000	0.001
42100.000	0.000
42110.000	0.001
42120.000	0.001
42130.000	0.001
42140.000	0.001
42150.000	0.001
42160.000	0.002
42170.000	0.001
42180.000	0.001
42190.000	0.001
42200.000	0.001
42210.000	0.001
42220.000	0.001
42230.000	0.001
42240.000	0.001
42250.000	0.001
42260.000	0.001
42270.000	0.000
42280.000	0.000
42290.000	0.001
42300.000	0.001
42310.000	0.001
42320.000	0.000
42330.000	0.000
42340.000	0.000
42350.000	0.001
42360.000	0.001
42370.000	0.001
42380.000	0.001
42390.000	0.002
42400.000	0.001
42410.000	0.001
42420.000	0.001
42430.000	0.001
42440.000	0.000
42450.000	0.001
42460.000	0.001
42470.000	0.001
42480.000	0.002
42490.000	0.001
42500.000	0.001
42510.000	0.002
42520.000	0.001
42530.000	0.002
42540.000	0.001
42550.000	0.001
42560.000	0.001
42570.000	0.000
42580.000	0.001
42590.000	0.000
42600.000	0.001
42610.000	0.001
42620.000	0.001
42630.000	0.001
42640.000	0.001
42650.000	0.001
42660.000	0.001
42670.000	0.001
42680.000	0.002
42690.000	0.000
42700.000	0.000
42710.000	0.001
42720.000	0.001
42730.000	-0.000
42740.000	0.001
42750.000	0.001
42760.000	0.001
42770.000	0.001
42780.000	0.001
42790.000	0.000
42800.000	0.002
42810.000	0.001
42820.000	0.001
42830.000	0.002
42840.000	0.001
42850.000	0.001
42860.000	0.001
42870.000	0.001
42880.000	0.001
42890.000	0.001
42900.000	0.001
42910.000	0.000
42920.000	0.000
42930.000	0.000
42940.000	0.001
42950.000	0.001
42960.000	0.001
42970.000	0.001
42980.000	0.001
42990.000	0.001
43000.000	0.001
43010.000	0.001
43020.000	0.001
43030.000	0.001
43040.000	0.001
43050.000	0.001
43060.000	0.002
43070.000	0.002
43080.000	0.001
43090.000	0.001
43100.000	0.001
43110.000	0.002
43120.000	0.001
43130.000	0.001
43140.000	0.001
43150.000	0.001
43160.000	0.001
43170.000	0.001
43180.000	0.001
43190.000	0.001
43200.000	0.002
43210.000	0.001
43220.000	0.002
43230.000	0.002
43240.000	0.001
43250.000	0.001
43260.000	0.001
43270.000	0.001
43280.000	0.001
43290.000	0.001
43300.000	0.001
43310.000	0.000
43320.000	0.001
43330.000	0.001
43340.000	0.001
43350.000	0.001
43360.000	0.001
43370.000	0.001
43380.000	0.001
43390.000	0.000
43400.000	0.001
43410.000	0.001
43420.000	0.001
43430.000	0.002
43440.000	0.001
43450.000	0.002
43460.000	0.001
43470.000	0.001
43480.000	0.001
43490.000	0.001
43500.000	0.001
43510.000	0.001
43520.000	0.001
43530.000	0.001
43540.000	0.002
43550.000	0.001
43560.000	0.001
43570.000	0.001
43580.000	0.000
43590.000	0.001
43600.000	0.001
43610.000	0.001
43620.000	0.002
43630.000	0.002
43640.000	0.001
43650.000	0.001
43660.000	0.001
43670.000	0.001
43680.000	0.001
43690.000	0.001
43700.000	0.001
43710.000	0.001
43720.000	0.001
43730.000	0.001
43740.000	0.001
43750.000	0.001
43760.000	0.001
43770.000	0.001
43780.000	0.001
43790.000	0.001
43800.000	0.001
43810.000	0.001
43820.000	0.001
43830.000	0.002
43840.000	0.001
43850.000	0.001
43860.000	0.001
43870.000	0.001
43880.000	0.001
43890.000	0.001
43900.000	0.001
43910.000	0.001
43920.000	0.001
43930.000	0.001
43940.000	0.001
43950.000	0.001
43960.000	0.001
43970.000	0.001
43980.000	0.002
43990.000	0.000
44000.000	0.001
44010.000	0.000
44020.000	0.001
44030.000	0.001
44040.000	0.002
44050.000	0.001
44060.000	0.001
44070.000	0.001
44080.000	0.002
44090.000	0.002
44100.000	0.001
44110.000	0.002
44120.000	0.001
44130.000	0.001
44140.000	0.001
44150.000	0.001
44160.000	0.000
44170.000	0.000
44180.000	0.001
44190.000	0.000
44200.000	0.001
44210.000	0.001
44220.000	0.001
44230.000	0.001
44240.000	0.001
44250.000	0.001
44260.000	0.001
44270.000	0.000
44280.000	0.000
44290.000	0.000
44300.000	0.000
44310.000	0.001
44320.000	0.001
44330.000	0.001
44340.000	0.001
44350.000	0.001
44360.000	0.001
44370.000	0.001
44380.000	0.001
44390.000	0.001
44400.000	0.001
44410.000	0.001
44420.000	0.001
44430.000	0.001
44440.000	0.001
44450.000	0.001
44460.000	0.001
44470.000	0.001
44480.000	0.002
44490.000	0.001
44500.000	0.002
44510.000	0.001
44520.000	0.001
44530.000	0.002
44540.000	0.001
44550.000	0.000
44560.000	0.001
44570.000	0.001
44580.000	0.001
44590.000	0.001
44600.000	0.001
44610.000	0.001
44620.000	0.001
44630.000	0.001
44640.000	0.001
44650.000	0.002
44660.000	0.001
44670.000	0.001
44680.000	0.001
44690.000	0.001
44700.000	0.001
44710.000	0.001
44720.000	0.001
44730.000	0.001
44740.000	0.002
44750.000	0.001
44760.000	0.001
44770.000	0.001
44780.000	0.001
44790.000	0.001
44800.000	0.001
44810.000	0.001
44820.000	0.001
44830.000	0.001
44840.000	0.002
44850.000	0.001
44860.000	0.001
44870.000	0.001
44880.000	0.001
44890.000	0.001
44900.000	0.002
44910.000	0.001
44920.000	0.001
44930.000	0.001
44940.000	0.002
44950.000	0.002
44960.000	0.001
44970.000	0.001
44980.000	0.001
44990.000	0.002
45000.000	0.002
45010.000	0.001
45020.000	0.001
45030.000	0.000
45040.000	0.001
45050.000	0.001
45060.000	0.001
45070.000	0.001
45080.000	0.001
45090.000	0.001
45100.000	0.000
45110.000	0.000
45120.000	0.001
45130.000	0.001
45140.000	0.001
45150.000	0.001
45160.000	0.001
45170.000	0.001
45180.000	0.001
45190.000	0.001
45200.000	0.001
45210.000	0.001
45220.000	0.002
45230.000	0.001
45240.000	0.001
45250.000	0.001
45260.000	0.002
45270.000	0.001
45280.000	0.001
45290.000	0.001
45300.000	0.001
45310.000	0.001
45320.000	0.000
45330.000	0.001
45340.000	0.001
45350.000	0.000
45360.000	0.001
45370.000	0.001
45380.000	0.001
45390.000	0.001
45400.000	0.001
45410.000	0.001
45420.000	0.001
45430.000	0.001
45440.000	0.001
45450.000	0.001
45460.000	0.001
45470.000	0.001
45480.000	0.001
45490.000	0.001
45500.000	0.001
45510.000	0.001
45520.000	0.001
45530.000	0.001
45540.000	0.001
45550.000	0.001
45560.000	0.001
45570.000	0.001
45580.000	0.001
45590.000	0.002
45600.000	0.001
45610.000	0.001
45620.000	0.001
45630.000	0.002
45640.000	0.001
45650.000	0.001
45660.000	0.000
45670.000	0.001
45680.000	0.001
45690.000	0.001
45700.000	0.001
45710.000	0.000
45720.000	0.000
45730.000	0.000
45740.000	0.001
45750.000	0.001
45760.000	0.001
45770.000	0.001
45780.000	0.001
45790.000	0.001
45800.000	0.001
45810.000	0.001
45820.000	0.001
45830.000	0.001
45840.000	0.000
45850.000	-0.000
45860.000	0.001
45870.000	0.001
45880.000	0.001
45890.000	0.002
45900.000	0.001
45910.000	0.002
45920.000	0.001
45930.000	0.001
45940.000	0.001
45950.000	0.001
45960.000	0.001
45970.000	0.000
45980.000	0.000
45990.000	0.000
46000.000	0.001
46010.000	0.000
46020.000	0.001
46030.000	0.001
46040.000	0.001
46050.000	0.001
46060.000	0.001
46070.000	0.001
46080.000	0.001
46090.000	0.001
46100.000	0.001
46110.000	0.001
46120.000	0.001
46130.000	0.001
46140.000	0.002
46150.000	0.001
46160.000	0.001
46170.000	0.000
46180.000	0.001
46190.000	0.001
46200.000	0.002
46210.000	0.001
46220.000	0.001
46230.000	0.001
46240.000	0.001
46250.000	0.001
46260.000	0.001
46270.000	0.001
46280.000	0.000
46290.000	0.001
46300.000	0.001
46310.000	0.001
46320.000	0.001
46330.000	0.001
46340.000	0.001
46350.000	0.001
46360.000	0.001
46370.000	0.001
46380.000	0.001
46390.000	0.001
46400.000	0.001
46410.000	0.001
46420.000	0.001
46430.000	0.001
46440.000	0.001
46450.000	0.000
46460.000	0.001
46470.000	0.000
46480.000	0.001
46490.000	0.001
46500.000	0.001
46510.000	0.001
46520.000	0.001
46530.000	0.001
46540.000	0.001
46550.000	0.001
46560.000	0.001
46570.000	0.001
46580.000	0.001
46590.000	0.001
46600.000	0.001
46610.000	0.001
46620.000	0.001
46630.000	0.001
46640.000	0.001
46650.000	0.001
46660.000	0.001
46670.000	0.001
46680.000	0.001
46690.000	0.000
46700.000	0.001
46710.000	0.000
46720.000	0.001
46730.000	0.001
46740.000	0.001
46750.000	0.002
46760.000	0.001
46770.000	0.002
46780.000	0.001
46790.000	0.001
46800.000	-0.000
46810.000	0.001
46820.000	0.002
46830.000	0.002
46840.000	0.001
46850.000	0.001
46860.000	0.001
46870.000	0.001
46880.000	0.001
46890.000	0.001
46900.000	0.001
46910.000	0.001
46920.000	0.001
46930.000	0.001
46940.000	0.001
46950.000	0.001
46960.000	0.001
46970.000	0.001
46980.000	0.002
46990.000	0.001
47000.000	0.001
47010.000	0.000
47020.000	0.001
47030.000	0.001
47040.000	0.001
47050.000	0.001
47060.000	0.001
47070.000	0.002
47080.000	0.001
47090.000	0.001
47100.000	0.001
47110.000	0.001
47120.000	0.001
47130.000	0.001
47140.000	0.001
47150.000	0.001
47160.000	0.001
47170.000	0.001
47180.000	0.001
47190.000	0.000
47200.000	0.001
47210.000	0.002
47220.000	0.001
47230.000	0.001
47240.000	0.001
47250.000	0.002
47260.000	0.001
47270.000	0.001
47280.000	0.001
47290.000	0.001
47300.000	0.001
47310.000	0.001
47320.000	0.001
47330.000	0.001
47340.000	0.000
47350.000	0.001
47360.000	0.000
47370.000	0.001
47380.000	0.002
47390.000	0.001
47400.000	0.001
47410.000	0.002
47420.000	0.001
47430.000	0.001
47440.000	0.001
47450.000	0.000
47460.000	0.001
47470.000	0.001
47480.000	0.001
47490.000	0.000
47500.000	0.000
47510.000	0.002
47520.000	0.001
47530.000	0.001
47540.000	0.001
47550.000	0.001
47560.000	0.001
47570.000	0.001
47580.000	0.001
47590.000	0.001
47600.000	0.001
47610.000	0.001
47620.000	0.001
47630.000	0.001
47640.000	0.001
47650.000	0.001
47660.000	0.001
47670.000	0.001
47680.000	0.001
47690.000	0.001
47700.000	0.001
47710.000	0.001
47720.000	0.000
47730.000	0.001
47740.000	0.001
47750.000	0.001
47760.000	0.001
47770.000	0.001
47780.000	0.001
47790.000	0.000
47800.000	0.000
47810.000	0.000
47820.000	0.001
47830.000	0.001
47840.000	0.000
47850.000	0.001
47860.000	0.001
47870.000	0.001
47880.000	0.000
47890.000	0.000
47900.000	0.001
47910.000	0.000
47920.000	0.001
47930.000	0.001
47940.000	0.000
47950.000	0.001
47960.000	0.000
47970.000	0.000
47980.000	0.001
47990.000	0.001
48000.000	0.001
48010.000	0.000
48020.000	0.001
48030.000	0.000
48040.000	0.001
48050.000	0.001
48060.000	0.001
48070.000	0.001
48080.000	0.001
48090.000	0.002
48100.000	0.001
48110.000	0.000
48120.000	0.001
48130.000	0.001
48140.000	0.001
48150.000	0.001
48160.000	0.000
48170.000	0.001
48180.000	0.000
48190.000	0.001
48200.000	0.001
48210.000	0.001
48220.000	0.001
48230.000	0.001
48240.000	0.001
48250.000	0.002
48260.000	0.001
48270.000	0.001
48280.000	0.000
48290.000	0.001
48300.000	0.001
48310.000	0.001
48320.000	0.001
48330.000	0.000
48340.000	0.001
48350.000	0.001
48360.000	0.001
48370.000	0.001
48380.000	0.001
48390.000	0.001
48400.000	0.001
48410.000	0.000
48420.000	0.000
48430.000	0.001
48440.000	0.001
48450.000	0.001
48460.000	0.001
48470.000	0.001
48480.000	0.001
48490.000	0.000
48498.000	0.000
