10.000	0.028
20.000	0.027
30.000	0.027
40.000	0.029
50.000	0.028
60.000	0.031
70.000	0.027
80.000	0.028
90.000	0.027
100.000	0.029
110.000	0.028
120.000	0.030
130.000	0.029
140.000	0.031
150.000	0.030
160.000	0.029
170.000	0.030
180.000	0.030
190.000	0.029
200.000	0.029
210.000	0.029
220.000	0.028
230.000	0.029
240.000	0.030
250.000	0.031
260.000	0.032
270.000	0.030
280.000	0.031
290.000	0.031
300.000	0.031
310.000	0.030
320.000	0.031
330.000	0.030
340.000	0.031
350.000	0.032
360.000	0.030
370.000	0.031
380.000	0.030
390.000	0.032
400.000	0.032
410.000	0.031
420.000	0.031
430.000	0.032
440.000	0.033
450.000	0.033
460.000	0.032
470.000	0.032
480.000	0.033
490.000	0.033
500.000	0.034
510.000	0.033
520.000	0.032
530.000	0.032
540.000	0.033
550.000	0.033
560.000	0.033
570.000	0.033
580.000	0.033
590.000	0.034
600.000	0.035
610.000	0.035
620.000	0.036
630.000	0.033
640.000	0.034
650.000	0.035
660.000	0.036
670.000	0.038
680.000	0.037
690.000	0.036
700.000	0.035
710.000	0.034
720.000	0.034
730.000	0.035
740.000	0.036
750.000	0.035
760.000	0.035
770.000	0.035
780.000	0.034
790.000	0.034
800.000	0.034
810.000	0.034
820.000	0.035
830.000	0.035
840.000	0.035
850.000	0.035
860.000	0.035
870.000	0.035
880.000	0.035
890.000	0.034
900.000	0.035
910.000	0.037
920.000	0.036
930.000	0.034
940.000	0.036
950.000	0.036
960.000	0.036
970.000	0.037
980.000	0.037
990.000	0.037
1000.000	0.037
1010.000	0.039
1020.000	0.037
1030.000	0.036
1040.000	0.037
1050.000	0.038
1060.000	0.037
1070.000	0.037
1080.000	0.036
1090.000	0.037
1100.000	0.037
1110.000	0.036
1120.000	0.036
1130.000	0.037
1140.000	0.037
1150.000	0.037
1160.000	0.037
1170.000	0.038
1180.000	0.038
1190.000	0.038
1200.000	0.037
1210.000	0.037
1220.000	0.039
1230.000	0.039
1240.000	0.039
1250.000	0.039
1260.000	0.040
1270.000	0.039
1280.000	0.039
1290.000	0.040
1300.000	0.039
1310.000	0.038
1320.000	0.038
1330.000	0.037
1340.000	0.038
1350.000	0.039
1360.000	0.037
1370.000	0.038
1380.000	0.038
1390.000	0.036
1400.000	0.039
1410.000	0.039
1420.000	0.037
1430.000	0.038
1440.000	0.040
1450.000	0.041
1460.000	0.041
1470.000	0.040
1480.000	0.040
1490.000	0.041
1500.000	0.041
1510.000	0.039
1520.000	0.038
1530.000	0.038
1540.000	0.040
1550.000	0.040
1560.000	0.039
1570.000	0.040
1580.000	0.039
1590.000	0.041
1600.000	0.041
1610.000	0.041
1620.000	0.040
1630.000	0.038
1640.000	0.039
1650.000	0.042
1660.000	0.042
1670.000	0.043
1680.000	0.042
1690.000	0.042
1700.000	0.041
1710.000	0.040
1720.000	0.041
1730.000	0.040
1740.000	0.041
1750.000	0.041
1760.000	0.041
1770.000	0.042
1780.000	0.041
1790.000	0.043
1800.000	0.043
1810.000	0.042
1820.000	0.042
1830.000	0.042
1840.000	0.042
1850.000	0.043
1860.000	0.043
1870.000	0.042
1880.000	0.042
1890.000	0.044
1900.000	0.044
1910.000	0.043
1920.000	0.042
1930.000	0.042
1940.000	0.041
1950.000	0.042
1960.000	0.044
1970.000	0.044
1980.000	0.043
1990.000	0.042
2000.000	0.043
2010.000	0.043
2020.000	0.043
2030.000	0.044
2040.000	0.043
2050.000	0.044
2060.000	0.044
2070.000	0.044
2080.000	0.043
2090.000	0.043
2100.000	0.045
2110.000	0.043
2120.000	0.044
2130.000	0.045
2140.000	0.046
2150.000	0.043
2160.000	0.045
2170.000	0.043
2180.000	0.043
2190.000	0.043
2200.000	0.044
2210.000	0.043
2220.000	0.044
2230.000	0.044
2240.000	0.044
2250.000	0.044
2260.000	0.044
2270.000	0.047
2280.000	0.044
2290.000	0.045
2300.000	0.044
2310.000	0.043
2320.000	0.045
2330.000	0.045
2340.000	0.044
2350.000	0.044
2360.000	0.048
2370.000	0.047
2380.000	0.046
2390.000	0.046
2400.000	0.045
2410.000	0.045
2420.000	0.045
2430.000	0.045
2440.000	0.046
2450.000	0.045
2460.000	0.045
2470.000	0.047
2480.000	0.047
2490.000	0.046
2500.000	0.048
2510.000	0.049
2520.000	0.045
2530.000	0.045
2540.000	0.045
2550.000	0.046
2560.000	0.045
2570.000	0.046
2580.000	0.048
2590.000	0.048
2600.000	0.049
2610.000	0.048
2620.000	0.049
2630.000	0.049
2640.000	0.048
2650.000	0.046
2660.000	0.048
2670.000	0.047
2680.000	0.048
2690.000	0.049
2700.000	0.047
2710.000	0.047
2720.000	0.048
2730.000	0.049
2740.000	0.049
2750.000	0.048
2760.000	0.050
2770.000	0.051
2780.000	0.049
2790.000	0.049
2800.000	0.049
2810.000	0.048
2820.000	0.050
2830.000	0.049
2840.000	0.049
2850.000	0.050
2860.000	0.050
2870.000	0.048
2880.000	0.048
2890.000	0.049
2900.000	0.049
2910.000	0.049
2920.000	0.047
2930.000	0.050
2940.000	0.049
2950.000	0.051
2960.000	0.049
2970.000	0.050
2980.000	0.049
2990.000	0.051
3000.000	0.051
3010.000	0.049
3020.000	0.049
3030.000	0.049
3040.000	0.050
3050.000	0.050
3060.000	0.050
3070.000	0.050
3080.000	0.051
3090.000	0.050
3100.000	0.050
3110.000	0.051
3120.000	0.052
3130.000	0.050
3140.000	0.051
3150.000	0.051
3160.000	0.052
3170.000	0.051
3180.000	0.051
3190.000	0.051
3200.000	0.050
3210.000	0.050
3220.000	0.052
3230.000	0.052
3240.000	0.054
3250.000	0.053
3260.000	0.053
3270.000	0.052
3280.000	0.052
3290.000	0.053
3300.000	0.050
3310.000	0.052
3320.000	0.050
3330.000	0.052
3340.000	0.053
3350.000	0.052
3360.000	0.053
3370.000	0.054
3380.000	0.052
3390.000	0.053
3400.000	0.054
3410.000	0.053
3420.000	0.054
3430.000	0.052
3440.000	0.052
3450.000	0.052
3460.000	0.053
3470.000	0.053
3480.000	0.054
3490.000	0.054
3500.000	0.053
3510.000	0.054
3520.000	0.054
3530.000	0.055
3540.000	0.055
3550.000	0.054
3560.000	0.052
3570.000	0.051
3580.000	0.054
3590.000	0.053
3600.000	0.054
3610.000	0.055
3620.000	0.054
3630.000	0.053
3640.000	0.055
3650.000	0.054
3660.000	0.052
3670.000	0.051
3680.000	0.053
3690.000	0.055
3700.000	0.056
3710.000	0.056
3720.000	0.056
3730.000	0.056
3740.000	0.056
3750.000	0.056
3760.000	0.057
3770.000	0.057
3780.000	0.056
3790.000	0.056
3800.000	0.055
3810.000	0.056
3820.000	0.057
3830.000	0.056
3840.000	0.056
3850.000	0.058
3860.000	0.057
3870.000	0.057
3880.000	0.058
3890.000	0.057
3900.000	0.057
3910.000	0.057
3920.000	0.056
3930.000	0.056
3940.000	0.056
3950.000	0.056
3960.000	0.056
3970.000	0.057
3980.000	0.057
3990.000	0.058
4000.000	0.058
4010.000	0.059
4020.000	0.058
4030.000	0.057
4040.000	0.055
4050.000	0.056
4060.000	0.057
4070.000	0.057
4080.000	0.057
4090.000	0.059
4100.000	0.059
4110.000	0.060
4120.000	0.060
4130.000	0.061
4140.000	0.059
4150.000	0.058
4160.000	0.058
4170.000	0.059
4180.000	0.058
4190.000	0.057
4200.000	0.058
4210.000	0.057
4220.000	0.056
4230.000	0.059
4240.000	0.059
4250.000	0.059
4260.000	0.061
4270.000	0.057
4280.000	0.058
4290.000	0.059
4300.000	0.059
4310.000	0.060
4320.000	0.060
4330.000	0.059
4340.000	0.058
4350.000	0.060
4360.000	0.061
4370.000	0.061
4380.000	0.061
4390.000	0.060
4400.000	0.059
4410.000	0.058
4420.000	0.059
4430.000	0.059
4440.000	0.060
4450.000	0.059
4460.000	0.058
4470.000	0.059
4480.000	0.061
4490.000	0.059
4500.000	0.059
4510.000	0.061
4520.000	0.060
4530.000	0.061
4540.000	0.063
4550.000	0.062
4560.000	0.062
4570.000	0.062
4580.000	0.063
4590.000	0.062
4600.000	0.061
4610.000	0.061
4620.000	0.064
4630.000	0.061
4640.000	0.063
4650.000	0.062
4660.000	0.062
4670.000	0.064
4680.000	0.064
4690.000	0.062
4700.000	0.061
4710.000	0.062
4720.000	0.064
4730.000	0.065
4740.000	0.063
4750.000	0.065
4760.000	0.063
4770.000	0.064
4780.000	0.065
4790.000	0.065
4800.000	0.064
4810.000	0.063
4820.000	0.065
4830.000	0.062
4840.000	0.064
4850.000	0.063
4860.000	0.064
4870.000	0.065
4880.000	0.065
4890.000	0.064
4900.000	0.064
4910.000	0.065
4920.000	0.064
4930.000	0.065
4940.000	0.067
4950.000	0.065
4960.000	0.065
4970.000	0.065
4980.000	0.064
4990.000	0.067
5000.000	0.066
5010.000	0.065
5020.000	0.064
5030.000	0.069
5040.000	0.067
5050.000	0.067
5060.000	0.066
5070.000	0.066
5080.000	0.066
5090.000	0.067
5100.000	0.067
5110.000	0.065
5120.000	0.066
5130.000	0.067
5140.000	0.065
5150.000	0.065
5160.000	0.066
5170.000	0.066
5180.000	0.067
5190.000	0.066
5200.000	0.065
5210.000	0.067
5220.000	0.068
5230.000	0.067
5240.000	0.065
5250.000	0.065
5260.000	0.065
5270.000	0.065
5280.000	0.066
5290.000	0.066
5300.000	0.068
5310.000	0.068
5320.000	0.068
5330.000	0.066
5340.000	0.068
5350.000	0.067
5360.000	0.068
5370.000	0.068
5380.000	0.069
5390.000	0.069
5400.000	0.067
5410.000	0.068
5420.000	0.067
5430.000	0.070
5440.000	0.069
5450.000	0.069
5460.000	0.071
5470.000	0.069
5480.000	0.070
5490.000	0.070
5500.000	0.069
5510.000	0.070
5520.000	0.070
5530.000	0.070
5540.000	0.071
5550.000	0.070
5560.000	0.072
5570.000	0.072
5580.000	0.071
5590.000	0.072
5600.000	0.072
5610.000	0.071
5620.000	0.069
5630.000	0.072
5640.000	0.068
5650.000	0.069
5660.000	0.070
5670.000	0.068
5680.000	0.071
5690.000	0.072
5700.000	0.072
5710.000	0.075
5720.000	0.075
5730.000	0.073
5740.000	0.073
5750.000	0.076
5760.000	0.073
5770.000	0.070
5780.000	0.072
5790.000	0.073
5800.000	0.075
5810.000	0.074
5820.000	0.075
5830.000	0.075
5840.000	0.074
5850.000	0.074
5860.000	0.074
5870.000	0.072
5880.000	0.076
5890.000	0.074
5900.000	0.075
5910.000	0.077
5920.000	0.075
5930.000	0.076
5940.000	0.076
5950.000	0.077
5960.000	0.074
5970.000	0.077
5980.000	0.075
5990.000	0.076
6000.000	0.076
6010.000	0.078
6020.000	0.076
6030.000	0.075
6040.000	0.075
6050.000	0.075
6060.000	0.073
6070.000	0.073
6080.000	0.074
6090.000	0.075
6100.000	0.075
6110.000	0.075
6120.000	0.077
6130.000	0.077
6140.000	0.076
6150.000	0.078
6160.000	0.078
6170.000	0.077
6180.000	0.074
6190.000	0.074
6200.000	0.077
6210.000	0.076
6220.000	0.078
6230.000	0.079
6240.000	0.081
6250.000	0.079
6260.000	0.078
6270.000	0.077
6280.000	0.078
6290.000	0.075
6300.000	0.077
6310.000	0.078
6320.000	0.079
6330.000	0.077
6340.000	0.077
6350.000	0.076
6360.000	0.080
6370.000	0.080
6380.000	0.079
6390.000	0.078
6400.000	0.078
6410.000	0.078
6420.000	0.080
6430.000	0.081
6440.000	0.082
6450.000	0.080
6460.000	0.078
6470.000	0.080
6480.000	0.079
6490.000	0.081
6500.000	0.079
6510.000	0.080
6520.000	0.081
6530.000	0.078
6540.000	0.077
6550.000	0.079
6560.000	0.078
6570.000	0.079
6580.000	0.081
6590.000	0.080
6600.000	0.081
6610.000	0.079
6620.000	0.082
6630.000	0.084
6640.000	0.084
6650.000	0.082
6660.000	0.082
6670.000	0.082
6680.000	0.082
6690.000	0.082
6700.000	0.085
6710.000	0.085
6720.000	0.082
6730.000	0.084
6740.000	0.082
6750.000	0.084
6760.000	0.084
6770.000	0.082
6780.000	0.085
6790.000	0.083
6800.000	0.084
6810.000	0.086
6820.000	0.086
6830.000	0.084
6840.000	0.083
6850.000	0.083
6860.000	0.084
6870.000	0.085
6880.000	0.085
6890.000	0.087
6900.000	0.084
6910.000	0.086
6920.000	0.087
6930.000	0.085
6940.000	0.086
6950.000	0.085
6960.000	0.085
6970.000	0.085
6980.000	0.085
6990.000	0.083
7000.000	0.083
7010.000	0.086
7020.000	0.087
7030.000	0.087
7040.000	0.088
7050.000	0.085
7060.000	0.086
7070.000	0.088
7080.000	0.087
7090.000	0.087
7100.000	0.088
7110.000	0.086
7120.000	0.089
7130.000	0.089
7140.000	0.086
7150.000	0.087
7160.000	0.087
7170.000	0.086
7180.000	0.088
7190.000	0.087
7200.000	0.086
7210.000	0.087
7220.000	0.088
7230.000	0.089
7240.000	0.089
7250.000	0.089
7260.000	0.088
7270.000	0.088
7280.000	0.088
7290.000	0.090
7300.000	0.089
7310.000	0.090
7320.000	0.088
7330.000	0.090
7340.000	0.090
7350.000	0.090
7360.000	0.089
7370.000	0.087
7380.000	0.088
7390.000	0.087
7400.000	0.086
7410.000	0.087
7420.000	0.087
7430.000	0.090
7440.000	0.090
7450.000	0.093
7460.000	0.091
7470.000	0.090
7480.000	0.088
7490.000	0.090
7500.000	0.092
7510.000	0.093
7520.000	0.091
7530.000	0.091
7540.000	0.090
7550.000	0.091
7560.000	0.091
7570.000	0.090
7580.000	0.091
7590.000	0.092
7600.000	0.092
7610.000	0.091
7620.000	0.094
7630.000	0.094
7640.000	0.094
7650.000	0.092
7660.000	0.093
7670.000	0.093
7680.000	0.094
7690.000	0.094
7700.000	0.092
7710.000	0.093
7720.000	0.095
7730.000	0.093
7740.000	0.094
7750.000	0.093
7760.000	0.093
7770.000	0.093
7780.000	0.092
7790.000	0.093
7800.000	0.093
7810.000	0.095
7820.000	0.094
7830.000	0.091
7840.000	0.091
7850.000	0.094
7860.000	0.097
7870.000	0.097
7880.000	0.097
7890.000	0.097
7900.000	0.097
7910.000	0.097
7920.000	0.096
7930.000	0.094
7940.000	0.095
7950.000	0.095
7960.000	0.094
7970.000	0.093
7980.000	0.096
7990.000	0.095
8000.000	0.095
8010.000	0.094
8020.000	0.095
8030.000	0.098
8040.000	0.097
8050.000	0.098
8060.000	0.097
8070.000	0.098
8080.000	0.101
8090.000	0.100
8100.000	0.101
8110.000	0.100
8120.000	0.100
8130.000	0.097
8140.000	0.097
8150.000	0.098
8160.000	0.097
8170.000	0.096
8180.000	0.098
8190.000	0.100
8200.000	0.101
8210.000	0.101
8220.000	0.098
8230.000	0.099
8240.000	0.102
8250.000	0.101
8260.000	0.101
8270.000	0.102
8280.000	0.103
8290.000	0.101
8300.000	0.101
8310.000	0.100
8320.000	0.099
8330.000	0.102
8340.000	0.101
8350.000	0.101
8360.000	0.101
8370.000	0.101
8380.000	0.099
8390.000	0.099
8400.000	0.099
8410.000	0.098
8420.000	0.098
8430.000	0.099
8440.000	0.099
8450.000	0.102
8460.000	0.100
8470.000	0.102
8480.000	0.106
8490.000	0.103
8500.000	0.101
8510.000	0.102
8520.000	0.106
8530.000	0.104
8540.000	0.102
8550.000	0.102
8560.000	0.102
8570.000	0.104
8580.000	0.104
8590.000	0.104
8600.000	0.105
8610.000	0.101
8620.000	0.103
8630.000	0.102
8640.000	0.103
8650.000	0.105
8660.000	0.105
8670.000	0.107
8680.000	0.106
8690.000	0.106
8700.000	0.104
8710.000	0.105
8720.000	0.107
8730.000	0.106
8740.000	0.106
8750.000	0.107
8760.000	0.107
8770.000	0.106
8780.000	0.105
8790.000	0.108
8800.000	0.105
8810.000	0.105
8820.000	0.104
8830.000	0.103
8840.000	0.101
8850.000	0.105
8860.000	0.107
8870.000	0.108
8880.000	0.109
8890.000	0.106
8900.000	0.105
8910.000	0.106
8920.000	0.105
8930.000	0.108
8940.000	0.105
8950.000	0.107
8960.000	0.107
8970.000	0.107
8980.000	0.107
8990.000	0.109
9000.000	0.109
9010.000	0.109
9020.000	0.109
9030.000	0.108
9040.000	0.106
9050.000	0.109
9060.000	0.110
9070.000	0.110
9080.000	0.110
9090.000	0.111
9100.000	0.111
9110.000	0.110
9120.000	0.110
9130.000	0.108
9140.000	0.109
9150.000	0.108
9160.000	0.108
9170.000	0.111
9180.000	0.111
9190.000	0.114
9200.000	0.111
9210.000	0.111
9220.000	0.111
9230.000	0.110
9240.000	0.110
9250.000	0.111
9260.000	0.112
9270.000	0.112
9280.000	0.113
9290.000	0.114
9300.000	0.112
9310.000	0.110
9320.000	0.112
9330.000	0.114
9340.000	0.113
9350.000	0.113
9360.000	0.111
9370.000	0.114
9380.000	0.112
9390.000	0.112
9400.000	0.113
9410.000	0.116
9420.000	0.116
9430.000	0.115
9440.000	0.113
9450.000	0.114
9460.000	0.114
9470.000	0.111
9480.000	0.115
9490.000	0.113
9500.000	0.115
9510.000	0.115
9520.000	0.112
9530.000	0.113
9540.000	0.113
9550.000	0.116
9560.000	0.116
9570.000	0.117
9580.000	0.118
9590.000	0.118
9600.000	0.117
9610.000	0.118
9620.000	0.115
9630.000	0.114
9640.000	0.113
9650.000	0.115
9660.000	0.116
9670.000	0.116
9680.000	0.117
9690.000	0.118
9700.000	0.117
9710.000	0.118
9720.000	0.116
9730.000	0.117
9740.000	0.117
9750.000	0.117
9760.000	0.117
9770.000	0.117
9780.000	0.115
9790.000	0.116
9800.000	0.116
9810.000	0.117
9820.000	0.117
9830.000	0.118
9840.000	0.120
9850.000	0.122
9860.000	0.121
9870.000	0.117
9880.000	0.120
9890.000	0.116
9900.000	0.121
9910.000	0.119
9920.000	0.119
9930.000	0.119
9940.000	0.118
9950.000	0.123
9960.000	0.123
9970.000	0.123
9980.000	0.121
9990.000	0.119
10000.000	0.118
10010.000	0.120
10020.000	0.120
10030.000	0.121
10040.000	0.119
10050.000	0.120
10060.000	0.122
10070.000	0.120
10080.000	0.120
10090.000	0.121
10100.000	0.125
10110.000	0.124
10120.000	0.123
10130.000	0.122
10140.000	0.120
10150.000	0.121
10160.000	0.120
10170.000	0.121
10180.000	0.121
10190.000	0.121
10200.000	0.122
10210.000	0.125
10220.000	0.125
10230.000	0.123
10240.000	0.125
10250.000	0.124
10260.000	0.126
10270.000	0.123
10280.000	0.123
10290.000	0.123
10300.000	0.123
10310.000	0.123
10320.000	0.123
10330.000	0.124
10340.000	0.125
10350.000	0.124
10360.000	0.122
10370.000	0.123
10380.000	0.123
10390.000	0.126
10400.000	0.127
10410.000	0.126
10420.000	0.125
10430.000	0.125
10440.000	0.124
10450.000	0.128
10460.000	0.128
10470.000	0.128
10480.000	0.126
10490.000	0.125
10500.000	0.127
10510.000	0.129
10520.000	0.128
10530.000	0.128
10540.000	0.130
10550.000	0.130
10560.000	0.131
10570.000	0.128
10580.000	0.127
10590.000	0.127
10600.000	0.127
10610.000	0.127
10620.000	0.128
10630.000	0.129
10640.000	0.130
10650.000	0.130
10660.000	0.131
10670.000	0.130
10680.000	0.131
10690.000	0.130
10700.000	0.129
10710.000	0.131
10720.000	0.130
10730.000	0.130
10740.000	0.129
10750.000	0.132
10760.000	0.133
10770.000	0.131
10780.000	0.126
10790.000	0.131
10800.000	0.133
10810.000	0.130
10820.000	0.132
10830.000	0.130
10840.000	0.131
10850.000	0.131
10860.000	0.134
10870.000	0.134
10880.000	0.134
10890.000	0.136
10900.000	0.135
10910.000	0.133
10920.000	0.132
10930.000	0.132
10940.000	0.133
10950.000	0.134
10960.000	0.137
10970.000	0.136
10980.000	0.133
10990.000	0.134
11000.000	0.133
11010.000	0.134
11020.000	0.133
11030.000	0.134
11040.000	0.135
11050.000	0.133
11060.000	0.135
11070.000	0.131
11080.000	0.136
11090.000	0.135
11100.000	0.137
11110.000	0.134
11120.000	0.136
11130.000	0.136
11140.000	0.138
11150.000	0.139
11160.000	0.137
11170.000	0.135
11180.000	0.132
11190.000	0.133
11200.000	0.137
11210.000	0.137
11220.000	0.135
11230.000	0.137
11240.000	0.136
11250.000	0.138
11260.000	0.141
11270.000	0.139
11280.000	0.141
11290.000	0.137
11300.000	0.139
11310.000	0.137
11320.000	0.140
11330.000	0.139
11340.000	0.139
11350.000	0.137
11360.000	0.135
11370.000	0.139
11380.000	0.141
11390.000	0.143
11400.000	0.140
11410.000	0.140
11420.000	0.140
11430.000	0.138
11440.000	0.139
11450.000	0.139
11460.000	0.138
11470.000	0.139
11480.000	0.143
11490.000	0.143
11500.000	0.139
11510.000	0.141
11520.000	0.140
11530.000	0.144
11540.000	0.144
11550.000	0.143
11560.000	0.141
11570.000	0.139
11580.000	0.142
11590.000	0.143
11600.000	0.142
11610.000	0.142
11620.000	0.140
11630.000	0.139
11640.000	0.139
11650.000	0.142
11660.000	0.144
11670.000	0.145
11680.000	0.143
11690.000	0.145
11700.000	0.145
11710.000	0.146
11720.000	0.147
11730.000	0.141
11740.000	0.143
11750.000	0.144
11760.000	0.145
11770.000	0.147
11780.000	0.146
11790.000	0.146
11800.000	0.143
11810.000	0.146
11820.000	0.148
11830.000	0.147
11840.000	0.144
11850.000	0.146
11860.000	0.148
11870.000	0.146
11880.000	0.146
11890.000	0.148
11900.000	0.149
11910.000	0.149
11920.000	0.148
11930.000	0.145
11940.000	0.148
11950.000	0.152
11960.000	0.148
11970.000	0.149
11980.000	0.148
11990.000	0.147
12000.000	0.150
12010.000	0.147
12020.000	0.147
12030.000	0.151
12040.000	0.151
12050.000	0.151
12060.000	0.153
12070.000	0.150
12080.000	0.148
12090.000	0.152
12100.000	0.150
12110.000	0.148
12120.000	0.149
12130.000	0.152
12140.000	0.151
12150.000	0.148
12160.000	0.147
12170.000	0.152
12180.000	0.153
12190.000	0.151
12200.000	0.151
12210.000	0.152
12220.000	0.152
12230.000	0.150
12240.000	0.153
12250.000	0.155
12260.000	0.155
12270.000	0.152
12280.000	0.153
12290.000	0.154
12300.000	0.153
12310.000	0.153
12320.000	0.154
12330.000	0.154
12340.000	0.153
12350.000	0.153
12360.000	0.152
12370.000	0.152
12380.000	0.151
12390.000	0.154
12400.000	0.153
12410.000	0.150
12420.000	0.152
12430.000	0.153
12440.000	0.156
12450.000	0.156
12460.000	0.155
12470.000	0.154
12480.000	0.153
12490.000	0.155
12500.000	0.155
12510.000	0.158
12520.000	0.157
12530.000	0.156
12540.000	0.157
12550.000	0.154
12560.000	0.155
12570.000	0.157
12580.000	0.157
12590.000	0.155
12600.000	0.156
12610.000	0.159
12620.000	0.158
12630.000	0.157
12640.000	0.160
12650.000	0.159
12660.000	0.157
12670.000	0.157
12680.000	0.157
12690.000	0.159
12700.000	0.156
12710.000	0.158
12720.000	0.157
12730.000	0.157
12740.000	0.157
12750.000	0.155
12760.000	0.155
12770.000	0.160
12780.000	0.158
12790.000	0.157
12800.000	0.161
12810.000	0.159
12820.000	0.161
12830.000	0.161
12840.000	0.160
12850.000	0.162
12860.000	0.160
12870.000	0.158
12880.000	0.158
12890.000	0.158
12900.000	0.160
12910.000	0.164
12920.000	0.163
12930.000	0.163
12940.000	0.164
12950.000	0.163
12960.000	0.165
12970.000	0.160
12980.000	0.160
12990.000	0.166
13000.000	0.165
13010.000	0.163
13020.000	0.165
13030.000	0.168
13040.000	0.163
13050.000	0.164
13060.000	0.165
13070.000	0.166
13080.000	0.169
13090.000	0.169
13100.000	0.165
13110.000	0.165
13120.000	0.162
13130.000	0.162
13140.000	0.163
13150.000	0.166
13160.000	0.166
13170.000	0.165
13180.000	0.165
13190.000	0.164
13200.000	0.165
13210.000	0.164
13220.000	0.167
13230.000	0.168
13240.000	0.171
13250.000	0.170
13260.000	0.169
13270.000	0.169
13280.000	0.167
13290.000	0.168
13300.000	0.171
13310.000	0.169
13320.000	0.167
13330.000	0.168
13340.000	0.170
13350.000	0.169
13360.000	0.169
13370.000	0.165
13380.000	0.167
13390.000	0.167
13400.000	0.166
13410.000	0.169
13420.000	0.167
13430.000	0.169
13440.000	0.172
13450.000	0.170
13460.000	0.173
13470.000	0.172
13480.000	0.172
13490.000	0.171
13500.000	0.171
13510.000	0.171
13520.000	0.170
13530.000	0.171
13540.000	0.170
13550.000	0.170
13560.000	0.169
13570.000	0.168
13580.000	0.175
13590.000	0.172
13600.000	0.171
13610.000	0.170
13620.000	0.172
13630.000	0.176
13640.000	0.178
13650.000	0.172
13660.000	0.171
13670.000	0.170
13680.000	0.171
13690.000	0.174
13700.000	0.175
13710.000	0.173
13720.000	0.171
13730.000	0.173
13740.000	0.173
13750.000	0.175
13760.000	0.175
13770.000	0.177
13780.000	0.175
13790.000	0.177
13800.000	0.174
13810.000	0.176
13820.000	0.174
13830.000	0.178
13840.000	0.177
13850.000	0.176
13860.000	0.174
13870.000	0.177
13880.000	0.177
13890.000	0.175
13900.000	0.177
13910.000	0.177
13920.000	0.181
13930.000	0.178
13940.000	0.176
13950.000	0.178
13960.000	0.177
13970.000	0.179
13980.000	0.182
13990.000	0.179
14000.000	0.173
14010.000	0.177
14020.000	0.179
14030.000	0.180
14040.000	0.179
14050.000	0.179
14060.000	0.178
14070.000	0.178
14080.000	0.176
14090.000	0.180
14100.000	0.179
14110.000	0.178
14120.000	0.176
14130.000	0.179
14140.000	0.177
14150.000	0.181
14160.000	0.182
14170.000	0.179
14180.000	0.182
14190.000	0.183
14200.000	0.182
14210.000	0.180
14220.000	0.179
14230.000	0.182
14240.000	0.181
14250.000	0.183
14260.000	0.184
14270.000	0.182
14280.000	0.182
14290.000	0.182
14300.000	0.181
14310.000	0.182
14320.000	0.185
14330.000	0.188
14340.000	0.188
14350.000	0.182
14360.000	0.183
14370.000	0.182
14380.000	0.182
14390.000	0.182
14400.000	0.183
14410.000	0.182
14420.000	0.184
14430.000	0.183
14440.000	0.184
14450.000	0.188
14460.000	0.187
14470.000	0.188
14480.000	0.186
14490.000	0.187
14500.000	0.193
14510.000	0.193
14520.000	0.188
14530.000	0.187
14540.000	0.187
14550.000	0.190
14560.000	0.185
14570.000	0.187
14580.000	0.187
14590.000	0.189
14600.000	0.191
14610.000	0.188
14620.000	0.188
14630.000	0.191
14640.000	0.192
14650.000	0.188
14660.000	0.192
14670.000	0.191
14680.000	0.190
14690.000	0.189
14700.000	0.189
14710.000	0.186
14720.000	0.192
14730.000	0.192
14740.000	0.191
14750.000	0.189
14760.000	0.192
14770.000	0.189
14780.000	0.193
14790.000	0.192
14800.000	0.191
14810.000	0.189
14820.000	0.193
14830.000	0.192
14840.000	0.192
14850.000	0.194
14860.000	0.196
14870.000	0.195
14880.000	0.192
14890.000	0.193
14900.000	0.192
14910.000	0.193
14920.000	0.194
14930.000	0.195
14940.000	0.195
14950.000	0.197
14960.000	0.198
14970.000	0.196
14980.000	0.196
14990.000	0.197
15000.000	0.198
15010.000	0.197
15020.000	0.195
15030.000	0.196
15040.000	0.191
15050.000	0.196
15060.000	0.198
15070.000	0.196
15080.000	0.197
15090.000	0.195
15100.000	0.201
15110.000	0.196
15120.000	0.197
15130.000	0.196
15140.000	0.200
15150.000	0.199
15160.000	0.199
15170.000	0.196
15180.000	0.196
15190.000	0.197
15200.000	0.194
15210.000	0.198
15220.000	0.198
15230.000	0.199
15240.000	0.200
15250.000	0.198
15260.000	0.200
15270.000	0.200
15280.000	0.198
15290.000	0.197
15300.000	0.200
15310.000	0.197
15320.000	0.198
15330.000	0.199
15340.000	0.200
15350.000	0.201
15360.000	0.202
15370.000	0.203
15380.000	0.203
15390.000	0.204
15400.000	0.199
15410.000	0.198
15420.000	0.202
15430.000	0.204
15440.000	0.199
15450.000	0.202
15460.000	0.200
15470.000	0.203
15480.000	0.197
15490.000	0.204
15500.000	0.205
15510.000	0.205
15520.000	0.206
15530.000	0.207
15540.000	0.204
15550.000	0.209
15560.000	0.203
15570.000	0.204
15580.000	0.206
15590.000	0.204
15600.000	0.203
15610.000	0.202
15620.000	0.201
15630.000	0.204
15640.000	0.207
15650.000	0.204
15660.000	0.209
15670.000	0.208
15680.000	0.205
15690.000	0.203
15700.000	0.207
15710.000	0.206
15720.000	0.205
15730.000	0.209
15740.000	0.207
15750.000	0.209
15760.000	0.208
15770.000	0.202
15780.000	0.204
15790.000	0.205
15800.000	0.207
15810.000	0.211
15820.000	0.212
15830.000	0.208
15840.000	0.210
15850.000	0.212
15860.000	0.208
15870.000	0.209
15880.000	0.210
15890.000	0.210
15900.000	0.210
15910.000	0.211
15920.000	0.211
15930.000	0.211
15940.000	0.209
15950.000	0.212
15960.000	0.209
15970.000	0.211
15980.000	0.206
15990.000	0.210
16000.000	0.211
16010.000	0.211
16020.000	0.212
16030.000	0.214
16040.000	0.215
16050.000	0.216
16060.000	0.211
16070.000	0.213
16080.000	0.211
16090.000	0.213
16100.000	0.212
16110.000	0.209
16120.000	0.212
16130.000	0.213
16140.000	0.214
16150.000	0.212
16160.000	0.213
16170.000	0.210
16180.000	0.214
16190.000	0.214
16200.000	0.215
16210.000	0.212
16220.000	0.214
16230.000	0.214
16240.000	0.216
16250.000	0.213
16260.000	0.216
16270.000	0.213
16280.000	0.213
16290.000	0.215
16300.000	0.213
16310.000	0.214
16320.000	0.219
16330.000	0.217
16340.000	0.215
16350.000	0.212
16360.000	0.214
16370.000	0.215
16380.000	0.218
16390.000	0.219
16400.000	0.215
16410.000	0.216
16420.000	0.219
16430.000	0.219
16440.000	0.215
16450.000	0.215
16460.000	0.219
16470.000	0.219
16480.000	0.218
16490.000	0.216
16500.000	0.222
16510.000	0.220
16520.000	0.219
16530.000	0.221
16540.000	0.221
16550.000	0.221
16560.000	0.221
16570.000	0.219
16580.000	0.224
16590.000	0.221
16600.000	0.221
16610.000	0.222
16620.000	0.223
16630.000	0.222
16640.000	0.221
16650.000	0.220
16660.000	0.220
16670.000	0.221
16680.000	0.220
16690.000	0.220
16700.000	0.216
16710.000	0.221
16720.000	0.222
16730.000	0.221
16740.000	0.221
16750.000	0.222
16760.000	0.221
16770.000	0.222
16780.000	0.223
16790.000	0.225
16800.000	0.224
16810.000	0.223
16820.000	0.223
16830.000	0.227
16840.000	0.228
16850.000	0.224
16860.000	0.222
16870.000	0.228
16880.000	0.224
16890.000	0.225
16900.000	0.228
16910.000	0.226
16920.000	0.228
16930.000	0.229
16940.000	0.227
16950.000	0.224
16960.000	0.226
16970.000	0.229
16980.000	0.228
16990.000	0.227
17000.000	0.226
17010.000	0.225
17020.000	0.230
17030.000	0.228
17040.000	0.230
17050.000	0.228
17060.000	0.231
17070.000	0.228
17080.000	0.229
17090.000	0.230
17100.000	0.234
17110.000	0.231
17120.000	0.226
17130.000	0.227
17140.000	0.230
17150.000	0.227
17160.000	0.231
17170.000	0.232
17180.000	0.232
17190.000	0.231
17200.000	0.228
17210.000	0.228
17220.000	0.231
17230.000	0.226
17240.000	0.228
17250.000	0.228
17260.000	0.229
17270.000	0.231
17280.000	0.230
17290.000	0.233
17300.000	0.235
17310.000	0.236
17320.000	0.236
17330.000	0.236
17340.000	0.232
17350.000	0.231
17360.000	0.231
17370.000	0.232
17380.000	0.232
17390.000	0.230
17400.000	0.235
17410.000	0.235
17420.000	0.231
17430.000	0.233
17440.000	0.234
17450.000	0.234
17460.000	0.238
17470.000	0.235
17480.000	0.235
17490.000	0.239
17500.000	0.238
17510.000	0.237
17520.000	0.237
17530.000	0.236
17540.000	0.238
17550.000	0.234
17560.000	0.237
17570.000	0.234
17580.000	0.238
17590.000	0.237
17600.000	0.238
17610.000	0.237
17620.000	0.238
17630.000	0.240
17640.000	0.239
17650.000	0.235
17660.000	0.236
17670.000	0.236
17680.000	0.237
17690.000	0.238
17700.000	0.235
17710.000	0.238
17720.000	0.240
17730.000	0.242
17740.000	0.247
17750.000	0.242
17760.000	0.239
17770.000	0.236
17780.000	0.237
17790.000	0.236
17800.000	0.238
17810.000	0.241
17820.000	0.244
17830.000	0.243
17840.000	0.243
17850.000	0.239
17860.000	0.242
17870.000	0.243
17880.000	0.242
17890.000	0.244
17900.000	0.243
17910.000	0.241
17920.000	0.240
17930.000	0.242
17940.000	0.244
17950.000	0.246
17960.000	0.249
17970.000	0.243
17980.000	0.243
17990.000	0.243
18000.000	0.242
18010.000	0.241
18020.000	0.241
18030.000	0.242
18040.000	0.240
18050.000	0.241
18060.000	0.241
18070.000	0.241
18080.000	0.241
18090.000	0.245
18100.000	0.249
18110.000	0.253
18120.000	0.251
18130.000	0.247
18140.000	0.246
18150.000	0.245
18160.000	0.245
18170.000	0.248
18180.000	0.245
18190.000	0.247
18200.000	0.246
18210.000	0.242
18220.000	0.245
18230.000	0.244
18240.000	0.243
18250.000	0.245
18260.000	0.247
18270.000	0.245
18280.000	0.248
18290.000	0.251
18300.000	0.251
18310.000	0.251
18320.000	0.249
18330.000	0.251
18340.000	0.250
18350.000	0.246
18360.000	0.248
18370.000	0.246
18380.000	0.245
18390.000	0.247
18400.000	0.247
18410.000	0.247
18420.000	0.250
18430.000	0.247
18440.000	0.245
18450.000	0.246
18460.000	0.247
18470.000	0.244
18480.000	0.245
18490.000	0.243
18500.000	0.247
18510.000	0.249
18520.000	0.251
18530.000	0.254
18540.000	0.255
18550.000	0.254
18560.000	0.255
18570.000	0.252
18580.000	0.252
18590.000	0.253
18600.000	0.250
18610.000	0.252
18620.000	0.253
18630.000	0.254
18640.000	0.250
18650.000	0.251
18660.000	0.250
18670.000	0.253
18680.000	0.257
18690.000	0.257
18700.000	0.254
18710.000	0.256
18720.000	0.255
18730.000	0.258
18740.000	0.253
18750.000	0.255
18760.000	0.253
18770.000	0.253
18780.000	0.254
18790.000	0.256
18800.000	0.255
18810.000	0.253
18820.000	0.254
18830.000	0.257
18840.000	0.258
18850.000	0.260
18860.000	0.256
18870.000	0.256
18880.000	0.252
18890.000	0.253
18900.000	0.257
18910.000	0.258
18920.000	0.259
18930.000	0.259
18940.000	0.256
18950.000	0.259
18960.000	0.254
18970.000	0.256
18980.000	0.256
18990.000	0.259
19000.000	0.259
19010.000	0.258
19020.000	0.258
19030.000	0.260
19040.000	0.259
19050.000	0.261
19060.000	0.260
19070.000	0.260
19080.000	0.254
19090.000	0.255
19100.000	0.257
19110.000	0.256
19120.000	0.259
19130.000	0.259
19140.000	0.261
19150.000	0.262
19160.000	0.259
19170.000	0.262
19180.000	0.259
19190.000	0.260
19200.000	0.259
19210.000	0.260
19220.000	0.261
19230.000	0.262
19240.000	0.265
19250.000	0.261
19260.000	0.262
19270.000	0.260
19280.000	0.258
19290.000	0.260
19300.000	0.260
19310.000	0.262
19320.000	0.263
19330.000	0.262
19340.000	0.263
19350.000	0.263
19360.000	0.262
19370.000	0.264
19380.000	0.261
19390.000	0.259
19400.000	0.258
19410.000	0.265
19420.000	0.262
19430.000	0.262
19440.000	0.261
19450.000	0.265
19460.000	0.265
19470.000	0.265
19480.000	0.266
19490.000	0.263
19500.000	0.264
19510.000	0.266
19520.000	0.270
19530.000	0.268
19540.000	0.267
19550.000	0.267
19560.000	0.265
19570.000	0.269
19580.000	0.269
19590.000	0.264
19600.000	0.265
19610.000	0.264
19620.000	0.270
19630.000	0.265
19640.000	0.268
19650.000	0.267
19660.000	0.268
19670.000	0.264
19680.000	0.269
19690.000	0.268
19700.000	0.266
19710.000	0.264
19720.000	0.268
19730.000	0.267
19740.000	0.264
19750.000	0.262
19760.000	0.262
19770.000	0.264
19780.000	0.267
19790.000	0.267
19800.000	0.266
19810.000	0.262
19820.000	0.267
19830.000	0.270
19840.000	0.267
19850.000	0.267
19860.000	0.269
19870.000	0.270
19880.000	0.268
19890.000	0.269
19900.000	0.272
19910.000	0.271
19920.000	0.269
19930.000	0.269
19940.000	0.271
19950.000	0.270
19960.000	0.268
19970.000	0.267
19980.000	0.270
19990.000	0.273
20000.000	0.268
20010.000	0.270
20020.000	0.271
20030.000	0.273
20040.000	0.275
20050.000	0.275
20060.000	0.271
20070.000	0.268
20080.000	0.272
20090.000	0.273
20100.000	0.271
20110.000	0.270
20120.000	0.270
20130.000	0.274
20140.000	0.271
20150.000	0.274
20160.000	0.273
20170.000	0.275
20180.000	0.274
20190.000	0.276
20200.000	0.272
20210.000	0.273
20220.000	0.274
20230.000	0.273
20240.000	0.274
20250.000	0.271
20260.000	0.277
20270.000	0.277
20280.000	0.275
20290.000	0.275
20300.000	0.273
20310.000	0.273
20320.000	0.273
20330.000	0.279
20340.000	0.278
20350.000	0.276
20360.000	0.278
20370.000	0.279
20380.000	0.280
20390.000	0.275
20400.000	0.275
20410.000	0.275
20420.000	0.277
20430.000	0.279
20440.000	0.277
20450.000	0.271
20460.000	0.275
20470.000	0.278
20480.000	0.276
20490.000	0.280
20500.000	0.280
20510.000	0.276
20520.000	0.278
20530.000	0.277
20540.000	0.277
20550.000	0.272
20560.000	0.274
20570.000	0.277
20580.000	0.278
20590.000	0.275
20600.000	0.279
20610.000	0.279
20620.000	0.281
20630.000	0.280
20640.000	0.281
20650.000	0.278
20660.000	0.280
20670.000	0.276
20680.000	0.279
20690.000	0.277
20700.000	0.273
20710.000	0.278
20720.000	0.282
20730.000	0.278
20740.000	0.278
20750.000	0.280
20760.000	0.281
20770.000	0.278
20780.000	0.278
20790.000	0.279
20800.000	0.277
20810.000	0.275
20820.000	0.279
20830.000	0.278
20840.000	0.277
20850.000	0.277
20860.000	0.278
20870.000	0.278
20880.000	0.277
20890.000	0.274
20900.000	0.275
20910.000	0.278
20920.000	0.278
20930.000	0.280
20940.000	0.279
20950.000	0.282
20960.000	0.281
20970.000	0.279
20980.000	0.284
20990.000	0.280
21000.000	0.284
21010.000	0.280
21020.000	0.278
21030.000	0.279
21040.000	0.282
21050.000	0.278
21060.000	0.280
21070.000	0.284
21080.000	0.283
21090.000	0.282
21100.000	0.285
21110.000	0.280
21120.000	0.279
21130.000	0.279
21140.000	0.283
21150.000	0.280
21160.000	0.280
21170.000	0.282
21180.000	0.282
21190.000	0.282
21200.000	0.280
21210.000	0.282
21220.000	0.282
21230.000	0.285
21240.000	0.281
21250.000	0.281
21260.000	0.282
21270.000	0.283
21280.000	0.282
21290.000	0.283
21300.000	0.284
21310.000	0.283
21320.000	0.282
21330.000	0.286
21340.000	0.287
21350.000	0.284
21360.000	0.284
21370.000	0.283
21380.000	0.289
21390.000	0.286
21400.000	0.286
21410.000	0.286
21420.000	0.289
21430.000	0.286
21440.000	0.288
21450.000	0.286
21460.000	0.284
21470.000	0.289
21480.000	0.288
21490.000	0.281
21500.000	0.281
21510.000	0.281
21520.000	0.281
21530.000	0.283
21540.000	0.282
21550.000	0.285
21560.000	0.288
21570.000	0.287
21580.000	0.289
21590.000	0.286
21600.000	0.287
21610.000	0.292
21620.000	0.291
21630.000	0.290
21640.000	0.289
21650.000	0.290
21660.000	0.287
21670.000	0.287
21680.000	0.288
21690.000	0.285
21700.000	0.289
21710.000	0.287
21720.000	0.286
21730.000	0.286
21740.000	0.285
21750.000	0.283
21760.000	0.284
21770.000	0.285
21780.000	0.283
21790.000	0.283
21800.000	0.286
21810.000	0.285
21820.000	0.284
21830.000	0.281
21840.000	0.284
21850.000	0.286
21860.000	0.278
21870.000	0.280
21880.000	0.284
21890.000	0.285
21900.000	0.289
21910.000	0.288
21920.000	0.288
21930.000	0.283
21940.000	0.285
21950.000	0.288
21960.000	0.281
21970.000	0.283
21980.000	0.289
21990.000	0.289
22000.000	0.289
22010.000	0.291
22020.000	0.294
22030.000	0.294
22040.000	0.290
22050.000	0.291
22060.000	0.291
22070.000	0.292
22080.000	0.292
22090.000	0.291
22100.000	0.292
22110.000	0.290
22120.000	0.288
22130.000	0.285
22140.000	0.290
22150.000	0.288
22160.000	0.288
22170.000	0.290
22180.000	0.287
22190.000	0.288
22200.000	0.289
22210.000	0.285
22220.000	0.290
22230.000	0.290
22240.000	0.291
22250.000	0.292
22260.000	0.291
22270.000	0.296
22280.000	0.294
22290.000	0.295
22300.000	0.290
22310.000	0.290
22320.000	0.288
22330.000	0.288
22340.000	0.287
22350.000	0.293
22360.000	0.289
22370.000	0.291
22380.000	0.285
22390.000	0.286
22400.000	0.288
22410.000	0.284
22420.000	0.290
22430.000	0.290
22440.000	0.292
22450.000	0.291
22460.000	0.293
22470.000	0.292
22480.000	0.288
22490.000	0.290
22500.000	0.292
22510.000	0.294
22520.000	0.293
22530.000	0.296
22540.000	0.291
22550.000	0.295
22560.000	0.295
22570.000	0.294
22580.000	0.290
22590.000	0.290
22600.000	0.293
22610.000	0.292
22620.000	0.294
22630.000	0.294
22640.000	0.292
22650.000	0.293
22660.000	0.294
22670.000	0.293
22680.000	0.289
22690.000	0.292
22700.000	0.296
22710.000	0.296
22720.000	0.290
22730.000	0.287
22740.000	0.284
22750.000	0.291
22760.000	0.295
22770.000	0.292
22780.000	0.291
22790.000	0.289
22800.000	0.292
22810.000	0.288
22820.000	0.290
22830.000	0.290
22840.000	0.291
22850.000	0.289
22860.000	0.285
22870.000	0.289
22880.000	0.288
22890.000	0.286
22900.000	0.285
22910.000	0.287
22920.000	0.290
22930.000	0.296
22940.000	0.294
22950.000	0.294
22960.000	0.295
22970.000	0.292
22980.000	0.292
22990.000	0.294
23000.000	0.296
23010.000	0.293
23020.000	0.294
23030.000	0.292
23040.000	0.291
23050.000	0.293
23060.000	0.293
23070.000	0.296
23080.000	0.297
23090.000	0.287
23100.000	0.292
23110.000	0.291
23120.000	0.292
23130.000	0.296
23140.000	0.291
23150.000	0.289
23160.000	0.289
23170.000	0.292
23180.000	0.291
23190.000	0.289
23200.000	0.290
23210.000	0.291
23220.000	0.298
23230.000	0.294
23240.000	0.294
23250.000	0.298
23260.000	0.295
23270.000	0.294
23280.000	0.299
23290.000	0.301
23300.000	0.296
23310.000	0.291
23320.000	0.294
23330.000	0.296
23340.000	0.294
23350.000	0.294
23360.000	0.295
23370.000	0.289
23380.000	0.290
23390.000	0.295
23400.000	0.293
23410.000	0.294
23420.000	0.298
23430.000	0.295
23440.000	0.295
23450.000	0.294
23460.000	0.292
23470.000	0.292
23480.000	0.295
23490.000	0.293
23500.000	0.293
23510.000	0.294
23520.000	0.292
23530.000	0.292
23540.000	0.290
23550.000	0.289
23560.000	0.290
23570.000	0.294
23580.000	0.294
23590.000	0.296
23600.000	0.295
23610.000	0.292
23620.000	0.293
23630.000	0.293
23640.000	0.296
23650.000	0.295
23660.000	0.293
23670.000	0.292
23680.000	0.293
23690.000	0.293
23700.000	0.293
23710.000	0.289
23720.000	0.294
23730.000	0.289
23740.000	0.296
23750.000	0.294
23760.000	0.294
23770.000	0.293
23780.000	0.294
23790.000	0.295
23800.000	0.297
23810.000	0.293
23820.000	0.288
23830.000	0.289
23840.000	0.296
23850.000	0.296
23860.000	0.296
23870.000	0.292
23880.000	0.292
23890.000	0.290
23900.000	0.290
23910.000	0.295
23920.000	0.296
23930.000	0.293
23940.000	0.290
23950.000	0.293
23960.000	0.298
23970.000	0.298
23980.000	0.293
23990.000	0.288
24000.000	0.290
24010.000	0.294
24020.000	0.291
24030.000	0.293
24040.000	0.288
24050.000	0.291
24060.000	0.292
24070.000	0.295
24080.000	0.293
24090.000	0.289
24100.000	0.295
24110.000	0.295
24120.000	0.294
24130.000	0.297
24140.000	0.291
24150.000	0.290
24160.000	0.287
24170.000	0.290
24180.000	0.292
24190.000	0.293
24200.000	0.291
24210.000	0.294
24220.000	0.290
24230.000	0.293
24240.000	0.293
24250.000	0.294
24260.000	0.291
24270.000	0.291
24280.000	0.292
24290.000	0.286
24300.000	0.293
24310.000	0.296
24320.000	0.295
24330.000	0.291
24340.000	0.294
24350.000	0.294
24360.000	0.295
24370.000	0.295
24380.000	0.292
24390.000	0.292
24400.000	0.293
24410.000	0.290
24420.000	0.293
24430.000	0.296
24440.000	0.296
24450.000	0.296
24460.000	0.297
24470.000	0.297
24480.000	0.296
24490.000	0.297
24500.000	0.293
24510.000	0.293
24520.000	0.293
24530.000	0.287
24540.000	0.289
24550.000	0.292
24560.000	0.293
24570.000	0.298
24580.000	0.295
24590.000	0.294
24600.000	0.291
24610.000	0.291
24620.000	0.288
24630.000	0.291
24640.000	0.293
24650.000	0.299
24660.000	0.298
24670.000	0.290
24680.000	0.288
24690.000	0.289
24700.000	0.291
24710.000	0.291
24720.000	0.298
24730.000	0.295
24740.000	0.294
24750.000	0.292
24760.000	0.293
24770.000	0.292
24780.000	0.295
24790.000	0.294
24800.000	0.295
24810.000	0.297
24820.000	0.295
24830.000	0.295
24840.000	0.291
24850.000	0.293
24860.000	0.293
24870.000	0.288
24880.000	0.294
24890.000	0.294
24900.000	0.297
24910.000	0.294
24920.000	0.291
24930.000	0.290
24940.000	0.291
24950.000	0.293
24960.000	0.290
24970.000	0.287
24980.000	0.294
24990.000	0.294
25000.000	0.294
25010.000	0.294
25020.000	0.296
25030.000	0.294
25040.000	0.290
25050.000	0.289
25060.000	0.293
25070.000	0.291
25080.000	0.293
25090.000	0.291
25100.000	0.294
25110.000	0.293
25120.000	0.297
25130.000	0.292
25140.000	0.294
25150.000	0.290
25160.000	0.287
25170.000	0.290
25180.000	0.290
25190.000	0.287
25200.000	0.291
25210.000	0.291
25220.000	0.298
25230.000	0.299
25240.000	0.300
25250.000	0.293
25260.000	0.296
25270.000	0.294
25280.000	0.290
25290.000	0.293
25300.000	0.292
25310.000	0.293
25320.000	0.294
25330.000	0.293
25340.000	0.297
25350.000	0.293
25360.000	0.292
25370.000	0.292
25380.000	0.290
25390.000	0.287
25400.000	0.289
25410.000	0.290
25420.000	0.288
25430.000	0.289
25440.000	0.290
25450.000	0.292
25460.000	0.296
25470.000	0.289
25480.000	0.290
25490.000	0.294
25500.000	0.290
25510.000	0.289
25520.000	0.288
25530.000	0.290
25540.000	0.289
25550.000	0.291
25560.000	0.285
25570.000	0.288
25580.000	0.285
25590.000	0.287
25600.000	0.287
25610.000	0.289
25620.000	0.289
25630.000	0.294
25640.000	0.289
25650.000	0.284
25660.000	0.287
25670.000	0.285
25680.000	0.292
25690.000	0.289
25700.000	0.290
25710.000	0.292
25720.000	0.292
25730.000	0.294
25740.000	0.289
25750.000	0.289
25760.000	0.290
25770.000	0.293
25780.000	0.289
25790.000	0.286
25800.000	0.286
25810.000	0.292
25820.000	0.289
25830.000	0.286
25840.000	0.284
25850.000	0.290
25860.000	0.295
25870.000	0.286
25880.000	0.287
25890.000	0.288
25900.000	0.288
25910.000	0.286
25920.000	0.284
25930.000	0.288
25940.000	0.285
25950.000	0.285
25960.000	0.286
25970.000	0.285
25980.000	0.287
25990.000	0.287
26000.000	0.288
26010.000	0.287
26020.000	0.291
26030.000	0.288
26040.000	0.287
26050.000	0.288
26060.000	0.287
26070.000	0.285
26080.000	0.282
26090.000	0.281
26100.000	0.282
26110.000	0.284
26120.000	0.283
26130.000	0.282
26140.000	0.284
26150.000	0.286
26160.000	0.290
26170.000	0.288
26180.000	0.294
26190.000	0.288
26200.000	0.283
26210.000	0.286
26220.000	0.285
26230.000	0.285
26240.000	0.286
26250.000	0.285
26260.000	0.289
26270.000	0.285
26280.000	0.287
26290.000	0.286
26300.000	0.283
26310.000	0.285
26320.000	0.286
26330.000	0.288
26340.000	0.286
26350.000	0.287
26360.000	0.285
26370.000	0.286
26380.000	0.285
26390.000	0.285
26400.000	0.279
26410.000	0.279
26420.000	0.282
26430.000	0.283
26440.000	0.282
26450.000	0.286
26460.000	0.287
26470.000	0.285
26480.000	0.281
26490.000	0.282
26500.000	0.282
26510.000	0.280
26520.000	0.279
26530.000	0.282
26540.000	0.283
26550.000	0.283
26560.000	0.281
26570.000	0.281
26580.000	0.281
26590.000	0.276
26600.000	0.280
26610.000	0.282
26620.000	0.281
26630.000	0.280
26640.000	0.284
26650.000	0.282
26660.000	0.280
26670.000	0.283
26680.000	0.285
26690.000	0.285
26700.000	0.282
26710.000	0.285
26720.000	0.284
26730.000	0.288
26740.000	0.283
26750.000	0.285
26760.000	0.285
26770.000	0.281
26780.000	0.278
26790.000	0.279
26800.000	0.280
26810.000	0.281
26820.000	0.279
26830.000	0.280
26840.000	0.281
26850.000	0.285
26860.000	0.284
26870.000	0.284
26880.000	0.282
26890.000	0.281
26900.000	0.286
26910.000	0.282
26920.000	0.277
26930.000	0.278
26940.000	0.281
26950.000	0.278
26960.000	0.281
26970.000	0.281
26980.000	0.284
26990.000	0.280
27000.000	0.282
27010.000	0.282
27020.000	0.283
27030.000	0.286
27040.000	0.279
27050.000	0.279
27060.000	0.278
27070.000	0.275
27080.000	0.277
27090.000	0.280
27100.000	0.277
27110.000	0.278
27120.000	0.278
27130.000	0.279
27140.000	0.277
27150.000	0.278
27160.000	0.278
27170.000	0.280
27180.000	0.278
27190.000	0.278
27200.000	0.282
27210.000	0.281
27220.000	0.287
27230.000	0.282
27240.000	0.277
27250.000	0.276
27260.000	0.276
27270.000	0.272
27280.000	0.277
27290.000	0.278
27300.000	0.279
27310.000	0.278
27320.000	0.274
27330.000	0.275
27340.000	0.275
27350.000	0.276
27360.000	0.273
27370.000	0.278
27380.000	0.277
27390.000	0.276
27400.000	0.278
27410.000	0.275
27420.000	0.277
27430.000	0.281
27440.000	0.279
27450.000	0.279
27460.000	0.276
27470.000	0.277
27480.000	0.274
27490.000	0.274
27500.000	0.277
27510.000	0.277
27520.000	0.276
27530.000	0.273
27540.000	0.276
27550.000	0.275
27560.000	0.273
27570.000	0.274
27580.000	0.275
27590.000	0.275
27600.000	0.276
27610.000	0.273
27620.000	0.275
27630.000	0.272
27640.000	0.270
27650.000	0.270
27660.000	0.269
27670.000	0.271
27680.000	0.273
27690.000	0.273
27700.000	0.272
27710.000	0.273
27720.000	0.272
27730.000	0.270
27740.000	0.272
27750.000	0.271
27760.000	0.276
27770.000	0.270
27780.000	0.273
27790.000	0.275
27800.000	0.275
27810.000	0.277
27820.000	0.277
27830.000	0.281
27840.000	0.277
27850.000	0.275
27860.000	0.272
27870.000	0.272
27880.000	0.278
27890.000	0.277
27900.000	0.271
27910.000	0.270
27920.000	0.275
27930.000	0.274
27940.000	0.274
27950.000	0.269
27960.000	0.271
27970.000	0.272
27980.000	0.276
27990.000	0.273
28000.000	0.272
28010.000	0.268
28020.000	0.268
28030.000	0.267
28040.000	0.273
28050.000	0.275
28060.000	0.268
28070.000	0.267
28080.000	0.272
28090.000	0.270
28100.000	0.268
28110.000	0.266
28120.000	0.271
28130.000	0.266
28140.000	0.265
28150.000	0.265
28160.000	0.265
28170.000	0.267
28180.000	0.265
28190.000	0.265
28200.000	0.266
28210.000	0.269
28220.000	0.265
28230.000	0.269
28240.000	0.265
28250.000	0.267
28260.000	0.268
28270.000	0.268
28280.000	0.267
28290.000	0.268
28300.000	0.271
28310.000	0.268
28320.000	0.266
28330.000	0.271
28340.000	0.270
28350.000	0.265
28360.000	0.268
28370.000	0.265
28380.000	0.265
28390.000	0.267
28400.000	0.268
28410.000	0.264
28420.000	0.263
28430.000	0.260
28440.000	0.264
28450.000	0.266
28460.000	0.266
28470.000	0.267
28480.000	0.265
28490.000	0.265
28500.000	0.267
28510.000	0.266
28520.000	0.266
28530.000	0.265
28540.000	0.262
28550.000	0.263
28560.000	0.262
28570.000	0.264
28580.000	0.263
28590.000	0.264
28600.000	0.265
28610.000	0.263
28620.000	0.263
28630.000	0.263
28640.000	0.264
28650.000	0.260
28660.000	0.261
28670.000	0.263
28680.000	0.267
28690.000	0.266
28700.000	0.262
28710.000	0.265
28720.000	0.264
28730.000	0.262
28740.000	0.264
28750.000	0.263
28760.000	0.262
28770.000	0.260
28780.000	0.261
28790.000	0.262
28800.000	0.265
28810.000	0.260
28820.000	0.265
28830.000	0.264
28840.000	0.262
28850.000	0.263
28860.000	0.265
28870.000	0.259
28880.000	0.260
28890.000	0.259
28900.000	0.256
28910.000	0.258
28920.000	0.258
28930.000	0.262
28940.000	0.259
28950.000	0.259
28960.000	0.258
28970.000	0.257
28980.000	0.261
28990.000	0.261
29000.000	0.262
29010.000	0.260
29020.000	0.262
29030.000	0.259
29040.000	0.257
29050.000	0.259
29060.000	0.258
29070.000	0.260
29080.000	0.258
29090.000	0.254
29100.000	0.254
29110.000	0.253
29120.000	0.254
29130.000	0.257
29140.000	0.261
29150.000	0.258
29160.000	0.252
29170.000	0.254
29180.000	0.254
29190.000	0.256
29200.000	0.259
29210.000	0.255
29220.000	0.256
29230.000	0.254
29240.000	0.254
29250.000	0.255
29260.000	0.255
29270.000	0.255
29280.000	0.259
29290.000	0.263
29300.000	0.259
29310.000	0.256
29320.000	0.257
29330.000	0.252
29340.000	0.255
29350.000	0.253
29360.000	0.254
29370.000	0.255
29380.000	0.259
29390.000	0.257
29400.000	0.250
29410.000	0.249
29420.000	0.253
29430.000	0.257
29440.000	0.254
29450.000	0.254
29460.000	0.251
29470.000	0.251
29480.000	0.247
29490.000	0.249
29500.000	0.249
29510.000	0.251
29520.000	0.252
29530.000	0.253
29540.000	0.251
29550.000	0.251
29560.000	0.252
29570.000	0.250
29580.000	0.246
29590.000	0.248
29600.000	0.247
29610.000	0.252
29620.000	0.248
29630.000	0.251
29640.000	0.254
29650.000	0.253
29660.000	0.249
29670.000	0.251
29680.000	0.247
29690.000	0.249
29700.000	0.245
29710.000	0.243
29720.000	0.247
29730.000	0.246
29740.000	0.254
29750.000	0.246
29760.000	0.246
29770.000	0.249
29780.000	0.244
29790.000	0.246
29800.000	0.244
29810.000	0.243
29820.000	0.248
29830.000	0.245
29840.000	0.247
29850.000	0.245
29860.000	0.244
29870.000	0.242
29880.000	0.247
29890.000	0.248
29900.000	0.247
29910.000	0.249
29920.000	0.248
29930.000	0.245
29940.000	0.250
29950.000	0.248
29960.000	0.245
29970.000	0.243
29980.000	0.244
29990.000	0.248
30000.000	0.241
30010.000	0.247
30020.000	0.245
30030.000	0.242
30040.000	0.242
30050.000	0.246
30060.000	0.244
30070.000	0.246
30080.000	0.241
30090.000	0.239
30100.000	0.239
30110.000	0.243
30120.000	0.243
30130.000	0.243
30140.000	0.240
30150.000	0.241
30160.000	0.243
30170.000	0.245
30180.000	0.247
30190.000	0.245
30200.000	0.241
30210.000	0.238
30220.000	0.236
30230.000	0.239
30240.000	0.241
30250.000	0.241
30260.000	0.239
30270.000	0.241
30280.000	0.238
30290.000	0.241
30300.000	0.243
30310.000	0.239
30320.000	0.237
30330.000	0.237
30340.000	0.240
30350.000	0.238
30360.000	0.239
30370.000	0.240
30380.000	0.238
30390.000	0.237
30400.000	0.239
30410.000	0.238
30420.000	0.237
30430.000	0.237
30440.000	0.236
30450.000	0.239
30460.000	0.239
30470.000	0.239
30480.000	0.237
30490.000	0.235
30500.000	0.233
30510.000	0.237
30520.000	0.236
30530.000	0.235
30540.000	0.236
30550.000	0.235
30560.000	0.239
30570.000	0.234
30580.000	0.232
30590.000	0.232
30600.000	0.231
30610.000	0.236
30620.000	0.234
30630.000	0.231
30640.000	0.235
30650.000	0.234
30660.000	0.235
30670.000	0.233
30680.000	0.230
30690.000	0.232
30700.000	0.233
30710.000	0.231
30720.000	0.228
30730.000	0.226
30740.000	0.232
30750.000	0.232
30760.000	0.232
30770.000	0.230
30780.000	0.232
30790.000	0.229
30800.000	0.229
30810.000	0.230
30820.000	0.228
30830.000	0.231
30840.000	0.231
30850.000	0.228
30860.000	0.228
30870.000	0.227
30880.000	0.227
30890.000	0.231
30900.000	0.233
30910.000	0.228
30920.000	0.230
30930.000	0.227
30940.000	0.227
30950.000	0.227
30960.000	0.230
30970.000	0.231
30980.000	0.228
30990.000	0.227
31000.000	0.225
31010.000	0.225
31020.000	0.224
31030.000	0.225
31040.000	0.225
31050.000	0.224
31060.000	0.220
31070.000	0.217
31080.000	0.220
31090.000	0.223
31100.000	0.228
31110.000	0.222
31120.000	0.224
31130.000	0.226
31140.000	0.227
31150.000	0.226
31160.000	0.228
31170.000	0.226
31180.000	0.221
31190.000	0.219
31200.000	0.223
31210.000	0.221
31220.000	0.219
31230.000	0.223
31240.000	0.224
31250.000	0.225
31260.000	0.224
31270.000	0.224
31280.000	0.221
31290.000	0.223
31300.000	0.223
31310.000	0.222
31320.000	0.216
31330.000	0.218
31340.000	0.220
31350.000	0.221
31360.000	0.221
31370.000	0.218
31380.000	0.218
31390.000	0.222
31400.000	0.217
31410.000	0.215
31420.000	0.214
31430.000	0.216
31440.000	0.218
31450.000	0.215
31460.000	0.216
31470.000	0.218
31480.000	0.218
31490.000	0.218
31500.000	0.218
31510.000	0.218
31520.000	0.219
31530.000	0.218
31540.000	0.215
31550.000	0.217
31560.000	0.217
31570.000	0.218
31580.000	0.216
31590.000	0.213
31600.000	0.210
31610.000	0.211
31620.000	0.216
31630.000	0.214
31640.000	0.216
31650.000	0.213
31660.000	0.214
31670.000	0.213
31680.000	0.215
31690.000	0.214
31700.000	0.213
31710.000	0.210
31720.000	0.210
31730.000	0.214
31740.000	0.211
31750.000	0.211
31760.000	0.209
31770.000	0.210
31780.000	0.206
31790.000	0.206
31800.000	0.206
31810.000	0.211
31820.000	0.207
31830.000	0.203
31840.000	0.205
31850.000	0.210
31860.000	0.213
31870.000	0.213
31880.000	0.216
31890.000	0.209
31900.000	0.206
31910.000	0.205
31920.000	0.205
31930.000	0.206
31940.000	0.205
31950.000	0.205
31960.000	0.206
31970.000	0.206
31980.000	0.206
31990.000	0.204
32000.000	0.202
32010.000	0.204
32020.000	0.207
32030.000	0.207
32040.000	0.204
32050.000	0.201
32060.000	0.204
32070.000	0.201
32080.000	0.199
32090.000	0.202
32100.000	0.200
32110.000	0.198
32120.000	0.197
32130.000	0.201
32140.000	0.198
32150.000	0.200
32160.000	0.201
32170.000	0.200
32180.000	0.204
32190.000	0.200
32200.000	0.198
32210.000	0.197
32220.000	0.196
32230.000	0.196
32240.000	0.194
32250.000	0.197
32260.000	0.197
32270.000	0.196
32280.000	0.197
32290.000	0.196
32300.000	0.193
32310.000	0.196
32320.000	0.197
32330.000	0.197
32340.000	0.196
32350.000	0.195
32360.000	0.193
32370.000	0.193
32380.000	0.194
32390.000	0.192
32400.000	0.192
32410.000	0.192
32420.000	0.191
32430.000	0.191
32440.000	0.194
32450.000	0.192
32460.000	0.186
32470.000	0.189
32480.000	0.189
32490.000	0.188
32500.000	0.194
32510.000	0.191
32520.000	0.189
32530.000	0.188
32540.000	0.186
32550.000	0.186
32560.000	0.188
32570.000	0.189
32580.000	0.190
32590.000	0.189
32600.000	0.187
32610.000	0.189
32620.000	0.186
32630.000	0.190
32640.000	0.191
32650.000	0.190
32660.000	0.187
32670.000	0.190
32680.000	0.187
32690.000	0.185
32700.000	0.182
32710.000	0.181
32720.000	0.183
32730.000	0.187
32740.000	0.186
32750.000	0.181
32760.000	0.181
32770.000	0.182
32780.000	0.178
32790.000	0.182
32800.000	0.180
32810.000	0.184
32820.000	0.177
32830.000	0.181
32840.000	0.176
32850.000	0.180
32860.000	0.178
32870.000	0.179
32880.000	0.179
32890.000	0.178
32900.000	0.176
32910.000	0.178
32920.000	0.178
32930.000	0.176
32940.000	0.178
32950.000	0.178
32960.000	0.174
32970.000	0.175
32980.000	0.178
32990.000	0.176
33000.000	0.178
33010.000	0.177
33020.000	0.174
33030.000	0.169
33040.000	0.172
33050.000	0.170
33060.000	0.172
33070.000	0.173
33080.000	0.174
33090.000	0.172
33100.000	0.169
33110.000	0.169
33120.000	0.171
33130.000	0.166
33140.000	0.172
33150.000	0.169
33160.000	0.166
33170.000	0.167
33180.000	0.169
33190.000	0.169
33200.000	0.165
33210.000	0.167
33220.000	0.169
33230.000	0.166
33240.000	0.164
33250.000	0.167
33260.000	0.165
33270.000	0.167
33280.000	0.160
33290.000	0.161
33300.000	0.161
33310.000	0.161
33320.000	0.162
33330.000	0.163
33340.000	0.158
33350.000	0.159
33360.000	0.160
33370.000	0.160
33380.000	0.157
33390.000	0.158
33400.000	0.159
33410.000	0.157
33420.000	0.155
33430.000	0.155
33440.000	0.157
33450.000	0.156
33460.000	0.155
33470.000	0.153
33480.000	0.150
33490.000	0.151
33500.000	0.153
33510.000	0.153
33520.000	0.150
33530.000	0.150
33540.000	0.149
33550.000	0.149
33560.000	0.150
33570.000	0.148
33580.000	0.152
33590.000	0.151
33600.000	0.152
33610.000	0.149
33620.000	0.148
33630.000	0.147
33640.000	0.142
33650.000	0.143
33660.000	0.145
33670.000	0.146
33680.000	0.147
33690.000	0.147
33700.000	0.145
33710.000	0.148
33720.000	0.149
33730.000	0.146
33740.000	0.147
33750.000	0.144
33760.000	0.142
33770.000	0.143
33780.000	0.140
33790.000	0.140
33800.000	0.142
33810.000	0.140
33820.000	0.139
33830.000	0.137
33840.000	0.139
33850.000	0.141
33860.000	0.141
33870.000	0.141
33880.000	0.139
33890.000	0.138
33900.000	0.141
33910.000	0.139
33920.000	0.137
33930.000	0.137
33940.000	0.136
33950.000	0.137
33960.000	0.134
33970.000	0.133
33980.000	0.135
33990.000	0.134
34000.000	0.134
34010.000	0.131
34020.000	0.129
34030.000	0.131
34040.000	0.133
34050.000	0.131
34060.000	0.132
34070.000	0.132
34080.000	0.131
34090.000	0.127
34100.000	0.128
34110.000	0.128
34120.000	0.126
34130.000	0.123
34140.000	0.125
34150.000	0.126
34160.000	0.126
34170.000	0.125
34180.000	0.124
34190.000	0.126
34200.000	0.125
34210.000	0.123
34220.000	0.128
34230.000	0.125
34240.000	0.122
34250.000	0.123
34260.000	0.121
34270.000	0.121
34280.000	0.122
34290.000	0.119
34300.000	0.118
34310.000	0.119
34320.000	0.118
34330.000	0.118
34340.000	0.119
34350.000	0.115
34360.000	0.118
34370.000	0.117
34380.000	0.115
34390.000	0.117
34400.000	0.119
34410.000	0.115
34420.000	0.113
34430.000	0.114
34440.000	0.113
34450.000	0.112
34460.000	0.114
34470.000	0.113
34480.000	0.113
34490.000	0.112
34500.000	0.112
34510.000	0.112
34520.000	0.108
34530.000	0.111
34540.000	0.110
34550.000	0.108
34560.000	0.107
34570.000	0.108
34580.000	0.107
34590.000	0.105
34600.000	0.105
34610.000	0.105
34620.000	0.105
34630.000	0.106
34640.000	0.104
34650.000	0.104
34660.000	0.105
34670.000	0.105
34680.000	0.103
34690.000	0.103
34700.000	0.103
34710.000	0.102
34720.000	0.101
34730.000	0.103
34740.000	0.099
34750.000	0.103
34760.000	0.101
34770.000	0.102
34780.000	0.099
34790.000	0.100
34800.000	0.102
34810.000	0.102
34820.000	0.100
34830.000	0.098
34840.000	0.098
34850.000	0.097
34860.000	0.098
34870.000	0.099
34880.000	0.098
34890.000	0.096
34900.000	0.095
34910.000	0.094
34920.000	0.094
34930.000	0.094
34940.000	0.092
34950.000	0.090
34960.000	0.090
34970.000	0.086
34980.000	0.087
34990.000	0.089
35000.000	0.091
35010.000	0.088
35020.000	0.085
35030.000	0.090
35040.000	0.089
35050.000	0.089
35060.000	0.087
35070.000	0.087
35080.000	0.089
35090.000	0.089
35100.000	0.087
35110.000	0.085
35120.000	0.084
35130.000	0.086
35140.000	0.084
35150.000	0.086
35160.000	0.084
35170.000	0.084
35180.000	0.084
35190.000	0.084
35200.000	0.080
35210.000	0.081
35220.000	0.079
35230.000	0.080
35240.000	0.079
35250.000	0.079
35260.000	0.081
35270.000	0.079
35280.000	0.080
35290.000	0.078
35300.000	0.077
35310.000	0.078
35320.000	0.079
35330.000	0.080
35340.000	0.076
35350.000	0.076
35360.000	0.076
35370.000	0.075
35380.000	0.076
35390.000	0.075
35400.000	0.077
35410.000	0.077
35420.000	0.073
35430.000	0.074
35440.000	0.072
35450.000	0.072
35460.000	0.071
35470.000	0.069
35480.000	0.070
35490.000	0.070
35500.000	0.073
35510.000	0.071
35520.000	0.069
35530.000	0.070
35540.000	0.067
35550.000	0.070
35560.000	0.069
35570.000	0.070
35580.000	0.069
35590.000	0.068
35600.000	0.067
35610.000	0.067
35620.000	0.065
35630.000	0.065
35640.000	0.067
35650.000	0.067
35660.000	0.066
35670.000	0.065
35680.000	0.066
35690.000	0.065
35700.000	0.064
35710.000	0.062
35720.000	0.063
35730.000	0.064
35740.000	0.062
35750.000	0.062
35760.000	0.062
35770.000	0.060
35780.000	0.059
35790.000	0.061
35800.000	0.060
35810.000	0.060
35820.000	0.060
35830.000	0.058
35840.000	0.059
35850.000	0.059
35860.000	0.059
35870.000	0.059
35880.000	0.059
35890.000	0.059
35900.000	0.057
35910.000	0.058
35920.000	0.059
35930.000	0.056
35940.000	0.056
35950.000	0.056
35960.000	0.056
35970.000	0.056
35980.000	0.058
35990.000	0.058
36000.000	0.058
36010.000	0.055
36020.000	0.053
36030.000	0.055
36040.000	0.055
36050.000	0.056
36060.000	0.055
36070.000	0.054
36080.000	0.052
36090.000	0.052
36100.000	0.053
36110.000	0.053
36120.000	0.054
36130.000	0.051
36140.000	0.053
36150.000	0.050
36160.000	0.051
36170.000	0.050
36180.000	0.049
36190.000	0.048
36200.000	0.048
36210.000	0.049
36220.000	0.050
36230.000	0.049
36240.000	0.048
36250.000	0.048
36260.000	0.048
36270.000	0.047
36280.000	0.046
36290.000	0.046
36300.000	0.046
36310.000	0.045
36320.000	0.047
36330.000	0.047
36340.000	0.045
36350.000	0.047
36360.000	0.047
36370.000	0.043
36380.000	0.043
36390.000	0.043
36400.000	0.044
36410.000	0.043
36420.000	0.042
36430.000	0.042
36440.000	0.042
36450.000	0.042
36460.000	0.042
36470.000	0.042
36480.000	0.043
36490.000	0.042
36500.000	0.041
36510.000	0.040
36520.000	0.042
36530.000	0.041
36540.000	0.041
36550.000	0.041
36560.000	0.039
36570.000	0.038
36580.000	0.038
36590.000	0.040
36600.000	0.039
36610.000	0.038
36620.000	0.038
36630.000	0.039
36640.000	0.040
36650.000	0.037
36660.000	0.038
36670.000	0.037
36680.000	0.037
36690.000	0.036
36700.000	0.036
36710.000	0.037
36720.000	0.036
36730.000	0.036
36740.000	0.036
36750.000	0.037
36760.000	0.035
36770.000	0.036
36780.000	0.036
36790.000	0.035
36800.000	0.034
36810.000	0.035
36820.000	0.033
36830.000	0.033
36840.000	0.034
36850.000	0.032
36860.000	0.034
36870.000	0.034
36880.000	0.033
36890.000	0.032
36900.000	0.032
36910.000	0.033
36920.000	0.032
36930.000	0.032
36940.000	0.033
36950.000	0.031
36960.000	0.030
36970.000	0.033
36980.000	0.030
36990.000	0.030
37000.000	0.031
37010.000	0.031
37020.000	0.029
37030.000	0.029
37040.000	0.030
37050.000	0.029
37060.000	0.029
37070.000	0.028
37080.000	0.028
37090.000	0.029
37100.000	0.028
37110.000	0.027
37120.000	0.028
37130.000	0.028
37140.000	0.028
37150.000	0.027
37160.000	0.027
37170.000	0.027
37180.000	0.027
37190.000	0.027
37200.000	0.027
37210.000	0.027
37220.000	0.026
37230.000	0.025
37240.000	0.026
37250.000	0.026
37260.000	0.026
37270.000	0.026
37280.000	0.026
37290.000	0.026
37300.000	0.026
37310.000	0.026
37320.000	0.027
37330.000	0.026
37340.000	0.025
37350.000	0.024
37360.000	0.023
37370.000	0.024
37380.000	0.024
37390.000	0.024
37400.000	0.024
37410.000	0.024
37420.000	0.023
37430.000	0.023
37440.000	0.023
37450.000	0.022
37460.000	0.023
37470.000	0.023
37480.000	0.024
37490.000	0.024
37500.000	0.024
37510.000	0.023
37520.000	0.023
37530.000	0.023
37540.000	0.022
37550.000	0.020
37560.000	0.020
37570.000	0.020
37580.000	0.021
37590.000	0.022
37600.000	0.022
37610.000	0.022
37620.000	0.021
37630.000	0.022
37640.000	0.022
37650.000	0.021
37660.000	0.022
37670.000	0.020
37680.000	0.020
37690.000	0.021
37700.000	0.020
37710.000	0.021
37720.000	0.020
37730.000	0.019
37740.000	0.019
37750.000	0.020
37760.000	0.020
37770.000	0.020
37780.000	0.020
37790.000	0.020
37800.000	0.019
37810.000	0.019
37820.000	0.019
37830.000	0.019
37840.000	0.019
37850.000	0.018
37860.000	0.019
37870.000	0.018
37880.000	0.019
37890.000	0.019
37900.000	0.017
37910.000	0.017
37920.000	0.017
37930.000	0.017
37940.000	0.018
37950.000	0.018
37960.000	0.018
37970.000	0.017
37980.000	0.016
37990.000	0.017
38000.000	0.016
38010.000	0.016
38020.000	0.016
38030.000	0.017
38040.000	0.016
38050.000	0.017
38060.000	0.016
38070.000	0.016
38080.000	0.017
38090.000	0.015
38100.000	0.016
38110.000	0.015
38120.000	0.016
38130.000	0.014
38140.000	0.014
38150.000	0.016
38160.000	0.014
38170.000	0.014
38180.000	0.015
38190.000	0.015
38200.000	0.015
38210.000	0.015
38220.000	0.014
38230.000	0.014
38240.000	0.014
38250.000	0.015
38260.000	0.014
38270.000	0.014
38280.000	0.013
38290.000	0.012
38300.000	0.012
38310.000	0.013
38320.000	0.012
38330.000	0.014
38340.000	0.014
38350.000	0.014
38360.000	0.014
38370.000	0.014
38380.000	0.012
38390.000	0.013
38400.000	0.013
38410.000	0.012
38420.000	0.012
38430.000	0.013
38440.000	0.012
38450.000	0.013
38460.000	0.013
38470.000	0.013
38480.000	0.013
38490.000	0.013
38500.000	0.012
38510.000	0.012
38520.000	0.012
38530.000	0.012
38540.000	0.012
38550.000	0.011
38560.000	0.011
38570.000	0.011
38580.000	0.011
38590.000	0.013
38600.000	0.012
38610.000	0.011
38620.000	0.011
38630.000	0.011
38640.000	0.011
38650.000	0.011
38660.000	0.012
38670.000	0.011
38680.000	0.011
38690.000	0.012
38700.000	0.011
38710.000	0.011
38720.000	0.011
38730.000	0.010
38740.000	0.009
38750.000	0.010
38760.000	0.010
38770.000	0.010
38780.000	0.010
38790.000	0.009
38800.000	0.010
38810.000	0.011
38820.000	0.010
38830.000	0.009
38840.000	0.008
38850.000	0.010
38860.000	0.009
38870.000	0.009
38880.000	0.010
38890.000	0.011
38900.000	0.011
38910.000	0.009
38920.000	0.009
38930.000	0.009
38940.000	0.009
38950.000	0.008
38960.000	0.009
38970.000	0.008
38980.000	0.008
38990.000	0.009
39000.000	0.008
39010.000	0.008
39020.000	0.008
39030.000	0.008
39040.000	0.008
39050.000	0.007
39060.000	0.008
39070.000	0.008
39080.000	0.008
39090.000	0.008
39100.000	0.008
39110.000	0.008
39120.000	0.007
39130.000	0.008
39140.000	0.009
39150.000	0.008
39160.000	0.008
39170.000	0.007
39180.000	0.007
39190.000	0.008
39200.000	0.008
39210.000	0.008
39220.000	0.008
39230.000	0.007
39240.000	0.008
39250.000	0.007
39260.000	0.008
39270.000	0.008
39280.000	0.007
39290.000	0.007
39300.000	0.007
39310.000	0.007
39320.000	0.007
39330.000	0.007
39340.000	0.007
39350.000	0.007
39360.000	0.007
39370.000	0.007
39380.000	0.007
39390.000	0.007
39400.000	0.007
39410.000	0.007
39420.000	0.007
39430.000	0.007
39440.000	0.007
39450.000	0.007
39460.000	0.007
39470.000	0.007
39480.000	0.007
39490.000	0.007
39500.000	0.007
39510.000	0.007
39520.000	0.007
39530.000	0.007
39540.000	0.007
39550.000	0.007
39560.000	0.007
39570.000	0.007
39580.000	0.007
39590.000	0.007
39600.000	0.007
39610.000	0.006
39620.000	0.007
39630.000	0.006
39640.000	0.007
39650.000	0.006
39660.000	0.007
39670.000	0.007
39680.000	0.007
39690.000	0.006
39700.000	0.005
39710.000	0.005
39720.000	0.006
39730.000	0.007
39740.000	0.005
39750.000	0.006
39760.000	0.005
39770.000	0.006
39780.000	0.006
39790.000	0.006
39800.000	0.006
39810.000	0.005
39820.000	0.006
39830.000	0.005
39840.000	0.006
39850.000	0.007
39860.000	0.007
39870.000	0.006
39880.000	0.006
39890.000	0.006
39900.000	0.006
39910.000	0.006
39920.000	0.006
39930.000	0.006
39940.000	0.006
39950.000	0.006
39960.000	0.005
39970.000	0.005
39980.000	0.006
39990.000	0.005
40000.000	0.005
40010.000	0.006
40020.000	0.005
40030.000	0.005
40040.000	0.006
40050.000	0.005
40060.000	0.006
40070.000	0.005
40080.000	0.005
40090.000	0.005
40100.000	0.005
40110.000	0.005
40120.000	0.005
40130.000	0.005
40140.000	0.005
40150.000	0.005
40160.000	0.005
40170.000	0.005
40180.000	0.004
40190.000	0.005
40200.000	0.005
40210.000	0.006
40220.000	0.005
40230.000	0.005
40240.000	0.004
40250.000	0.005
40260.000	0.006
40270.000	0.006
40280.000	0.005
40290.000	0.005
40300.000	0.005
40310.000	0.005
40320.000	0.004
40330.000	0.004
40340.000	0.005
40350.000	0.004
40360.000	0.004
40370.000	0.004
40380.000	0.004
40390.000	0.004
40400.000	0.004
40410.000	0.004
40420.000	0.004
40430.000	0.004
40440.000	0.005
40450.000	0.005
40460.000	0.005
40470.000	0.004
40480.000	0.004
40490.000	0.004
40500.000	0.005
40510.000	0.004
40520.000	0.004
40530.000	0.004
40540.000	0.003
40550.000	0.004
40560.000	0.004
40570.000	0.004
40580.000	0.004
40590.000	0.004
40600.000	0.005
40610.000	0.005
40620.000	0.004
40630.000	0.004
40640.000	0.003
40650.000	0.004
40660.000	0.004
40670.000	0.004
40680.000	0.004
40690.000	0.004
40700.000	0.004
40710.000	0.004
40720.000	0.004
40730.000	0.004
40740.000	0.004
40750.000	0.003
40760.000	0.004
40770.000	0.004
40780.000	0.003
40790.000	0.004
40800.000	0.004
40810.000	0.004
40820.000	0.004
40830.000	0.004
40840.000	0.004
40850.000	0.004
40860.000	0.003
40870.000	0.004
40880.000	0.004
40890.000	0.006
40900.000	0.005
40910.000	0.004
40920.000	0.003
40930.000	0.003
40940.000	0.004
40950.000	0.003
40960.000	0.003
40970.000	0.003
40980.000	0.003
40990.000	0.003
41000.000	0.003
41010.000	0.003
41020.000	0.003
41030.000	0.003
41040.000	0.003
41050.000	0.003
41060.000	0.002
41070.000	0.003
41080.000	0.004
41090.000	0.004
41100.000	0.004
41110.000	0.003
41120.000	0.003
41130.000	0.003
41140.000	0.003
41150.000	0.003
41160.000	0.003
41170.000	0.003
41180.000	0.003
41190.000	0.003
41200.000	0.003
41210.000	0.003
41220.000	0.003
41230.000	0.003
41240.000	0.003
41250.000	0.002
41260.000	0.003
41270.000	0.003
41280.000	0.003
41290.000	0.002
41300.000	0.002
41310.000	0.003
41320.000	0.003
41330.000	0.003
41340.000	0.003
41350.000	0.002
41360.000	0.003
41370.000	0.003
41380.000	0.002
41390.000	0.002
41400.000	0.003
41410.000	0.004
41420.000	0.003
41430.000	0.003
41440.000	0.003
41450.000	0.002
41460.000	0.002
41470.000	0.002
41480.000	0.002
41490.000	0.003
41500.000	0.003
41510.000	0.002
41520.000	0.002
41530.000	0.002
41540.000	0.002
41550.000	0.002
41560.000	0.003
41570.000	0.003
41580.000	0.003
41590.000	0.003
41600.000	0.002
41610.000	0.002
41620.000	0.003
41630.000	0.003
41640.000	0.002
41650.000	0.003
41660.000	0.003
41670.000	0.002
41680.000	0.002
41690.000	0.002
41700.000	0.002
41710.000	0.002
41720.000	0.002
41730.000	0.002
41740.000	0.002
41750.000	0.002
41760.000	0.002
41770.000	0.003
41780.000	0.003
41790.000	0.003
41800.000	0.002
41810.000	0.002
41820.000	0.002
41830.000	0.003
41840.000	0.002
41850.000	0.002
41860.000	0.001
41870.000	0.002
41880.000	0.002
41890.000	0.003
41900.000	0.002
41910.000	0.003
41920.000	0.002
41930.000	0.002
41940.000	0.002
41950.000	0.002
41960.000	0.002
41970.000	0.002
41980.000	0.002
41990.000	0.002
42000.000	0.002
42010.000	0.002
42020.000	0.002
42030.000	0.002
42040.000	0.002
42050.000	0.002
42060.000	0.002
42070.000	0.001
42080.000	0.002
42090.000	0.002
42100.000	0.002
42110.000	0.002
42120.000	0.003
42130.000	0.002
42140.000	0.002
42150.000	0.002
42160.000	0.002
42170.000	0.002
42180.000	0.002
42190.000	0.002
42200.000	0.002
42210.000	0.003
42220.000	0.002
42230.000	0.001
42240.000	0.002
42250.000	0.002
42260.000	0.002
42270.000	0.002
42280.000	0.002
42290.000	0.002
42300.000	0.001
42310.000	0.002
42320.000	0.002
42330.000	0.002
42340.000	0.002
42350.000	0.002
42360.000	0.002
42370.000	0.002
42380.000	0.002
42390.000	0.001
42400.000	0.002
42410.000	0.002
42420.000	0.002
42430.000	0.002
42440.000	0.002
42450.000	0.002
42460.000	0.002
42470.000	0.002
42480.000	0.001
42490.000	0.002
42500.000	0.002
42510.000	0.002
42520.000	0.002
42530.000	0.002
42540.000	0.001
42550.000	0.001
42560.000	0.002
42570.000	0.002
42580.000	0.002
42590.000	0.002
42600.000	0.002
42610.000	0.002
42620.000	0.002
42630.000	0.002
42640.000	0.002
42650.000	0.002
42660.000	0.002
42670.000	0.001
42680.000	0.001
42690.000	0.001
42700.000	0.002
42710.000	0.002
42720.000	0.002
42730.000	0.002
42740.000	0.001
42750.000	0.002
42760.000	0.002
42770.000	0.002
42780.000	0.002
42790.000	0.002
42800.000	0.002
42810.000	0.002
42820.000	0.001
42830.000	0.002
42840.000	0.002
42850.000	0.002
42860.000	0.002
42870.000	0.002
42880.000	0.002
42890.000	0.001
42900.000	0.001
42910.000	0.001
42920.000	0.001
42930.000	0.001
42940.000	0.001
42950.000	0.001
42960.000	0.001
42970.000	0.001
42980.000	0.002
42990.000	0.002
43000.000	0.002
43010.000	0.002
43020.000	0.001
43030.000	0.001
43040.000	0.002
43050.000	0.002
43060.000	0.001
43070.000	0.001
43080.000	0.001
43090.000	0.001
43100.000	0.001
43110.000	0.002
43120.000	0.002
43130.000	0.001
43140.000	0.002
43150.000	0.002
43160.000	0.002
43170.000	0.001
43180.000	0.002
43190.000	0.002
43200.000	0.001
43210.000	0.002
43220.000	0.001
43230.000	0.001
43240.000	0.001
43250.000	0.001
43260.000	0.001
43270.000	0.002
43280.000	0.002
43290.000	0.002
43300.000	0.002
43310.000	0.001
43320.000	0.002
43330.000	0.001
43340.000	0.002
43350.000	0.002
43360.000	0.001
43370.000	0.001
43380.000	0.002
43390.000	0.001
43400.000	0.001
43410.000	0.001
43420.000	0.001
43430.000	0.001
43440.000	0.002
43450.000	0.002
43460.000	0.001
43470.000	0.001
43480.000	0.001
43490.000	0.001
43500.000	0.001
43510.000	0.002
43520.000	0.001
43530.000	0.002
43540.000	0.001
43550.000	0.001
43560.000	0.001
43570.000	0.001
43580.000	0.002
43590.000	0.002
43600.000	0.001
43610.000	0.001
43620.000	0.001
43630.000	0.002
43640.000	0.001
43650.000	0.002
43660.000	0.002
43670.000	0.002
43680.000	0.002
43690.000	0.001
43700.000	0.001
43710.000	0.001
43720.000	0.001
43730.000	0.001
43740.000	0.001
43750.000	0.001
43760.000	0.001
43770.000	0.001
43780.000	0.001
43790.000	0.001
43800.000	0.002
43810.000	0.002
43820.000	0.002
43830.000	0.002
43840.000	0.002
43850.000	0.001
43860.000	0.001
43870.000	0.002
43880.000	0.001
43890.000	0.001
43900.000	0.001
43910.000	0.001
43920.000	0.002
43930.000	0.001
43940.000	0.001
43950.000	0.001
43960.000	0.002
43970.000	0.001
43980.000	0.001
43990.000	0.002
44000.000	0.002
44010.000	0.001
44020.000	0.002
44030.000	0.001
44040.000	0.001
44050.000	0.001
44060.000	0.001
44070.000	0.001
44080.000	0.001
44090.000	0.001
44100.000	0.001
44110.000	0.002
44120.000	0.001
44130.000	0.000
44140.000	0.001
44150.000	0.001
44160.000	0.001
44170.000	0.001
44180.000	0.001
44190.000	0.001
44200.000	0.001
44210.000	0.001
44220.000	0.001
44230.000	0.001
44240.000	0.002
44250.000	0.002
44260.000	0.002
44270.000	0.001
44280.000	0.001
44290.000	0.002
44300.000	0.001
44310.000	0.001
44320.000	0.001
44330.000	0.001
44340.000	0.002
44350.000	0.001
44360.000	0.001
44370.000	0.001
44380.000	0.001
44390.000	0.001
44400.000	0.001
44410.000	0.002
44420.000	0.001
44430.000	0.001
44440.000	0.001
44450.000	0.002
44460.000	0.001
44470.000	0.001
44480.000	0.000
44490.000	0.001
44500.000	0.002
44510.000	0.001
44520.000	0.001
44530.000	0.001
44540.000	0.002
44550.000	0.002
44560.000	0.001
44570.000	0.001
44580.000	0.001
44590.000	0.000
44600.000	0.000
44610.000	0.001
44620.000	0.002
44630.000	0.001
44640.000	0.001
44650.000	0.001
44660.000	0.001
44670.000	0.001
44680.000	0.001
44690.000	0.001
44700.000	0.001
44710.000	0.001
44720.000	0.002
44730.000	0.001
44740.000	0.001
44750.000	0.001
44760.000	0.000
44770.000	0.001
44780.000	0.001
44790.000	0.001
44800.000	0.001
44810.000	0.001
44820.000	0.000
44830.000	0.001
44840.000	0.001
44850.000	0.001
44860.000	0.001
44870.000	0.001
44880.000	0.001
44890.000	0.002
44900.000	0.001
44910.000	0.001
44920.000	0.001
44930.000	0.001
44940.000	0.001
44950.000	0.001
44960.000	0.000
44970.000	0.000
44980.000	0.001
44990.000	0.001
45000.000	0.001
45010.000	0.001
45020.000	0.001
45030.000	0.001
45040.000	0.001
45050.000	0.000
45060.000	0.001
45070.000	0.001
45080.000	0.001
45090.000	0.001
45100.000	0.001
45110.000	0.001
45120.000	0.001
45130.000	0.001
45140.000	0.001
45150.000	0.000
45160.000	0.000
45170.000	0.001
45180.000	0.001
45190.000	0.001
45200.000	0.001
45210.000	0.001
45220.000	0.001
45230.000	0.001
45240.000	0.001
45250.000	0.002
45260.000	0.001
45270.000	0.001
45280.000	0.001
45290.000	0.001
45300.000	0.001
45310.000	0.001
45320.000	0.001
45330.000	0.000
45340.000	0.001
45350.000	0.001
45360.000	0.001
45370.000	0.001
45380.000	0.001
45390.000	0.000
45400.000	0.000
45410.000	0.001
45420.000	0.001
45430.000	0.001
45440.000	0.001
45450.000	0.001
45460.000	0.000
45470.000	0.001
45480.000	0.001
45490.000	0.001
45500.000	0.001
45510.000	0.001
45520.000	0.001
45530.000	0.001
45540.000	0.000
45550.000	0.001
45560.000	0.001
45570.000	0.001
45580.000	0.001
45590.000	0.001
45600.000	0.001
45610.000	0.001
45620.000	0.001
45630.000	0.000
45640.000	0.001
45650.000	0.001
45660.000	0.001
45670.000	0.001
45680.000	0.001
45690.000	0.001
45700.000	0.001
45710.000	0.001
45720.000	0.001
45730.000	0.001
45740.000	0.000
45750.000	0.001
45760.000	0.001
45770.000	0.001
45780.000	0.000
45790.000	0.001
45800.000	0.000
45810.000	0.001
45820.000	0.001
45830.000	0.001
45840.000	0.001
45850.000	0.001
45860.000	0.001
45870.000	0.001
45880.000	0.001
45890.000	0.001
45900.000	0.001
45910.000	0.001
45920.000	0.000
45930.000	0.001
45940.000	0.002
45950.000	0.002
45960.000	0.001
45970.000	0.001
45980.000	0.001
45990.000	0.001
46000.000	0.001
46010.000	0.001
46020.000	0.001
46030.000	0.001
46040.000	0.001
46050.000	0.001
46060.000	0.001
46070.000	0.001
46080.000	0.001
46090.000	0.001
46100.000	0.001
46110.000	0.002
46120.000	0.001
46130.000	0.002
46140.000	0.001
46150.000	0.001
46160.000	0.001
46170.000	0.001
46180.000	0.001
46190.000	0.001
46200.000	0.001
46210.000	0.001
46220.000	0.002
46230.000	0.002
46240.000	0.001
46250.000	0.001
46260.000	0.000
46270.000	0.001
46280.000	0.001
46290.000	0.001
46300.000	0.001
46310.000	0.001
46320.000	0.001
46330.000	0.001
46340.000	0.001
46350.000	0.001
46360.000	0.001
46370.000	0.001
46380.000	0.001
46390.000	0.000
46400.000	0.001
46410.000	0.001
46420.000	0.001
46430.000	0.002
46440.000	0.001
46450.000	0.001
46460.000	0.001
46470.000	0.001
46480.000	0.001
46490.000	0.001
46500.000	0.001
46510.000	0.001
46520.000	0.001
46530.000	0.001
46540.000	0.001
46550.000	0.001
46560.000	0.000
46570.000	0.002
46580.000	0.001
46590.000	0.001
46600.000	0.001
46610.000	0.001
46620.000	0.001
46630.000	0.001
46640.000	0.000
46650.000	0.000
46660.000	0.001
46670.000	0.002
46680.000	0.002
46690.000	0.001
46700.000	0.001
46710.000	0.001
46720.000	0.001
46730.000	0.002
46740.000	0.001
46750.000	0.001
46760.000	0.001
46770.000	0.000
46780.000	0.001
46790.000	0.001
46800.000	0.001
46810.000	0.001
46820.000	0.001
46830.000	0.001
46840.000	0.001
46850.000	0.001
46860.000	0.001
46870.000	0.002
46880.000	0.001
46890.000	0.001
46900.000	0.000
46910.000	0.000
46920.000	0.001
46930.000	0.001
46940.000	0.001
46950.000	0.000
46960.000	0.000
46970.000	0.001
46980.000	0.000
46990.000	0.001
47000.000	0.001
47010.000	0.001
47020.000	0.001
47030.000	0.000
47040.000	0.001
47050.000	0.001
47060.000	0.001
47070.000	0.001
47080.000	0.001
47090.000	0.001
47100.000	0.001
47110.000	0.000
47120.000	0.000
47130.000	0.001
47140.000	0.001
47150.000	0.000
47160.000	0.001
47170.000	0.001
47180.000	0.001
47190.000	0.001
47200.000	0.001
47210.000	0.000
47220.000	0.001
47230.000	0.001
47240.000	0.001
47250.000	0.001
47260.000	0.001
47270.000	0.000
47280.000	0.001
47290.000	0.001
47300.000	0.001
47310.000	0.001
47320.000	0.001
47330.000	0.001
47340.000	0.001
47350.000	0.000
47360.000	0.001
47370.000	0.002
47380.000	0.001
47390.000	0.000
47400.000	0.001
47410.000	0.001
47420.000	0.000
47430.000	0.001
47440.000	0.001
47450.000	0.001
47460.000	0.001
47470.000	0.001
47480.000	0.001
47490.000	0.001
47500.000	0.001
47510.000	0.000
47520.000	0.000
47530.000	0.001
47540.000	0.001
47550.000	0.000
47560.000	0.001
47570.000	0.001
47580.000	0.001
47590.000	0.001
47600.000	0.000
47610.000	0.001
47620.000	0.001
47630.000	0.002
47640.000	0.001
47650.000	0.001
47660.000	0.001
47670.000	0.001
47680.000	0.000
47690.000	0.000
47700.000	0.001
47710.000	0.001
47720.000	0.001
47730.000	0.002
47740.000	0.002
47750.000	0.001
47760.000	0.001
47770.000	0.001
47780.000	0.001
47790.000	0.001
47800.000	0.001
47810.000	-0.000
47820.000	0.001
47830.000	0.001
47840.000	0.000
47850.000	0.000
47860.000	0.001
47870.000	0.001
47880.000	0.001
47890.000	0.001
47900.000	0.001
47910.000	0.001
47920.000	0.001
47930.000	0.001
47940.000	0.001
47950.000	0.001
47960.000	0.001
47970.000	0.001
47980.000	-0.000
47990.000	0.000
48000.000	0.000
48010.000	0.001
48020.000	0.001
48030.000	0.002
48040.000	0.001
48050.000	0.001
48060.000	0.001
48070.000	0.001
48080.000	0.001
48090.000	0.000
48100.000	0.001
48110.000	0.001
48120.000	0.001
48130.000	0.001
48140.000	0.001
48150.000	0.001
48160.000	0.001
48170.000	0.001
48180.000	0.001
48190.000	0.000
48200.000	0.000
48210.000	0.001
48220.000	0.000
48230.000	0.001
48240.000	0.001
48250.000	0.001
48260.000	0.001
48270.000	0.001
48280.000	0.000
48290.000	0.001
48300.000	-0.000
48310.000	0.000
48320.000	0.000
48330.000	0.001
48340.000	0.001
48350.000	0.001
48360.000	0.000
48370.000	0.001
48380.000	0.001
48390.000	0.001
48400.000	0.001
48410.000	0.001
48420.000	0.001
48430.000	0.000
48440.000	0.001
48450.000	0.001
48460.000	0.000
48470.000	0.001
48480.000	0.001
48490.000	0.001
48500.000	0.001
48501.000	0.000
