10.000	0.004
20.000	0.004
30.000	0.004
40.000	0.004
50.000	0.004
60.000	0.005
70.000	0.004
80.000	0.005
90.000	0.005
100.000	0.005
110.000	0.005
120.000	0.005
130.000	0.004
140.000	0.004
150.000	0.004
160.000	0.005
170.000	0.005
180.000	0.005
190.000	0.005
200.000	0.005
210.000	0.005
220.000	0.005
230.000	0.004
240.000	0.005
250.000	0.005
260.000	0.005
270.000	0.006
280.000	0.005
290.000	0.005
300.000	0.005
310.000	0.004
320.000	0.005
330.000	0.005
340.000	0.005
350.000	0.005
360.000	0.005
370.000	0.004
380.000	0.005
390.000	0.005
400.000	0.005
410.000	0.005
420.000	0.005
430.000	0.005
440.000	0.005
450.000	0.004
460.000	0.004
470.000	0.005
480.000	0.005
490.000	0.006
500.000	0.005
510.000	0.005
520.000	0.005
530.000	0.005
540.000	0.005
550.000	0.005
560.000	0.005
570.000	0.005
580.000	0.005
590.000	0.004
600.000	0.005
610.000	0.005
620.000	0.005
630.000	0.005
640.000	0.006
650.000	0.005
660.000	0.005
670.000	0.005
680.000	0.006
690.000	0.006
700.000	0.006
710.000	0.005
720.000	0.005
730.000	0.005
740.000	0.005
750.000	0.005
760.000	0.004
770.000	0.005
780.000	0.006
790.000	0.006
800.000	0.005
810.000	0.006
820.000	0.006
830.000	0.006
840.000	0.005
850.000	0.005
860.000	0.005
870.000	0.005
880.000	0.005
890.000	0.005
900.000	0.006
910.000	0.005
920.000	0.006
930.000	0.005
940.000	0.005
950.000	0.005
960.000	0.007
970.000	0.006
980.000	0.005
990.000	0.004
1000.000	0.006
1010.000	0.006
1020.000	0.005
1030.000	0.005
1040.000	0.006
1050.000	0.005
1060.000	0.006
1070.000	0.006
1080.000	0.006
1090.000	0.006
1100.000	0.005
1110.000	0.005
1120.000	0.005
1130.000	0.006
1140.000	0.006
1150.000	0.006
1160.000	0.005
1170.000	0.006
1180.000	0.006
1190.000	0.006
1200.000	0.006
1210.000	0.006
1220.000	0.006
1230.000	0.006
1240.000	0.006
1250.000	0.006
1260.000	0.006
1270.000	0.006
1280.000	0.006
1290.000	0.006
1300.000	0.006
1310.000	0.006
1320.000	0.005
1330.000	0.005
1340.000	0.006
1350.000	0.006
1360.000	0.005
1370.000	0.005
1380.000	0.005
1390.000	0.005
1400.000	0.006
1410.000	0.006
1420.000	0.005
1430.000	0.006
1440.000	0.006
1450.000	0.006
1460.000	0.006
1470.000	0.006
1480.000	0.006
1490.000	0.006
1500.000	0.007
1510.000	0.006
1520.000	0.006
1530.000	0.006
1540.000	0.006
1550.000	0.006
1560.000	0.007
1570.000	0.006
1580.000	0.007
1590.000	0.006
1600.000	0.006
1610.000	0.006
1620.000	0.005
1630.000	0.006
1640.000	0.006
1650.000	0.006
1660.000	0.006
1670.000	0.006
1680.000	0.006
1690.000	0.006
1700.000	0.006
1710.000	0.006
1720.000	0.006
1730.000	0.006
1740.000	0.007
1750.000	0.007
1760.000	0.006
1770.000	0.006
1780.000	0.006
1790.000	0.006
1800.000	0.007
1810.000	0.007
1820.000	0.006
1830.000	0.006
1840.000	0.006
1850.000	0.005
1860.000	0.006
1870.000	0.006
1880.000	0.006
1890.000	0.007
1900.000	0.006
1910.000	0.007
1920.000	0.006
1930.000	0.006
1940.000	0.007
1950.000	0.006
1960.000	0.006
1970.000	0.007
1980.000	0.006
1990.000	0.006
2000.000	0.007
2010.000	0.006
2020.000	0.007
2030.000	0.006
2040.000	0.006
2050.000	0.006
2060.000	0.007
2070.000	0.006
2080.000	0.006
2090.000	0.007
2100.000	0.006
2110.000	0.006
2120.000	0.006
2130.000	0.006
2140.000	0.007
2150.000	0.007
2160.000	0.007
2170.000	0.007
2180.000	0.006
2190.000	0.006
2200.000	0.006
2210.000	0.006
2220.000	0.006
2230.000	0.006
2240.000	0.006
2250.000	0.006
2260.000	0.007
2270.000	0.007
2280.000	0.007
2290.000	0.007
2300.000	0.006
2310.000	0.007
2320.000	0.006
2330.000	0.007
2340.000	0.006
2350.000	0.006
2360.000	0.006
2370.000	0.006
2380.000	0.007
2390.000	0.006
2400.000	0.006
2410.000	0.007
2420.000	0.007
2430.000	0.007
2440.000	0.006
2450.000	0.006
2460.000	0.007
2470.000	0.007
2480.000	0.007
2490.000	0.006
2500.000	0.007
2510.000	0.006
2520.000	0.006
2530.000	0.007
2540.000	0.007
2550.000	0.007
2560.000	0.007
2570.000	0.007
2580.000	0.007
2590.000	0.007
2600.000	0.007
2610.000	0.007
2620.000	0.007
2630.000	0.007
2640.000	0.007
2650.000	0.007
2660.000	0.007
2670.000	0.007
2680.000	0.007
2690.000	0.007
2700.000	0.007
2710.000	0.007
2720.000	0.007
2730.000	0.007
2740.000	0.007
2750.000	0.007
2760.000	0.007
2770.000	0.007
2780.000	0.007
2790.000	0.006
2800.000	0.007
2810.000	0.007
2820.000	0.007
2830.000	0.006
2840.000	0.007
2850.000	0.007
2860.000	0.007
2870.000	0.007
2880.000	0.007
2890.000	0.007
2900.000	0.006
2910.000	0.007
2920.000	0.007
2930.000	0.007
2940.000	0.007
2950.000	0.007
2960.000	0.008
2970.000	0.007
2980.000	0.007
2990.000	0.008
3000.000	0.007
3010.000	0.006
3020.000	0.007
3030.000	0.007
3040.000	0.006
3050.000	0.007
3060.000	0.007
3070.000	0.007
3080.000	0.007
3090.000	0.007
3100.000	0.007
3110.000	0.007
3120.000	0.007
3130.000	0.007
3140.000	0.007
3150.000	0.007
3160.000	0.007
3170.000	0.007
3180.000	0.007
3190.000	0.007
3200.000	0.007
3210.000	0.007
3220.000	0.007
3230.000	0.007
3240.000	0.007
3250.000	0.007
3260.000	0.007
3270.000	0.007
3280.000	0.007
3290.000	0.007
3300.000	0.007
3310.000	0.007
3320.000	0.007
3330.000	0.007
3340.000	0.007
3350.000	0.007
3360.000	0.007
3370.000	0.007
3380.000	0.007
3390.000	0.007
3400.000	0.007
3410.000	0.007
3420.000	0.007
3430.000	0.007
3440.000	0.007
3450.000	0.007
3460.000	0.007
3470.000	0.007
3480.000	0.007
3490.000	0.007
3500.000	0.007
3510.000	0.007
3520.000	0.007
3530.000	0.007
3540.000	0.007
3550.000	0.007
3560.000	0.008
3570.000	0.007
3580.000	0.007
3590.000	0.007
3600.000	0.007
3610.000	0.007
3620.000	0.007
3630.000	0.007
3640.000	0.007
3650.000	0.007
3660.000	0.007
3670.000	0.007
3680.000	0.007
3690.000	0.007
3700.000	0.007
3710.000	0.007
3720.000	0.007
3730.000	0.008
3740.000	0.008
3750.000	0.007
3760.000	0.007
3770.000	0.007
3780.000	0.007
3790.000	0.007
3800.000	0.008
3810.000	0.007
3820.000	0.007
3830.000	0.007
3840.000	0.007
3850.000	0.007
3860.000	0.007
3870.000	0.007
3880.000	0.007
3890.000	0.007
3900.000	0.008
3910.000	0.008
3920.000	0.008
3930.000	0.007
3940.000	0.008
3950.000	0.007
3960.000	0.008
3970.000	0.008
3980.000	0.008
3990.000	0.008
4000.000	0.008
4010.000	0.008
4020.000	0.007
4030.000	0.007
4040.000	0.008
4050.000	0.008
4060.000	0.008
4070.000	0.007
4080.000	0.008
4090.000	0.007
4100.000	0.007
4110.000	0.008
4120.000	0.007
4130.000	0.008
4140.000	0.008
4150.000	0.008
4160.000	0.008
4170.000	0.007
4180.000	0.007
4190.000	0.007
4200.000	0.008
4210.000	0.007
4220.000	0.007
4230.000	0.007
4240.000	0.007
4250.000	0.007
4260.000	0.008
4270.000	0.007
4280.000	0.007
4290.000	0.008
4300.000	0.008
4310.000	0.008
4320.000	0.008
4330.000	0.008
4340.000	0.007
4350.000	0.007
4360.000	0.007
4370.000	0.007
4380.000	0.008
4390.000	0.008
4400.000	0.007
4410.000	0.008
4420.000	0.008
4430.000	0.007
4440.000	0.008
4450.000	0.007
4460.000	0.008
4470.000	0.008
4480.000	0.008
4490.000	0.008
4500.000	0.008
4510.000	0.007
4520.000	0.007
4530.000	0.008
4540.000	0.007
4550.000	0.008
4560.000	0.008
4570.000	0.008
4580.000	0.008
4590.000	0.008
4600.000	0.007
4610.000	0.008
4620.000	0.007
4630.000	0.008
4640.000	0.008
4650.000	0.008
4660.000	0.008
4670.000	0.008
4680.000	0.008
4690.000	0.008
4700.000	0.008
4710.000	0.008
4720.000	0.008
4730.000	0.008
4740.000	0.008
4750.000	0.008
4760.000	0.008
4770.000	0.008
4780.000	0.008
4790.000	0.008
4800.000	0.008
4810.000	0.008
4820.000	0.008
4830.000	0.009
4840.000	0.008
4850.000	0.008
4860.000	0.007
4870.000	0.007
4880.000	0.008
4890.000	0.009
4900.000	0.008
4910.000	0.008
4920.000	0.009
4930.000	0.008
4940.000	0.008
4950.000	0.008
4960.000	0.009
4970.000	0.008
4980.000	0.008
4990.000	0.008
5000.000	0.008
5010.000	0.008
5020.000	0.008
5030.000	0.008
5040.000	0.008
5050.000	0.008
5060.000	0.009
5070.000	0.008
5080.000	0.009
5090.000	0.009
5100.000	0.010
5110.000	0.009
5120.000	0.008
5130.000	0.009
5140.000	0.008
5150.000	0.009
5160.000	0.009
5170.000	0.008
5180.000	0.010
5190.000	0.008
5200.000	0.008
5210.000	0.008
5220.000	0.008
5230.000	0.008
5240.000	0.008
5250.000	0.008
5260.000	0.007
5270.000	0.008
5280.000	0.008
5290.000	0.008
5300.000	0.008
5310.000	0.008
5320.000	0.008
5330.000	0.008
5340.000	0.008
5350.000	0.008
5360.000	0.008
5370.000	0.008
5380.000	0.010
5390.000	0.008
5400.000	0.008
5410.000	0.009
5420.000	0.009
5430.000	0.009
5440.000	0.008
5450.000	0.009
5460.000	0.008
5470.000	0.008
5480.000	0.009
5490.000	0.009
5500.000	0.009
5510.000	0.009
5520.000	0.008
5530.000	0.009
5540.000	0.008
5550.000	0.008
5560.000	0.009
5570.000	0.009
5580.000	0.010
5590.000	0.009
5600.000	0.008
5610.000	0.009
5620.000	0.009
5630.000	0.010
5640.000	0.010
5650.000	0.009
5660.000	0.009
5670.000	0.011
5680.000	0.011
5690.000	0.010
5700.000	0.010
5710.000	0.009
5720.000	0.010
5730.000	0.008
5740.000	0.009
5750.000	0.010
5760.000	0.009
5770.000	0.009
5780.000	0.010
5790.000	0.011
5800.000	0.011
5810.000	0.011
5820.000	0.009
5830.000	0.010
5840.000	0.009
5850.000	0.010
5860.000	0.010
5870.000	0.011
5880.000	0.010
5890.000	0.010
5900.000	0.010
5910.000	0.010
5920.000	0.010
5930.000	0.010
5940.000	0.010
5950.000	0.011
5960.000	0.011
5970.000	0.009
5980.000	0.011
5990.000	0.010
6000.000	0.011
6010.000	0.011
6020.000	0.011
6030.000	0.011
6040.000	0.009
6050.000	0.010
6060.000	0.012
6070.000	0.011
6080.000	0.010
6090.000	0.011
6100.000	0.011
6110.000	0.010
6120.000	0.010
6130.000	0.010
6140.000	0.011
6150.000	0.011
6160.000	0.011
6170.000	0.009
6180.000	0.011
6190.000	0.011
6200.000	0.012
6210.000	0.012
6220.000	0.011
6230.000	0.010
6240.000	0.011
6250.000	0.010
6260.000	0.011
6270.000	0.010
6280.000	0.011
6290.000	0.011
6300.000	0.011
6310.000	0.011
6320.000	0.012
6330.000	0.012
6340.000	0.012
6350.000	0.012
6360.000	0.012
6370.000	0.011
6380.000	0.010
6390.000	0.011
6400.000	0.009
6410.000	0.009
6420.000	0.012
6430.000	0.010
6440.000	0.010
6450.000	0.010
6460.000	0.010
6470.000	0.011
6480.000	0.010
6490.000	0.011
6500.000	0.010
6510.000	0.012
6520.000	0.010
6530.000	0.011
6540.000	0.011
6550.000	0.011
6560.000	0.011
6570.000	0.012
6580.000	0.012
6590.000	0.010
6600.000	0.012
6610.000	0.011
6620.000	0.011
6630.000	0.012
6640.000	0.011
6650.000	0.012
6660.000	0.012
6670.000	0.012
6680.000	0.012
6690.000	0.012
6700.000	0.012
6710.000	0.012
6720.000	0.011
6730.000	0.011
6740.000	0.012
6750.000	0.012
6760.000	0.012
6770.000	0.012
6780.000	0.012
6790.000	0.012
6800.000	0.012
6810.000	0.011
6820.000	0.012
6830.000	0.014
6840.000	0.012
6850.000	0.010
6860.000	0.011
6870.000	0.012
6880.000	0.011
6890.000	0.011
6900.000	0.010
6910.000	0.012
6920.000	0.011
6930.000	0.012
6940.000	0.012
6950.000	0.012
6960.000	0.012
6970.000	0.012
6980.000	0.012
6990.000	0.012
7000.000	0.012
7010.000	0.011
7020.000	0.011
7030.000	0.011
7040.000	0.012
7050.000	0.011
7060.000	0.011
7070.000	0.011
7080.000	0.011
7090.000	0.011
7100.000	0.012
7110.000	0.012
7120.000	0.013
7130.000	0.013
7140.000	0.013
7150.000	0.013
7160.000	0.012
7170.000	0.012
7180.000	0.013
7190.000	0.013
7200.000	0.013
7210.000	0.012
7220.000	0.012
7230.000	0.012
7240.000	0.012
7250.000	0.013
7260.000	0.012
7270.000	0.012
7280.000	0.012
7290.000	0.011
7300.000	0.012
7310.000	0.012
7320.000	0.012
7330.000	0.012
7340.000	0.013
7350.000	0.013
7360.000	0.013
7370.000	0.013
7380.000	0.012
7390.000	0.012
7400.000	0.012
7410.000	0.012
7420.000	0.012
7430.000	0.012
7440.000	0.013
7450.000	0.013
7460.000	0.012
7470.000	0.012
7480.000	0.012
7490.000	0.013
7500.000	0.012
7510.000	0.013
7520.000	0.013
7530.000	0.013
7540.000	0.012
7550.000	0.012
7560.000	0.012
7570.000	0.012
7580.000	0.012
7590.000	0.013
7600.000	0.012
7610.000	0.013
7620.000	0.013
7630.000	0.015
7640.000	0.015
7650.000	0.014
7660.000	0.014
7670.000	0.013
7680.000	0.013
7690.000	0.013
7700.000	0.013
7710.000	0.013
7720.000	0.014
7730.000	0.013
7740.000	0.014
7750.000	0.013
7760.000	0.013
7770.000	0.012
7780.000	0.013
7790.000	0.013
7800.000	0.013
7810.000	0.014
7820.000	0.015
7830.000	0.013
7840.000	0.013
7850.000	0.013
7860.000	0.014
7870.000	0.013
7880.000	0.012
7890.000	0.013
7900.000	0.013
7910.000	0.013
7920.000	0.013
7930.000	0.013
7940.000	0.013
7950.000	0.013
7960.000	0.013
7970.000	0.013
7980.000	0.014
7990.000	0.014
8000.000	0.013
8010.000	0.013
8020.000	0.013
8030.000	0.013
8040.000	0.014
8050.000	0.014
8060.000	0.014
8070.000	0.014
8080.000	0.014
8090.000	0.014
8100.000	0.013
8110.000	0.014
8120.000	0.013
8130.000	0.013
8140.000	0.013
8150.000	0.014
8160.000	0.014
8170.000	0.014
8180.000	0.015
8190.000	0.014
8200.000	0.014
8210.000	0.015
8220.000	0.014
8230.000	0.014
8240.000	0.014
8250.000	0.013
8260.000	0.014
8270.000	0.014
8280.000	0.014
8290.000	0.014
8300.000	0.015
8310.000	0.015
8320.000	0.015
8330.000	0.013
8340.000	0.014
8350.000	0.014
8360.000	0.014
8370.000	0.014
8380.000	0.015
8390.000	0.015
8400.000	0.015
8410.000	0.015
8420.000	0.014
8430.000	0.014
8440.000	0.014
8450.000	0.013
8460.000	0.013
8470.000	0.014
8480.000	0.015
8490.000	0.014
8500.000	0.014
8510.000	0.013
8520.000	0.013
8530.000	0.014
8540.000	0.014
8550.000	0.014
8560.000	0.014
8570.000	0.015
8580.000	0.014
8590.000	0.013
8600.000	0.013
8610.000	0.015
8620.000	0.015
8630.000	0.015
8640.000	0.015
8650.000	0.015
8660.000	0.015
8670.000	0.014
8680.000	0.015
8690.000	0.015
8700.000	0.015
8710.000	0.014
8720.000	0.014
8730.000	0.014
8740.000	0.015
8750.000	0.015
8760.000	0.014
8770.000	0.014
8780.000	0.015
8790.000	0.014
8800.000	0.015
8810.000	0.016
8820.000	0.015
8830.000	0.015
8840.000	0.014
8850.000	0.014
8860.000	0.014
8870.000	0.015
8880.000	0.014
8890.000	0.014
8900.000	0.014
8910.000	0.015
8920.000	0.015
8930.000	0.015
8940.000	0.016
8950.000	0.014
8960.000	0.015
8970.000	0.015
8980.000	0.015
8990.000	0.016
9000.000	0.015
9010.000	0.015
9020.000	0.015
9030.000	0.015
9040.000	0.015
9050.000	0.016
9060.000	0.016
9070.000	0.015
9080.000	0.016
9090.000	0.016
9100.000	0.016
9110.000	0.015
9120.000	0.016
9130.000	0.015
9140.000	0.015
9150.000	0.017
9160.000	0.017
9170.000	0.016
9180.000	0.016
9190.000	0.016
9200.000	0.016
9210.000	0.015
9220.000	0.014
9230.000	0.015
9240.000	0.015
9250.000	0.015
9260.000	0.017
9270.000	0.016
9280.000	0.016
9290.000	0.015
9300.000	0.014
9310.000	0.014
9320.000	0.015
9330.000	0.017
9340.000	0.016
9350.000	0.016
9360.000	0.017
9370.000	0.016
9380.000	0.017
9390.000	0.016
9400.000	0.016
9410.000	0.016
9420.000	0.017
9430.000	0.016
9440.000	0.016
9450.000	0.017
9460.000	0.016
9470.000	0.016
9480.000	0.017
9490.000	0.016
9500.000	0.016
9510.000	0.016
9520.000	0.015
9530.000	0.016
9540.000	0.017
9550.000	0.017
9560.000	0.017
9570.000	0.017
9580.000	0.017
9590.000	0.017
9600.000	0.018
9610.000	0.017
9620.000	0.017
9630.000	0.015
9640.000	0.016
9650.000	0.016
9660.000	0.015
9670.000	0.015
9680.000	0.016
9690.000	0.017
9700.000	0.016
9710.000	0.017
9720.000	0.018
9730.000	0.016
9740.000	0.018
9750.000	0.017
9760.000	0.015
9770.000	0.017
9780.000	0.017
9790.000	0.017
9800.000	0.018
9810.000	0.015
9820.000	0.016
9830.000	0.015
9840.000	0.015
9850.000	0.016
9860.000	0.016
9870.000	0.017
9880.000	0.017
9890.000	0.018
9900.000	0.017
9910.000	0.018
9920.000	0.017
9930.000	0.017
9940.000	0.017
9950.000	0.017
9960.000	0.018
9970.000	0.019
9980.000	0.017
9990.000	0.018
10000.000	0.018
10010.000	0.017
10020.000	0.018
10030.000	0.017
10040.000	0.017
10050.000	0.016
10060.000	0.018
10070.000	0.018
10080.000	0.018
10090.000	0.017
10100.000	0.018
10110.000	0.018
10120.000	0.019
10130.000	0.019
10140.000	0.017
10150.000	0.017
10160.000	0.017
10170.000	0.017
10180.000	0.017
10190.000	0.018
10200.000	0.018
10210.000	0.017
10220.000	0.017
10230.000	0.019
10240.000	0.018
10250.000	0.019
10260.000	0.018
10270.000	0.017
10280.000	0.018
10290.000	0.019
10300.000	0.018
10310.000	0.018
10320.000	0.017
10330.000	0.018
10340.000	0.018
10350.000	0.018
10360.000	0.019
10370.000	0.019
10380.000	0.019
10390.000	0.019
10400.000	0.019
10410.000	0.017
10420.000	0.019
10430.000	0.018
10440.000	0.018
10450.000	0.018
10460.000	0.019
10470.000	0.019
10480.000	0.017
10490.000	0.019
10500.000	0.018
10510.000	0.019
10520.000	0.019
10530.000	0.019
10540.000	0.019
10550.000	0.018
10560.000	0.019
10570.000	0.018
10580.000	0.019
10590.000	0.018
10600.000	0.018
10610.000	0.018
10620.000	0.019
10630.000	0.019
10640.000	0.019
10650.000	0.018
10660.000	0.020
10670.000	0.019
10680.000	0.020
10690.000	0.020
10700.000	0.020
10710.000	0.019
10720.000	0.018
10730.000	0.019
10740.000	0.019
10750.000	0.020
10760.000	0.019
10770.000	0.020
10780.000	0.019
10790.000	0.019
10800.000	0.020
10810.000	0.019
10820.000	0.019
10830.000	0.018
10840.000	0.019
10850.000	0.019
10860.000	0.019
10870.000	0.020
10880.000	0.019
10890.000	0.019
10900.000	0.020
10910.000	0.020
10920.000	0.021
10930.000	0.020
10940.000	0.019
10950.000	0.020
10960.000	0.021
10970.000	0.022
10980.000	0.021
10990.000	0.020
11000.000	0.020
11010.000	0.019
11020.000	0.019
11030.000	0.020
11040.000	0.020
11050.000	0.020
11060.000	0.020
11070.000	0.019
11080.000	0.020
11090.000	0.020
11100.000	0.019
11110.000	0.021
11120.000	0.020
11130.000	0.020
11140.000	0.020
11150.000	0.020
11160.000	0.019
11170.000	0.020
11180.000	0.020
11190.000	0.020
11200.000	0.019
11210.000	0.019
11220.000	0.019
11230.000	0.020
11240.000	0.020
11250.000	0.020
11260.000	0.019
11270.000	0.020
11280.000	0.019
11290.000	0.020
11300.000	0.020
11310.000	0.018
11320.000	0.020
11330.000	0.019
11340.000	0.019
11350.000	0.020
11360.000	0.020
11370.000	0.019
11380.000	0.019
11390.000	0.019
11400.000	0.019
11410.000	0.020
11420.000	0.020
11430.000	0.020
11440.000	0.020
11450.000	0.020
11460.000	0.021
11470.000	0.020
11480.000	0.020
11490.000	0.020
11500.000	0.021
11510.000	0.021
11520.000	0.020
11530.000	0.019
11540.000	0.021
11550.000	0.020
11560.000	0.021
11570.000	0.021
11580.000	0.021
11590.000	0.020
11600.000	0.020
11610.000	0.021
11620.000	0.020
11630.000	0.020
11640.000	0.021
11650.000	0.020
11660.000	0.021
11670.000	0.020
11680.000	0.021
11690.000	0.022
11700.000	0.021
11710.000	0.021
11720.000	0.022
11730.000	0.022
11740.000	0.021
11750.000	0.021
11760.000	0.021
11770.000	0.021
11780.000	0.021
11790.000	0.022
11800.000	0.022
11810.000	0.022
11820.000	0.022
11830.000	0.021
11840.000	0.021
11850.000	0.022
11860.000	0.020
11870.000	0.021
11880.000	0.020
11890.000	0.021
11900.000	0.021
11910.000	0.022
11920.000	0.022
11930.000	0.021
11940.000	0.021
11950.000	0.021
11960.000	0.021
11970.000	0.022
11980.000	0.023
11990.000	0.023
12000.000	0.022
12010.000	0.022
12020.000	0.022
12030.000	0.022
12040.000	0.021
12050.000	0.021
12060.000	0.021
12070.000	0.021
12080.000	0.022
12090.000	0.022
12100.000	0.022
12110.000	0.021
12120.000	0.022
12130.000	0.022
12140.000	0.021
12150.000	0.022
12160.000	0.022
12170.000	0.022
12180.000	0.022
12190.000	0.022
12200.000	0.022
12210.000	0.022
12220.000	0.022
12230.000	0.021
12240.000	0.021
12250.000	0.021
12260.000	0.021
12270.000	0.023
12280.000	0.023
12290.000	0.022
12300.000	0.022
12310.000	0.023
12320.000	0.022
12330.000	0.022
12340.000	0.024
12350.000	0.022
12360.000	0.022
12370.000	0.023
12380.000	0.024
12390.000	0.023
12400.000	0.023
12410.000	0.022
12420.000	0.022
12430.000	0.022
12440.000	0.023
12450.000	0.022
12460.000	0.021
12470.000	0.022
12480.000	0.022
12490.000	0.023
12500.000	0.023
12510.000	0.023
12520.000	0.023
12530.000	0.023
12540.000	0.022
12550.000	0.024
12560.000	0.022
12570.000	0.022
12580.000	0.022
12590.000	0.023
12600.000	0.022
12610.000	0.023
12620.000	0.023
12630.000	0.022
12640.000	0.023
12650.000	0.025
12660.000	0.023
12670.000	0.023
12680.000	0.023
12690.000	0.023
12700.000	0.023
12710.000	0.022
12720.000	0.023
12730.000	0.023
12740.000	0.023
12750.000	0.023
12760.000	0.023
12770.000	0.023
12780.000	0.024
12790.000	0.024
12800.000	0.024
12810.000	0.024
12820.000	0.024
12830.000	0.024
12840.000	0.024
12850.000	0.024
12860.000	0.023
12870.000	0.023
12880.000	0.022
12890.000	0.023
12900.000	0.023
12910.000	0.024
12920.000	0.023
12930.000	0.024
12940.000	0.024
12950.000	0.023
12960.000	0.024
12970.000	0.025
12980.000	0.025
12990.000	0.023
13000.000	0.022
13010.000	0.023
13020.000	0.024
13030.000	0.024
13040.000	0.023
13050.000	0.024
13060.000	0.024
13070.000	0.025
13080.000	0.025
13090.000	0.023
13100.000	0.023
13110.000	0.024
13120.000	0.024
13130.000	0.023
13140.000	0.023
13150.000	0.024
13160.000	0.023
13170.000	0.024
13180.000	0.023
13190.000	0.024
13200.000	0.023
13210.000	0.024
13220.000	0.024
13230.000	0.025
13240.000	0.025
13250.000	0.025
13260.000	0.025
13270.000	0.026
13280.000	0.026
13290.000	0.025
13300.000	0.025
13310.000	0.024
13320.000	0.024
13330.000	0.024
13340.000	0.024
13350.000	0.024
13360.000	0.025
13370.000	0.025
13380.000	0.025
13390.000	0.025
13400.000	0.026
13410.000	0.025
13420.000	0.024
13430.000	0.025
13440.000	0.025
13450.000	0.026
13460.000	0.026
13470.000	0.024
13480.000	0.025
13490.000	0.025
13500.000	0.027
13510.000	0.024
13520.000	0.024
13530.000	0.025
13540.000	0.025
13550.000	0.026
13560.000	0.026
13570.000	0.027
13580.000	0.026
13590.000	0.024
13600.000	0.024
13610.000	0.025
13620.000	0.026
13630.000	0.024
13640.000	0.025
13650.000	0.026
13660.000	0.027
13670.000	0.025
13680.000	0.025
13690.000	0.025
13700.000	0.026
13710.000	0.024
13720.000	0.025
13730.000	0.025
13740.000	0.024
13750.000	0.025
13760.000	0.025
13770.000	0.026
13780.000	0.024
13790.000	0.024
13800.000	0.025
13810.000	0.026
13820.000	0.025
13830.000	0.026
13840.000	0.026
13850.000	0.026
13860.000	0.025
13870.000	0.026
13880.000	0.027
13890.000	0.026
13900.000	0.025
13910.000	0.026
13920.000	0.026
13930.000	0.026
13940.000	0.026
13950.000	0.026
13960.000	0.026
13970.000	0.025
13980.000	0.025
13990.000	0.025
14000.000	0.026
14010.000	0.026
14020.000	0.026
14030.000	0.026
14040.000	0.026
14050.000	0.027
14060.000	0.026
14070.000	0.025
14080.000	0.027
14090.000	0.026
14100.000	0.025
14110.000	0.026
14120.000	0.026
14130.000	0.026
14140.000	0.025
14150.000	0.025
14160.000	0.026
14170.000	0.025
14180.000	0.025
14190.000	0.028
14200.000	0.027
14210.000	0.028
14220.000	0.029
14230.000	0.029
14240.000	0.028
14250.000	0.028
14260.000	0.026
14270.000	0.026
14280.000	0.026
14290.000	0.025
14300.000	0.027
14310.000	0.026
14320.000	0.026
14330.000	0.026
14340.000	0.027
14350.000	0.027
14360.000	0.027
14370.000	0.027
14380.000	0.027
14390.000	0.027
14400.000	0.027
14410.000	0.027
14420.000	0.027
14430.000	0.028
14440.000	0.029
14450.000	0.029
14460.000	0.029
14470.000	0.029
14480.000	0.028
14490.000	0.027
14500.000	0.026
14510.000	0.026
14520.000	0.028
14530.000	0.028
14540.000	0.028
14550.000	0.028
14560.000	0.027
14570.000	0.027
14580.000	0.027
14590.000	0.027
14600.000	0.027
14610.000	0.028
14620.000	0.029
14630.000	0.027
14640.000	0.028
14650.000	0.027
14660.000	0.028
14670.000	0.027
14680.000	0.026
14690.000	0.026
14700.000	0.028
14710.000	0.028
14720.000	0.028
14730.000	0.028
14740.000	0.028
14750.000	0.029
14760.000	0.030
14770.000	0.029
14780.000	0.028
14790.000	0.026
14800.000	0.028
14810.000	0.028
14820.000	0.028
14830.000	0.029
14840.000	0.029
14850.000	0.028
14860.000	0.028
14870.000	0.028
14880.000	0.028
14890.000	0.030
14900.000	0.028
14910.000	0.029
14920.000	0.029
14930.000	0.029
14940.000	0.029
14950.000	0.029
14960.000	0.028
14970.000	0.029
14980.000	0.030
14990.000	0.030
15000.000	0.030
15010.000	0.030
15020.000	0.029
15030.000	0.029
15040.000	0.029
15050.000	0.029
15060.000	0.028
15070.000	0.028
15080.000	0.029
15090.000	0.030
15100.000	0.030
15110.000	0.029
15120.000	0.029
15130.000	0.029
15140.000	0.029
15150.000	0.028
15160.000	0.030
15170.000	0.029
15180.000	0.029
15190.000	0.029
15200.000	0.030
15210.000	0.029
15220.000	0.029
15230.000	0.030
15240.000	0.029
15250.000	0.030
15260.000	0.029
15270.000	0.028
15280.000	0.029
15290.000	0.031
15300.000	0.032
15310.000	0.031
15320.000	0.030
15330.000	0.030
15340.000	0.030
15350.000	0.031
15360.000	0.031
15370.000	0.029
15380.000	0.029
15390.000	0.029
15400.000	0.029
15410.000	0.028
15420.000	0.029
15430.000	0.029
15440.000	0.030
15450.000	0.032
15460.000	0.032
15470.000	0.031
15480.000	0.030
15490.000	0.031
15500.000	0.030
15510.000	0.031
15520.000	0.030
15530.000	0.030
15540.000	0.029
15550.000	0.030
15560.000	0.029
15570.000	0.031
15580.000	0.030
15590.000	0.031
15600.000	0.030
15610.000	0.029
15620.000	0.029
15630.000	0.029
15640.000	0.030
15650.000	0.030
15660.000	0.030
15670.000	0.031
15680.000	0.032
15690.000	0.031
15700.000	0.030
15710.000	0.032
15720.000	0.030
15730.000	0.030
15740.000	0.030
15750.000	0.031
15760.000	0.032
15770.000	0.032
15780.000	0.031
15790.000	0.032
15800.000	0.032
15810.000	0.030
15820.000	0.031
15830.000	0.032
15840.000	0.032
15850.000	0.032
15860.000	0.032
15870.000	0.031
15880.000	0.032
15890.000	0.032
15900.000	0.030
15910.000	0.030
15920.000	0.031
15930.000	0.031
15940.000	0.032
15950.000	0.032
15960.000	0.030
15970.000	0.031
15980.000	0.031
15990.000	0.031
16000.000	0.032
16010.000	0.032
16020.000	0.033
16030.000	0.032
16040.000	0.032
16050.000	0.032
16060.000	0.031
16070.000	0.031
16080.000	0.032
16090.000	0.032
16100.000	0.032
16110.000	0.032
16120.000	0.032
16130.000	0.033
16140.000	0.032
16150.000	0.032
16160.000	0.031
16170.000	0.031
16180.000	0.031
16190.000	0.032
16200.000	0.034
16210.000	0.032
16220.000	0.031
16230.000	0.031
16240.000	0.031
16250.000	0.032
16260.000	0.031
16270.000	0.032
16280.000	0.032
16290.000	0.031
16300.000	0.033
16310.000	0.032
16320.000	0.032
16330.000	0.032
16340.000	0.031
16350.000	0.032
16360.000	0.031
16370.000	0.031
16380.000	0.033
16390.000	0.033
16400.000	0.033
16410.000	0.034
16420.000	0.033
16430.000	0.034
16440.000	0.035
16450.000	0.033
16460.000	0.033
16470.000	0.033
16480.000	0.033
16490.000	0.032
16500.000	0.033
16510.000	0.034
16520.000	0.034
16530.000	0.034
16540.000	0.034
16550.000	0.033
16560.000	0.033
16570.000	0.034
16580.000	0.033
16590.000	0.033
16600.000	0.032
16610.000	0.033
16620.000	0.034
16630.000	0.033
16640.000	0.033
16650.000	0.032
16660.000	0.033
16670.000	0.032
16680.000	0.033
16690.000	0.034
16700.000	0.032
16710.000	0.032
16720.000	0.033
16730.000	0.032
16740.000	0.033
16750.000	0.033
16760.000	0.032
16770.000	0.034
16780.000	0.034
16790.000	0.035
16800.000	0.035
16810.000	0.035
16820.000	0.034
16830.000	0.036
16840.000	0.035
16850.000	0.034
16860.000	0.034
16870.000	0.033
16880.000	0.033
16890.000	0.035
16900.000	0.033
16910.000	0.033
16920.000	0.036
16930.000	0.035
16940.000	0.035
16950.000	0.036
16960.000	0.036
16970.000	0.034
16980.000	0.035
16990.000	0.037
17000.000	0.036
17010.000	0.036
17020.000	0.034
17030.000	0.033
17040.000	0.035
17050.000	0.035
17060.000	0.036
17070.000	0.035
17080.000	0.034
17090.000	0.034
17100.000	0.036
17110.000	0.035
17120.000	0.034
17130.000	0.034
17140.000	0.036
17150.000	0.034
17160.000	0.035
17170.000	0.036
17180.000	0.035
17190.000	0.035
17200.000	0.035
17210.000	0.037
17220.000	0.036
17230.000	0.036
17240.000	0.035
17250.000	0.035
17260.000	0.036
17270.000	0.034
17280.000	0.036
17290.000	0.033
17300.000	0.034
17310.000	0.034
17320.000	0.036
17330.000	0.037
17340.000	0.037
17350.000	0.035
17360.000	0.037
17370.000	0.037
17380.000	0.037
17390.000	0.037
17400.000	0.035
17410.000	0.034
17420.000	0.034
17430.000	0.034
17440.000	0.035
17450.000	0.035
17460.000	0.035
17470.000	0.035
17480.000	0.035
17490.000	0.036
17500.000	0.036
17510.000	0.036
17520.000	0.035
17530.000	0.037
17540.000	0.036
17550.000	0.036
17560.000	0.037
17570.000	0.037
17580.000	0.038
17590.000	0.037
17600.000	0.036
17610.000	0.036
17620.000	0.035
17630.000	0.036
17640.000	0.036
17650.000	0.037
17660.000	0.037
17670.000	0.036
17680.000	0.037
17690.000	0.037
17700.000	0.037
17710.000	0.037
17720.000	0.035
17730.000	0.036
17740.000	0.036
17750.000	0.037
17760.000	0.036
17770.000	0.036
17780.000	0.035
17790.000	0.036
17800.000	0.036
17810.000	0.037
17820.000	0.038
17830.000	0.038
17840.000	0.036
17850.000	0.036
17860.000	0.038
17870.000	0.037
17880.000	0.039
17890.000	0.038
17900.000	0.035
17910.000	0.038
17920.000	0.036
17930.000	0.036
17940.000	0.036
17950.000	0.037
17960.000	0.038
17970.000	0.038
17980.000	0.038
17990.000	0.038
18000.000	0.038
18010.000	0.038
18020.000	0.037
18030.000	0.038
18040.000	0.039
18050.000	0.036
18060.000	0.037
18070.000	0.039
18080.000	0.039
18090.000	0.038
18100.000	0.038
18110.000	0.036
18120.000	0.037
18130.000	0.037
18140.000	0.037
18150.000	0.036
18160.000	0.037
18170.000	0.035
18180.000	0.038
18190.000	0.038
18200.000	0.040
18210.000	0.038
18220.000	0.038
18230.000	0.038
18240.000	0.037
18250.000	0.037
18260.000	0.038
18270.000	0.037
18280.000	0.038
18290.000	0.038
18300.000	0.038
18310.000	0.039
18320.000	0.038
18330.000	0.039
18340.000	0.039
18350.000	0.038
18360.000	0.038
18370.000	0.037
18380.000	0.037
18390.000	0.036
18400.000	0.037
18410.000	0.038
18420.000	0.039
18430.000	0.039
18440.000	0.039
18450.000	0.040
18460.000	0.038
18470.000	0.039
18480.000	0.039
18490.000	0.041
18500.000	0.038
18510.000	0.039
18520.000	0.037
18530.000	0.037
18540.000	0.039
18550.000	0.039
18560.000	0.037
18570.000	0.038
18580.000	0.038
18590.000	0.038
18600.000	0.039
18610.000	0.039
18620.000	0.039
18630.000	0.039
18640.000	0.039
18650.000	0.039
18660.000	0.039
18670.000	0.039
18680.000	0.040
18690.000	0.039
18700.000	0.040
18710.000	0.039
18720.000	0.039
18730.000	0.039
18740.000	0.041
18750.000	0.040
18760.000	0.041
18770.000	0.040
18780.000	0.040
18790.000	0.042
18800.000	0.041
18810.000	0.039
18820.000	0.040
18830.000	0.038
18840.000	0.040
18850.000	0.039
18860.000	0.040
18870.000	0.040
18880.000	0.038
18890.000	0.039
18900.000	0.040
18910.000	0.040
18920.000	0.039
18930.000	0.041
18940.000	0.041
18950.000	0.040
18960.000	0.041
18970.000	0.041
18980.000	0.039
18990.000	0.040
19000.000	0.041
19010.000	0.041
19020.000	0.042
19030.000	0.043
19040.000	0.042
19050.000	0.040
19060.000	0.040
19070.000	0.040
19080.000	0.042
19090.000	0.040
19100.000	0.039
19110.000	0.040
19120.000	0.041
19130.000	0.043
19140.000	0.041
19150.000	0.040
19160.000	0.039
19170.000	0.039
19180.000	0.040
19190.000	0.041
19200.000	0.040
19210.000	0.040
19220.000	0.040
19230.000	0.039
19240.000	0.041
19250.000	0.040
19260.000	0.041
19270.000	0.042
19280.000	0.043
19290.000	0.042
19300.000	0.042
19310.000	0.042
19320.000	0.043
19330.000	0.040
19340.000	0.041
19350.000	0.040
19360.000	0.040
19370.000	0.040
19380.000	0.040
19390.000	0.041
19400.000	0.040
19410.000	0.040
19420.000	0.039
19430.000	0.041
19440.000	0.042
19450.000	0.041
19460.000	0.043
19470.000	0.043
19480.000	0.040
19490.000	0.040
19500.000	0.039
19510.000	0.042
19520.000	0.041
19530.000	0.041
19540.000	0.040
19550.000	0.042
19560.000	0.041
19570.000	0.040
19580.000	0.041
19590.000	0.041
19600.000	0.040
19610.000	0.042
19620.000	0.040
19630.000	0.042
19640.000	0.043
19650.000	0.042
19660.000	0.042
19670.000	0.043
19680.000	0.041
19690.000	0.042
19700.000	0.041
19710.000	0.042
19720.000	0.043
19730.000	0.042
19740.000	0.042
19750.000	0.040
19760.000	0.041
19770.000	0.044
19780.000	0.043
19790.000	0.041
19800.000	0.042
19810.000	0.040
19820.000	0.041
19830.000	0.043
19840.000	0.041
19850.000	0.042
19860.000	0.043
19870.000	0.042
19880.000	0.042
19890.000	0.042
19900.000	0.043
19910.000	0.043
19920.000	0.043
19930.000	0.043
19940.000	0.043
19950.000	0.043
19960.000	0.043
19970.000	0.043
19980.000	0.042
19990.000	0.042
20000.000	0.043
20010.000	0.044
20020.000	0.044
20030.000	0.043
20040.000	0.043
20050.000	0.043
20060.000	0.044
20070.000	0.042
20080.000	0.041
20090.000	0.041
20100.000	0.044
20110.000	0.045
20120.000	0.044
20130.000	0.043
20140.000	0.044
20150.000	0.043
20160.000	0.042
20170.000	0.043
20180.000	0.042
20190.000	0.042
20200.000	0.042
20210.000	0.042
20220.000	0.043
20230.000	0.044
20240.000	0.043
20250.000	0.045
20260.000	0.044
20270.000	0.043
20280.000	0.042
20290.000	0.043
20300.000	0.045
20310.000	0.046
20320.000	0.044
20330.000	0.043
20340.000	0.043
20350.000	0.042
20360.000	0.042
20370.000	0.042
20380.000	0.044
20390.000	0.043
20400.000	0.042
20410.000	0.043
20420.000	0.044
20430.000	0.044
20440.000	0.043
20450.000	0.043
20460.000	0.043
20470.000	0.042
20480.000	0.042
20490.000	0.044
20500.000	0.043
20510.000	0.044
20520.000	0.043
20530.000	0.044
20540.000	0.044
20550.000	0.044
20560.000	0.042
20570.000	0.045
20580.000	0.046
20590.000	0.043
20600.000	0.043
20610.000	0.043
20620.000	0.043
20630.000	0.045
20640.000	0.046
20650.000	0.045
20660.000	0.043
20670.000	0.044
20680.000	0.046
20690.000	0.045
20700.000	0.043
20710.000	0.044
20720.000	0.045
20730.000	0.044
20740.000	0.045
20750.000	0.047
20760.000	0.047
20770.000	0.045
20780.000	0.044
20790.000	0.044
20800.000	0.043
20810.000	0.042
20820.000	0.043
20830.000	0.044
20840.000	0.043
20850.000	0.045
20860.000	0.044
20870.000	0.046
20880.000	0.046
20890.000	0.045
20900.000	0.045
20910.000	0.047
20920.000	0.046
20930.000	0.046
20940.000	0.046
20950.000	0.045
20960.000	0.043
20970.000	0.044
20980.000	0.043
20990.000	0.043
21000.000	0.044
21010.000	0.045
21020.000	0.046
21030.000	0.047
21040.000	0.045
21050.000	0.046
21060.000	0.045
21070.000	0.046
21080.000	0.046
21090.000	0.045
21100.000	0.045
21110.000	0.046
21120.000	0.044
21130.000	0.044
21140.000	0.045
21150.000	0.045
21160.000	0.046
21170.000	0.046
21180.000	0.047
21190.000	0.046
21200.000	0.045
21210.000	0.046
21220.000	0.045
21230.000	0.045
21240.000	0.045
21250.000	0.045
21260.000	0.045
21270.000	0.047
21280.000	0.046
21290.000	0.046
21300.000	0.047
21310.000	0.046
21320.000	0.045
21330.000	0.044
21340.000	0.046
21350.000	0.044
21360.000	0.046
21370.000	0.043
21380.000	0.044
21390.000	0.045
21400.000	0.046
21410.000	0.045
21420.000	0.045
21430.000	0.046
21440.000	0.045
21450.000	0.046
21460.000	0.045
21470.000	0.044
21480.000	0.043
21490.000	0.045
21500.000	0.045
21510.000	0.044
21520.000	0.047
21530.000	0.046
21540.000	0.047
21550.000	0.047
21560.000	0.047
21570.000	0.046
21580.000	0.045
21590.000	0.045
21600.000	0.047
21610.000	0.046
21620.000	0.045
21630.000	0.046
21640.000	0.045
21650.000	0.046
21660.000	0.045
21670.000	0.046
21680.000	0.046
21690.000	0.045
21700.000	0.045
21710.000	0.047
21720.000	0.048
21730.000	0.046
21740.000	0.047
21750.000	0.047
21760.000	0.046
21770.000	0.046
21780.000	0.047
21790.000	0.047
21800.000	0.049
21810.000	0.047
21820.000	0.046
21830.000	0.046
21840.000	0.047
21850.000	0.046
21860.000	0.047
21870.000	0.047
21880.000	0.046
21890.000	0.045
21900.000	0.045
21910.000	0.046
21920.000	0.046
21930.000	0.048
21940.000	0.046
21950.000	0.049
21960.000	0.048
21970.000	0.049
21980.000	0.046
21990.000	0.045
22000.000	0.046
22010.000	0.047
22020.000	0.046
22030.000	0.047
22040.000	0.045
22050.000	0.047
22060.000	0.048
22070.000	0.047
22080.000	0.045
22090.000	0.045
22100.000	0.047
22110.000	0.047
22120.000	0.047
22130.000	0.047
22140.000	0.047
22150.000	0.047
22160.000	0.045
22170.000	0.047
22180.000	0.047
22190.000	0.047
22200.000	0.045
22210.000	0.046
22220.000	0.048
22230.000	0.049
22240.000	0.047
22250.000	0.047
22260.000	0.047
22270.000	0.046
22280.000	0.048
22290.000	0.046
22300.000	0.047
22310.000	0.048
22320.000	0.047
22330.000	0.045
22340.000	0.046
22350.000	0.046
22360.000	0.047
22370.000	0.046
22380.000	0.047
22390.000	0.047
22400.000	0.046
22410.000	0.048
22420.000	0.048
22430.000	0.049
22440.000	0.049
22450.000	0.047
22460.000	0.047
22470.000	0.047
22480.000	0.047
22490.000	0.047
22500.000	0.047
22510.000	0.048
22520.000	0.046
22530.000	0.048
22540.000	0.048
22550.000	0.048
22560.000	0.047
22570.000	0.045
22580.000	0.045
22590.000	0.046
22600.000	0.047
22610.000	0.048
22620.000	0.047
22630.000	0.049
22640.000	0.050
22650.000	0.051
22660.000	0.048
22670.000	0.048
22680.000	0.048
22690.000	0.046
22700.000	0.045
22710.000	0.048
22720.000	0.051
22730.000	0.050
22740.000	0.048
22750.000	0.045
22760.000	0.047
22770.000	0.048
22780.000	0.048
22790.000	0.049
22800.000	0.050
22810.000	0.050
22820.000	0.048
22830.000	0.049
22840.000	0.049
22850.000	0.049
22860.000	0.048
22870.000	0.047
22880.000	0.048
22890.000	0.050
22900.000	0.049
22910.000	0.049
22920.000	0.050
22930.000	0.050
22940.000	0.048
22950.000	0.048
22960.000	0.047
22970.000	0.049
22980.000	0.047
22990.000	0.047
23000.000	0.048
23010.000	0.047
23020.000	0.048
23030.000	0.048
23040.000	0.047
23050.000	0.047
23060.000	0.049
23070.000	0.049
23080.000	0.047
23090.000	0.048
23100.000	0.051
23110.000	0.048
23120.000	0.047
23130.000	0.048
23140.000	0.049
23150.000	0.048
23160.000	0.048
23170.000	0.047
23180.000	0.048
23190.000	0.047
23200.000	0.049
23210.000	0.049
23220.000	0.048
23230.000	0.050
23240.000	0.048
23250.000	0.049
23260.000	0.049
23270.000	0.048
23280.000	0.048
23290.000	0.049
23300.000	0.047
23310.000	0.049
23320.000	0.049
23330.000	0.048
23340.000	0.049
23350.000	0.047
23360.000	0.049
23370.000	0.047
23380.000	0.047
23390.000	0.046
23400.000	0.046
23410.000	0.046
23420.000	0.047
23430.000	0.047
23440.000	0.047
23450.000	0.048
23460.000	0.047
23470.000	0.049
23480.000	0.049
23490.000	0.049
23500.000	0.048
23510.000	0.049
23520.000	0.048
23530.000	0.047
23540.000	0.049
23550.000	0.050
23560.000	0.050
23570.000	0.049
23580.000	0.049
23590.000	0.050
23600.000	0.049
23610.000	0.047
23620.000	0.049
23630.000	0.048
23640.000	0.047
23650.000	0.048
23660.000	0.048
23670.000	0.049
23680.000	0.049
23690.000	0.051
23700.000	0.050
23710.000	0.050
23720.000	0.048
23730.000	0.046
23740.000	0.047
23750.000	0.048
23760.000	0.049
23770.000	0.048
23780.000	0.049
23790.000	0.048
23800.000	0.049
23810.000	0.050
23820.000	0.050
23830.000	0.049
23840.000	0.049
23850.000	0.048
23860.000	0.048
23870.000	0.049
23880.000	0.049
23890.000	0.051
23900.000	0.050
23910.000	0.049
23920.000	0.049
23930.000	0.048
23940.000	0.049
23950.000	0.049
23960.000	0.049
23970.000	0.048
23980.000	0.050
23990.000	0.050
24000.000	0.051
24010.000	0.050
24020.000	0.050
24030.000	0.050
24040.000	0.049
24050.000	0.050
24060.000	0.049
24070.000	0.050
24080.000	0.051
24090.000	0.050
24100.000	0.050
24110.000	0.051
24120.000	0.050
24130.000	0.049
24140.000	0.050
24150.000	0.048
24160.000	0.049
24170.000	0.050
24180.000	0.049
24190.000	0.049
24200.000	0.050
24210.000	0.049
24220.000	0.046
24230.000	0.050
24240.000	0.051
24250.000	0.052
24260.000	0.049
24270.000	0.049
24280.000	0.049
24290.000	0.051
24300.000	0.049
24310.000	0.049
24320.000	0.048
24330.000	0.048
24340.000	0.050
24350.000	0.049
24360.000	0.050
24370.000	0.049
24380.000	0.050
24390.000	0.049
24400.000	0.050
24410.000	0.051
24420.000	0.050
24430.000	0.050
24440.000	0.050
24450.000	0.051
24460.000	0.051
24470.000	0.051
24480.000	0.050
24490.000	0.050
24500.000	0.049
24510.000	0.051
24520.000	0.051
24530.000	0.050
24540.000	0.049
24550.000	0.047
24560.000	0.049
24570.000	0.052
24580.000	0.050
24590.000	0.050
24600.000	0.050
24610.000	0.050
24620.000	0.051
24630.000	0.049
24640.000	0.050
24650.000	0.050
24660.000	0.048
24670.000	0.050
24680.000	0.050
24690.000	0.049
24700.000	0.050
24710.000	0.050
24720.000	0.050
24730.000	0.050
24740.000	0.049
24750.000	0.050
24760.000	0.050
24770.000	0.049
24780.000	0.048
24790.000	0.049
24800.000	0.049
24810.000	0.049
24820.000	0.050
24830.000	0.049
24840.000	0.051
24850.000	0.050
24860.000	0.049
24870.000	0.050
24880.000	0.049
24890.000	0.050
24900.000	0.052
24910.000	0.051
24920.000	0.050
24930.000	0.050
24940.000	0.050
24950.000	0.048
24960.000	0.051
24970.000	0.049
24980.000	0.050
24990.000	0.049
25000.000	0.051
25010.000	0.048
25020.000	0.048
25030.000	0.048
25040.000	0.051
25050.000	0.049
25060.000	0.050
25070.000	0.050
25080.000	0.050
25090.000	0.050
25100.000	0.049
25110.000	0.049
25120.000	0.051
25130.000	0.049
25140.000	0.048
25150.000	0.050
25160.000	0.050
25170.000	0.050
25180.000	0.051
25190.000	0.052
25200.000	0.050
25210.000	0.051
25220.000	0.051
25230.000	0.053
25240.000	0.053
25250.000	0.054
25260.000	0.055
25270.000	0.053
25280.000	0.052
25290.000	0.052
25300.000	0.051
25310.000	0.048
25320.000	0.048
25330.000	0.050
25340.000	0.051
25350.000	0.049
25360.000	0.051
25370.000	0.050
25380.000	0.050
25390.000	0.048
25400.000	0.050
25410.000	0.049
25420.000	0.050
25430.000	0.048
25440.000	0.049
25450.000	0.050
25460.000	0.049
25470.000	0.051
25480.000	0.050
25490.000	0.050
25500.000	0.050
25510.000	0.050
25520.000	0.050
25530.000	0.049
25540.000	0.049
25550.000	0.050
25560.000	0.047
25570.000	0.046
25580.000	0.050
25590.000	0.051
25600.000	0.050
25610.000	0.050
25620.000	0.050
25630.000	0.052
25640.000	0.050
25650.000	0.051
25660.000	0.048
25670.000	0.049
25680.000	0.049
25690.000	0.051
25700.000	0.049
25710.000	0.049
25720.000	0.047
25730.000	0.048
25740.000	0.050
25750.000	0.050
25760.000	0.048
25770.000	0.049
25780.000	0.048
25790.000	0.049
25800.000	0.049
25810.000	0.049
25820.000	0.050
25830.000	0.049
25840.000	0.049
25850.000	0.050
25860.000	0.050
25870.000	0.050
25880.000	0.051
25890.000	0.048
25900.000	0.048
25910.000	0.047
25920.000	0.047
25930.000	0.049
25940.000	0.049
25950.000	0.049
25960.000	0.047
25970.000	0.050
25980.000	0.049
25990.000	0.048
26000.000	0.049
26010.000	0.049
26020.000	0.049
26030.000	0.048
26040.000	0.046
26050.000	0.047
26060.000	0.047
26070.000	0.048
26080.000	0.049
26090.000	0.048
26100.000	0.049
26110.000	0.049
26120.000	0.049
26130.000	0.049
26140.000	0.051
26150.000	0.049
26160.000	0.050
26170.000	0.050
26180.000	0.047
26190.000	0.050
26200.000	0.048
26210.000	0.048
26220.000	0.049
26230.000	0.048
26240.000	0.049
26250.000	0.049
26260.000	0.050
26270.000	0.048
26280.000	0.049
26290.000	0.050
26300.000	0.048
26310.000	0.052
26320.000	0.050
26330.000	0.050
26340.000	0.048
26350.000	0.048
26360.000	0.049
26370.000	0.048
26380.000	0.049
26390.000	0.047
26400.000	0.049
26410.000	0.048
26420.000	0.048
26430.000	0.047
26440.000	0.048
26450.000	0.050
26460.000	0.050
26470.000	0.049
26480.000	0.051
26490.000	0.049
26500.000	0.050
26510.000	0.051
26520.000	0.049
26530.000	0.051
26540.000	0.048
26550.000	0.050
26560.000	0.050
26570.000	0.050
26580.000	0.049
26590.000	0.049
26600.000	0.049
26610.000	0.049
26620.000	0.051
26630.000	0.048
26640.000	0.048
26650.000	0.049
26660.000	0.047
26670.000	0.050
26680.000	0.050
26690.000	0.050
26700.000	0.049
26710.000	0.050
26720.000	0.050
26730.000	0.050
26740.000	0.045
26750.000	0.049
26760.000	0.048
26770.000	0.048
26780.000	0.048
26790.000	0.048
26800.000	0.050
26810.000	0.049
26820.000	0.049
26830.000	0.050
26840.000	0.050
26850.000	0.049
26860.000	0.049
26870.000	0.049
26880.000	0.050
26890.000	0.049
26900.000	0.047
26910.000	0.047
26920.000	0.048
26930.000	0.049
26940.000	0.048
26950.000	0.048
26960.000	0.048
26970.000	0.050
26980.000	0.050
26990.000	0.049
27000.000	0.049
27010.000	0.048
27020.000	0.049
27030.000	0.048
27040.000	0.048
27050.000	0.050
27060.000	0.050
27070.000	0.048
27080.000	0.049
27090.000	0.050
27100.000	0.049
27110.000	0.049
27120.000	0.049
27130.000	0.049
27140.000	0.048
27150.000	0.050
27160.000	0.048
27170.000	0.047
27180.000	0.048
27190.000	0.048
27200.000	0.048
27210.000	0.050
27220.000	0.049
27230.000	0.049
27240.000	0.048
27250.000	0.049
27260.000	0.049
27270.000	0.049
27280.000	0.048
27290.000	0.048
27300.000	0.050
27310.000	0.050
27320.000	0.049
27330.000	0.049
27340.000	0.049
27350.000	0.049
27360.000	0.048
27370.000	0.047
27380.000	0.047
27390.000	0.047
27400.000	0.046
27410.000	0.048
27420.000	0.048
27430.000	0.049
27440.000	0.048
27450.000	0.049
27460.000	0.049
27470.000	0.049
27480.000	0.049
27490.000	0.047
27500.000	0.047
27510.000	0.047
27520.000	0.047
27530.000	0.045
27540.000	0.046
27550.000	0.047
27560.000	0.047
27570.000	0.048
27580.000	0.048
27590.000	0.047
27600.000	0.048
27610.000	0.048
27620.000	0.046
27630.000	0.048
27640.000	0.048
27650.000	0.047
27660.000	0.047
27670.000	0.048
27680.000	0.049
27690.000	0.049
27700.000	0.047
27710.000	0.047
27720.000	0.047
27730.000	0.046
27740.000	0.046
27750.000	0.045
27760.000	0.048
27770.000	0.046
27780.000	0.047
27790.000	0.048
27800.000	0.047
27810.000	0.047
27820.000	0.047
27830.000	0.047
27840.000	0.050
27850.000	0.048
27860.000	0.048
27870.000	0.049
27880.000	0.046
27890.000	0.047
27900.000	0.049
27910.000	0.047
27920.000	0.047
27930.000	0.048
27940.000	0.049
27950.000	0.047
27960.000	0.049
27970.000	0.048
27980.000	0.050
27990.000	0.048
28000.000	0.045
28010.000	0.047
28020.000	0.047
28030.000	0.048
28040.000	0.048
28050.000	0.050
28060.000	0.048
28070.000	0.048
28080.000	0.047
28090.000	0.047
28100.000	0.046
28110.000	0.046
28120.000	0.047
28130.000	0.046
28140.000	0.048
28150.000	0.047
28160.000	0.047
28170.000	0.047
28180.000	0.047
28190.000	0.050
28200.000	0.047
28210.000	0.046
28220.000	0.047
28230.000	0.047
28240.000	0.047
28250.000	0.049
28260.000	0.049
28270.000	0.048
28280.000	0.049
28290.000	0.048
28300.000	0.047
28310.000	0.046
28320.000	0.044
28330.000	0.046
28340.000	0.047
28350.000	0.047
28360.000	0.047
28370.000	0.050
28380.000	0.049
28390.000	0.048
28400.000	0.047
28410.000	0.046
28420.000	0.047
28430.000	0.048
28440.000	0.048
28450.000	0.048
28460.000	0.046
28470.000	0.048
28480.000	0.048
28490.000	0.048
28500.000	0.048
28510.000	0.046
28520.000	0.045
28530.000	0.047
28540.000	0.046
28550.000	0.046
28560.000	0.046
28570.000	0.048
28580.000	0.044
28590.000	0.046
28600.000	0.047
28610.000	0.049
28620.000	0.048
28630.000	0.046
28640.000	0.046
28650.000	0.045
28660.000	0.047
28670.000	0.046
28680.000	0.047
28690.000	0.046
28700.000	0.046
28710.000	0.047
28720.000	0.047
28730.000	0.047
28740.000	0.046
28750.000	0.044
28760.000	0.045
28770.000	0.047
28780.000	0.046
28790.000	0.046
28800.000	0.044
28810.000	0.047
28820.000	0.047
28830.000	0.048
28840.000	0.047
28850.000	0.049
28860.000	0.047
28870.000	0.046
28880.000	0.046
28890.000	0.045
28900.000	0.047
28910.000	0.046
28920.000	0.047
28930.000	0.048
28940.000	0.047
28950.000	0.046
28960.000	0.046
28970.000	0.050
28980.000	0.046
28990.000	0.048
29000.000	0.047
29010.000	0.047
29020.000	0.046
29030.000	0.046
29040.000	0.045
29050.000	0.046
29060.000	0.047
29070.000	0.046
29080.000	0.045
29090.000	0.047
29100.000	0.045
29110.000	0.046
29120.000	0.046
29130.000	0.046
29140.000	0.045
29150.000	0.046
29160.000	0.045
29170.000	0.045
29180.000	0.044
29190.000	0.045
29200.000	0.046
29210.000	0.047
29220.000	0.045
29230.000	0.044
29240.000	0.044
29250.000	0.046
29260.000	0.046
29270.000	0.045
29280.000	0.045
29290.000	0.045
29300.000	0.046
29310.000	0.047
29320.000	0.046
29330.000	0.046
29340.000	0.046
29350.000	0.046
29360.000	0.045
29370.000	0.044
29380.000	0.044
29390.000	0.044
29400.000	0.045
29410.000	0.046
29420.000	0.044
29430.000	0.044
29440.000	0.044
29450.000	0.046
29460.000	0.046
29470.000	0.045
29480.000	0.045
29490.000	0.045
29500.000	0.046
29510.000	0.045
29520.000	0.046
29530.000	0.047
29540.000	0.045
29550.000	0.044
29560.000	0.046
29570.000	0.045
29580.000	0.045
29590.000	0.046
29600.000	0.044
29610.000	0.045
29620.000	0.043
29630.000	0.042
29640.000	0.044
29650.000	0.045
29660.000	0.046
29670.000	0.045
29680.000	0.045
29690.000	0.045
29700.000	0.045
29710.000	0.044
29720.000	0.045
29730.000	0.043
29740.000	0.045
29750.000	0.043
29760.000	0.043
29770.000	0.044
29780.000	0.046
29790.000	0.045
29800.000	0.045
29810.000	0.045
29820.000	0.045
29830.000	0.043
29840.000	0.044
29850.000	0.045
29860.000	0.046
29870.000	0.044
29880.000	0.044
29890.000	0.045
29900.000	0.045
29910.000	0.044
29920.000	0.043
29930.000	0.044
29940.000	0.043
29950.000	0.045
29960.000	0.043
29970.000	0.045
29980.000	0.045
29990.000	0.044
30000.000	0.045
30010.000	0.047
30020.000	0.045
30030.000	0.044
30040.000	0.044
30050.000	0.045
30060.000	0.045
30070.000	0.045
30080.000	0.044
30090.000	0.043
30100.000	0.041
30110.000	0.043
30120.000	0.045
30130.000	0.043
30140.000	0.042
30150.000	0.043
30160.000	0.044
30170.000	0.044
30180.000	0.045
30190.000	0.043
30200.000	0.043
30210.000	0.043
30220.000	0.044
30230.000	0.044
30240.000	0.044
30250.000	0.042
30260.000	0.043
30270.000	0.044
30280.000	0.045
30290.000	0.043
30300.000	0.042
30310.000	0.041
30320.000	0.042
30330.000	0.044
30340.000	0.044
30350.000	0.043
30360.000	0.044
30370.000	0.042
30380.000	0.042
30390.000	0.042
30400.000	0.043
30410.000	0.045
30420.000	0.043
30430.000	0.043
30440.000	0.043
30450.000	0.043
30460.000	0.043
30470.000	0.043
30480.000	0.041
30490.000	0.043
30500.000	0.042
30510.000	0.042
30520.000	0.041
30530.000	0.041
30540.000	0.043
30550.000	0.042
30560.000	0.044
30570.000	0.043
30580.000	0.043
30590.000	0.044
30600.000	0.042
30610.000	0.041
30620.000	0.042
30630.000	0.042
30640.000	0.042
30650.000	0.042
30660.000	0.044
30670.000	0.044
30680.000	0.042
30690.000	0.043
30700.000	0.042
30710.000	0.044
30720.000	0.043
30730.000	0.043
30740.000	0.042
30750.000	0.042
30760.000	0.044
30770.000	0.041
30780.000	0.042
30790.000	0.043
30800.000	0.042
30810.000	0.043
30820.000	0.042
30830.000	0.041
30840.000	0.041
30850.000	0.041
30860.000	0.043
30870.000	0.042
30880.000	0.043
30890.000	0.043
30900.000	0.043
30910.000	0.041
30920.000	0.042
30930.000	0.042
30940.000	0.041
30950.000	0.041
30960.000	0.042
30970.000	0.042
30980.000	0.040
30990.000	0.041
31000.000	0.043
31010.000	0.043
31020.000	0.043
31030.000	0.041
31040.000	0.042
31050.000	0.041
31060.000	0.041
31070.000	0.041
31080.000	0.041
31090.000	0.041
31100.000	0.041
31110.000	0.041
31120.000	0.042
31130.000	0.042
31140.000	0.043
31150.000	0.041
31160.000	0.042
31170.000	0.042
31180.000	0.040
31190.000	0.040
31200.000	0.040
31210.000	0.041
31220.000	0.040
31230.000	0.041
31240.000	0.041
31250.000	0.041
31260.000	0.042
31270.000	0.041
31280.000	0.042
31290.000	0.042
31300.000	0.041
31310.000	0.040
31320.000	0.040
31330.000	0.041
31340.000	0.041
31350.000	0.040
31360.000	0.040
31370.000	0.040
31380.000	0.039
31390.000	0.039
31400.000	0.040
31410.000	0.042
31420.000	0.042
31430.000	0.040
31440.000	0.042
31450.000	0.041
31460.000	0.041
31470.000	0.041
31480.000	0.041
31490.000	0.042
31500.000	0.042
31510.000	0.041
31520.000	0.041
31530.000	0.041
31540.000	0.040
31550.000	0.041
31560.000	0.038
31570.000	0.038
31580.000	0.040
31590.000	0.039
31600.000	0.039
31610.000	0.039
31620.000	0.039
31630.000	0.038
31640.000	0.040
31650.000	0.041
31660.000	0.041
31670.000	0.042
31680.000	0.041
31690.000	0.039
31700.000	0.040
31710.000	0.040
31720.000	0.039
31730.000	0.040
31740.000	0.040
31750.000	0.040
31760.000	0.038
31770.000	0.039
31780.000	0.039
31790.000	0.039
31800.000	0.039
31810.000	0.040
31820.000	0.039
31830.000	0.039
31840.000	0.038
31850.000	0.037
31860.000	0.037
31870.000	0.039
31880.000	0.037
31890.000	0.039
31900.000	0.039
31910.000	0.039
31920.000	0.037
31930.000	0.038
31940.000	0.039
31950.000	0.039
31960.000	0.039
31970.000	0.038
31980.000	0.037
31990.000	0.038
32000.000	0.037
32010.000	0.040
32020.000	0.042
32030.000	0.040
32040.000	0.039
32050.000	0.039
32060.000	0.039
32070.000	0.038
32080.000	0.037
32090.000	0.038
32100.000	0.039
32110.000	0.037
32120.000	0.036
32130.000	0.036
32140.000	0.036
32150.000	0.037
32160.000	0.040
32170.000	0.038
32180.000	0.038
32190.000	0.037
32200.000	0.036
32210.000	0.036
32220.000	0.037
32230.000	0.037
32240.000	0.036
32250.000	0.037
32260.000	0.038
32270.000	0.037
32280.000	0.037
32290.000	0.038
32300.000	0.038
32310.000	0.036
32320.000	0.036
32330.000	0.034
32340.000	0.034
32350.000	0.037
32360.000	0.038
32370.000	0.036
32380.000	0.036
32390.000	0.036
32400.000	0.037
32410.000	0.037
32420.000	0.036
32430.000	0.036
32440.000	0.036
32450.000	0.036
32460.000	0.034
32470.000	0.036
32480.000	0.035
32490.000	0.036
32500.000	0.036
32510.000	0.036
32520.000	0.036
32530.000	0.035
32540.000	0.035
32550.000	0.036
32560.000	0.035
32570.000	0.036
32580.000	0.037
32590.000	0.037
32600.000	0.036
32610.000	0.036
32620.000	0.036
32630.000	0.035
32640.000	0.036
32650.000	0.035
32660.000	0.037
32670.000	0.037
32680.000	0.035
32690.000	0.034
32700.000	0.033
32710.000	0.035
32720.000	0.035
32730.000	0.035
32740.000	0.034
32750.000	0.034
32760.000	0.035
32770.000	0.033
32780.000	0.034
32790.000	0.036
32800.000	0.036
32810.000	0.034
32820.000	0.034
32830.000	0.033
32840.000	0.034
32850.000	0.033
32860.000	0.033
32870.000	0.033
32880.000	0.034
32890.000	0.033
32900.000	0.034
32910.000	0.034
32920.000	0.034
32930.000	0.034
32940.000	0.032
32950.000	0.033
32960.000	0.033
32970.000	0.033
32980.000	0.032
32990.000	0.034
33000.000	0.034
33010.000	0.033
33020.000	0.034
33030.000	0.033
33040.000	0.032
33050.000	0.032
33060.000	0.032
33070.000	0.032
33080.000	0.032
33090.000	0.033
33100.000	0.032
33110.000	0.032
33120.000	0.032
33130.000	0.033
33140.000	0.031
33150.000	0.032
33160.000	0.033
33170.000	0.032
33180.000	0.032
33190.000	0.030
33200.000	0.031
33210.000	0.031
33220.000	0.032
33230.000	0.032
33240.000	0.032
33250.000	0.031
33260.000	0.032
33270.000	0.032
33280.000	0.031
33290.000	0.031
33300.000	0.030
33310.000	0.029
33320.000	0.030
33330.000	0.030
33340.000	0.032
33350.000	0.033
33360.000	0.033
33370.000	0.033
33380.000	0.029
33390.000	0.029
33400.000	0.029
33410.000	0.030
33420.000	0.030
33430.000	0.029
33440.000	0.029
33450.000	0.029
33460.000	0.029
33470.000	0.030
33480.000	0.030
33490.000	0.030
33500.000	0.029
33510.000	0.029
33520.000	0.028
33530.000	0.030
33540.000	0.028
33550.000	0.029
33560.000	0.029
33570.000	0.028
33580.000	0.027
33590.000	0.029
33600.000	0.030
33610.000	0.029
33620.000	0.031
33630.000	0.029
33640.000	0.027
33650.000	0.028
33660.000	0.028
33670.000	0.028
33680.000	0.027
33690.000	0.029
33700.000	0.029
33710.000	0.028
33720.000	0.028
33730.000	0.028
33740.000	0.029
33750.000	0.028
33760.000	0.029
33770.000	0.028
33780.000	0.028
33790.000	0.028
33800.000	0.027
33810.000	0.026
33820.000	0.027
33830.000	0.026
33840.000	0.029
33850.000	0.029
33860.000	0.027
33870.000	0.028
33880.000	0.026
33890.000	0.026
33900.000	0.025
33910.000	0.026
33920.000	0.026
33930.000	0.026
33940.000	0.025
33950.000	0.027
33960.000	0.027
33970.000	0.027
33980.000	0.026
33990.000	0.027
34000.000	0.025
34010.000	0.025
34020.000	0.025
34030.000	0.026
34040.000	0.025
34050.000	0.025
34060.000	0.026
34070.000	0.027
34080.000	0.027
34090.000	0.025
34100.000	0.024
34110.000	0.025
34120.000	0.025
34130.000	0.025
34140.000	0.023
34150.000	0.025
34160.000	0.023
34170.000	0.024
34180.000	0.024
34190.000	0.023
34200.000	0.024
34210.000	0.023
34220.000	0.024
34230.000	0.023
34240.000	0.023
34250.000	0.022
34260.000	0.023
34270.000	0.024
34280.000	0.024
34290.000	0.023
34300.000	0.025
34310.000	0.023
34320.000	0.022
34330.000	0.023
34340.000	0.023
34350.000	0.023
34360.000	0.022
34370.000	0.022
34380.000	0.021
34390.000	0.022
34400.000	0.022
34410.000	0.022
34420.000	0.022
34430.000	0.023
34440.000	0.022
34450.000	0.021
34460.000	0.020
34470.000	0.021
34480.000	0.022
34490.000	0.022
34500.000	0.022
34510.000	0.021
34520.000	0.021
34530.000	0.021
34540.000	0.023
34550.000	0.022
34560.000	0.020
34570.000	0.021
34580.000	0.022
34590.000	0.020
34600.000	0.020
34610.000	0.022
34620.000	0.022
34630.000	0.021
34640.000	0.021
34650.000	0.022
34660.000	0.021
34670.000	0.020
34680.000	0.019
34690.000	0.019
34700.000	0.021
34710.000	0.020
34720.000	0.021
34730.000	0.020
34740.000	0.020
34750.000	0.019
34760.000	0.020
34770.000	0.020
34780.000	0.018
34790.000	0.019
34800.000	0.018
34810.000	0.019
34820.000	0.019
34830.000	0.019
34840.000	0.019
34850.000	0.021
34860.000	0.019
34870.000	0.019
34880.000	0.019
34890.000	0.018
34900.000	0.018
34910.000	0.019
34920.000	0.018
34930.000	0.019
34940.000	0.018
34950.000	0.018
34960.000	0.017
34970.000	0.017
34980.000	0.018
34990.000	0.017
35000.000	0.018
35010.000	0.017
35020.000	0.017
35030.000	0.017
35040.000	0.016
35050.000	0.016
35060.000	0.018
35070.000	0.017
35080.000	0.017
35090.000	0.018
35100.000	0.016
35110.000	0.017
35120.000	0.015
35130.000	0.017
35140.000	0.015
35150.000	0.017
35160.000	0.017
35170.000	0.016
35180.000	0.017
35190.000	0.017
35200.000	0.016
35210.000	0.017
35220.000	0.016
35230.000	0.018
35240.000	0.017
35250.000	0.016
35260.000	0.017
35270.000	0.016
35280.000	0.016
35290.000	0.016
35300.000	0.016
35310.000	0.014
35320.000	0.015
35330.000	0.014
35340.000	0.015
35350.000	0.015
35360.000	0.015
35370.000	0.016
35380.000	0.014
35390.000	0.015
35400.000	0.014
35410.000	0.015
35420.000	0.015
35430.000	0.015
35440.000	0.015
35450.000	0.014
35460.000	0.014
35470.000	0.014
35480.000	0.014
35490.000	0.014
35500.000	0.014
35510.000	0.014
35520.000	0.014
35530.000	0.014
35540.000	0.015
35550.000	0.015
35560.000	0.014
35570.000	0.013
35580.000	0.014
35590.000	0.014
35600.000	0.013
35610.000	0.013
35620.000	0.013
35630.000	0.013
35640.000	0.014
35650.000	0.014
35660.000	0.014
35670.000	0.013
35680.000	0.013
35690.000	0.013
35700.000	0.013
35710.000	0.014
35720.000	0.014
35730.000	0.013
35740.000	0.012
35750.000	0.013
35760.000	0.011
35770.000	0.012
35780.000	0.013
35790.000	0.013
35800.000	0.014
35810.000	0.013
35820.000	0.013
35830.000	0.012
35840.000	0.012
35850.000	0.012
35860.000	0.012
35870.000	0.011
35880.000	0.011
35890.000	0.011
35900.000	0.012
35910.000	0.012
35920.000	0.013
35930.000	0.012
35940.000	0.011
35950.000	0.012
35960.000	0.011
35970.000	0.010
35980.000	0.011
35990.000	0.009
36000.000	0.010
36010.000	0.010
36020.000	0.010
36030.000	0.011
36040.000	0.011
36050.000	0.010
36060.000	0.011
36070.000	0.010
36080.000	0.011
36090.000	0.010
36100.000	0.009
36110.000	0.010
36120.000	0.011
36130.000	0.010
36140.000	0.009
36150.000	0.008
36160.000	0.008
36170.000	0.009
36180.000	0.008
36190.000	0.010
36200.000	0.010
36210.000	0.010
36220.000	0.010
36230.000	0.009
36240.000	0.009
36250.000	0.010
36260.000	0.010
36270.000	0.008
36280.000	0.008
36290.000	0.009
36300.000	0.008
36310.000	0.009
36320.000	0.009
36330.000	0.008
36340.000	0.009
36350.000	0.008
36360.000	0.008
36370.000	0.008
36380.000	0.009
36390.000	0.007
36400.000	0.008
36410.000	0.008
36420.000	0.008
36430.000	0.008
36440.000	0.008
36450.000	0.008
36460.000	0.008
36470.000	0.008
36480.000	0.008
36490.000	0.009
36500.000	0.009
36510.000	0.008
36520.000	0.008
36530.000	0.008
36540.000	0.007
36550.000	0.007
36560.000	0.008
36570.000	0.008
36580.000	0.007
36590.000	0.008
36600.000	0.008
36610.000	0.007
36620.000	0.007
36630.000	0.008
36640.000	0.007
36650.000	0.007
36660.000	0.007
36670.000	0.007
36680.000	0.007
36690.000	0.007
36700.000	0.007
36710.000	0.007
36720.000	0.008
36730.000	0.008
36740.000	0.008
36750.000	0.008
36760.000	0.007
36770.000	0.007
36780.000	0.007
36790.000	0.007
36800.000	0.007
36810.000	0.007
36820.000	0.007
36830.000	0.007
36840.000	0.007
36850.000	0.007
36860.000	0.006
36870.000	0.007
36880.000	0.007
36890.000	0.007
36900.000	0.007
36910.000	0.007
36920.000	0.007
36930.000	0.007
36940.000	0.007
36950.000	0.006
36960.000	0.007
36970.000	0.007
36980.000	0.007
36990.000	0.007
37000.000	0.007
37010.000	0.007
37020.000	0.007
37030.000	0.006
37040.000	0.007
37050.000	0.007
37060.000	0.007
37070.000	0.007
37080.000	0.007
37090.000	0.006
37100.000	0.007
37110.000	0.006
37120.000	0.007
37130.000	0.007
37140.000	0.007
37150.000	0.006
37160.000	0.006
37170.000	0.006
37180.000	0.006
37190.000	0.007
37200.000	0.006
37210.000	0.006
37220.000	0.006
37230.000	0.006
37240.000	0.007
37250.000	0.006
37260.000	0.008
37270.000	0.007
37280.000	0.007
37290.000	0.006
37300.000	0.006
37310.000	0.006
37320.000	0.007
37330.000	0.006
37340.000	0.005
37350.000	0.006
37360.000	0.005
37370.000	0.005
37380.000	0.006
37390.000	0.006
37400.000	0.006
37410.000	0.006
37420.000	0.006
37430.000	0.006
37440.000	0.007
37450.000	0.006
37460.000	0.005
37470.000	0.005
37480.000	0.005
37490.000	0.006
37500.000	0.006
37510.000	0.006
37520.000	0.005
37530.000	0.005
37540.000	0.006
37550.000	0.005
37560.000	0.005
37570.000	0.004
37580.000	0.005
37590.000	0.006
37600.000	0.005
37610.000	0.005
37620.000	0.005
37630.000	0.005
37640.000	0.005
37650.000	0.004
37660.000	0.004
37670.000	0.005
37680.000	0.005
37690.000	0.005
37700.000	0.004
37710.000	0.004
37720.000	0.005
37730.000	0.005
37740.000	0.005
37750.000	0.004
37760.000	0.005
37770.000	0.004
37780.000	0.005
37790.000	0.004
37800.000	0.005
37810.000	0.004
37820.000	0.004
37830.000	0.005
37840.000	0.003
37850.000	0.004
37860.000	0.004
37870.000	0.005
37880.000	0.005
37890.000	0.005
37900.000	0.004
37910.000	0.003
37920.000	0.004
37930.000	0.004
37940.000	0.005
37950.000	0.005
37960.000	0.005
37970.000	0.005
37980.000	0.004
37990.000	0.005
38000.000	0.005
38010.000	0.005
38020.000	0.003
38030.000	0.004
38040.000	0.004
38050.000	0.004
38060.000	0.003
38070.000	0.004
38080.000	0.004
38090.000	0.003
38100.000	0.004
38110.000	0.004
38120.000	0.004
38130.000	0.004
38140.000	0.004
38150.000	0.004
38160.000	0.003
38170.000	0.003
38180.000	0.003
38190.000	0.003
38200.000	0.003
38210.000	0.004
38220.000	0.004
38230.000	0.004
38240.000	0.004
38250.000	0.003
38260.000	0.003
38270.000	0.003
38280.000	0.003
38290.000	0.003
38300.000	0.003
38310.000	0.003
38320.000	0.004
38330.000	0.003
38340.000	0.004
38350.000	0.004
38360.000	0.004
38370.000	0.003
38380.000	0.003
38390.000	0.003
38400.000	0.003
38410.000	0.004
38420.000	0.004
38430.000	0.004
38440.000	0.004
38450.000	0.004
38460.000	0.003
38470.000	0.003
38480.000	0.004
38490.000	0.003
38500.000	0.003
38510.000	0.003
38520.000	0.003
38530.000	0.003
38540.000	0.004
38550.000	0.003
38560.000	0.003
38570.000	0.004
38580.000	0.003
38590.000	0.003
38600.000	0.004
38610.000	0.002
38620.000	0.003
38630.000	0.003
38640.000	0.003
38650.000	0.003
38660.000	0.003
38670.000	0.003
38680.000	0.003
38690.000	0.003
38700.000	0.003
38710.000	0.003
38720.000	0.003
38730.000	0.003
38740.000	0.003
38750.000	0.002
38760.000	0.003
38770.000	0.003
38780.000	0.003
38790.000	0.003
38800.000	0.003
38810.000	0.003
38820.000	0.003
38830.000	0.002
38840.000	0.004
38850.000	0.003
38860.000	0.003
38870.000	0.003
38880.000	0.004
38890.000	0.003
38900.000	0.003
38910.000	0.003
38920.000	0.003
38930.000	0.002
38940.000	0.002
38950.000	0.002
38960.000	0.003
38970.000	0.003
38980.000	0.003
38990.000	0.003
39000.000	0.002
39010.000	0.003
39020.000	0.003
39030.000	0.002
39040.000	0.002
39050.000	0.003
39060.000	0.003
39070.000	0.002
39080.000	0.002
39090.000	0.003
39100.000	0.003
39110.000	0.003
39120.000	0.002
39130.000	0.003
39140.000	0.003
39150.000	0.002
39160.000	0.002
39170.000	0.002
39180.000	0.002
39190.000	0.003
39200.000	0.003
39210.000	0.002
39220.000	0.002
39230.000	0.003
39240.000	0.003
39250.000	0.002
39260.000	0.002
39270.000	0.003
39280.000	0.003
39290.000	0.002
39300.000	0.002
39310.000	0.003
39320.000	0.003
39330.000	0.002
39340.000	0.003
39350.000	0.002
39360.000	0.002
39370.000	0.003
39380.000	0.003
39390.000	0.002
39400.000	0.002
39410.000	0.003
39420.000	0.002
39430.000	0.002
39440.000	0.002
39450.000	0.002
39460.000	0.003
39470.000	0.002
39480.000	0.002
39490.000	0.002
39500.000	0.002
39510.000	0.002
39520.000	0.002
39530.000	0.002
39540.000	0.002
39550.000	0.001
39560.000	0.002
39570.000	0.002
39580.000	0.003
39590.000	0.002
39600.000	0.002
39610.000	0.002
39620.000	0.002
39630.000	0.002
39640.000	0.002
39650.000	0.002
39660.000	0.002
39670.000	0.002
39680.000	0.003
39690.000	0.002
39700.000	0.002
39710.000	0.002
39720.000	0.002
39730.000	0.002
39740.000	0.002
39750.000	0.002
39760.000	0.002
39770.000	0.002
39780.000	0.002
39790.000	0.001
39800.000	0.001
39810.000	0.002
39820.000	0.002
39830.000	0.003
39840.000	0.003
39850.000	0.002
39860.000	0.002
39870.000	0.002
39880.000	0.002
39890.000	0.002
39900.000	0.003
39910.000	0.002
39920.000	0.002
39930.000	0.002
39940.000	0.002
39950.000	0.002
39960.000	0.002
39970.000	0.002
39980.000	0.002
39990.000	0.002
40000.000	0.002
40010.000	0.002
40020.000	0.002
40030.000	0.002
40040.000	0.002
40050.000	0.002
40060.000	0.002
40070.000	0.002
40080.000	0.002
40090.000	0.002
40100.000	0.002
40110.000	0.002
40120.000	0.002
40130.000	0.002
40140.000	0.002
40150.000	0.002
40160.000	0.002
40170.000	0.002
40180.000	0.002
40190.000	0.001
40200.000	0.002
40210.000	0.002
40220.000	0.002
40230.000	0.002
40240.000	0.002
40250.000	0.002
40260.000	0.002
40270.000	0.002
40280.000	0.002
40290.000	0.002
40300.000	0.002
40310.000	0.002
40320.000	0.002
40330.000	0.001
40340.000	0.002
40350.000	0.002
40360.000	0.002
40370.000	0.002
40380.000	0.002
40390.000	0.002
40400.000	0.002
40410.000	0.002
40420.000	0.002
40430.000	0.002
40440.000	0.002
40450.000	0.002
40460.000	0.001
40470.000	0.002
40480.000	0.002
40490.000	0.002
40500.000	0.002
40510.000	0.002
40520.000	0.002
40530.000	0.002
40540.000	0.002
40550.000	0.002
40560.000	0.002
40570.000	0.002
40580.000	0.002
40590.000	0.002
40600.000	0.002
40610.000	0.002
40620.000	0.002
40630.000	0.002
40640.000	0.001
40650.000	0.002
40660.000	0.002
40670.000	0.001
40680.000	0.002
40690.000	0.001
40700.000	0.002
40710.000	0.001
40720.000	0.002
40730.000	0.001
40740.000	0.001
40750.000	0.002
40760.000	0.001
40770.000	0.002
40780.000	0.001
40790.000	0.002
40800.000	0.001
40810.000	0.001
40820.000	0.002
40830.000	0.001
40840.000	0.002
40850.000	0.002
40860.000	0.002
40870.000	0.001
40880.000	0.002
40890.000	0.002
40900.000	0.001
40910.000	0.001
40920.000	0.002
40930.000	0.001
40940.000	0.001
40950.000	0.001
40960.000	0.001
40970.000	0.001
40980.000	0.001
40990.000	0.002
41000.000	0.003
41010.000	0.002
41020.000	0.002
41030.000	0.001
41040.000	0.002
41050.000	0.002
41060.000	0.001
41070.000	0.002
41080.000	0.002
41090.000	0.002
41100.000	0.002
41110.000	0.001
41120.000	0.002
41130.000	0.002
41140.000	0.002
41150.000	0.002
41160.000	0.001
41170.000	0.002
41180.000	0.002
41190.000	0.001
41200.000	0.001
41210.000	0.002
41220.000	0.001
41230.000	0.002
41240.000	0.002
41250.000	0.001
41260.000	0.001
41270.000	0.002
41280.000	0.002
41290.000	0.001
41300.000	0.001
41310.000	0.002
41320.000	0.002
41330.000	0.001
41340.000	0.002
41350.000	0.002
41360.000	0.001
41370.000	0.001
41380.000	0.001
41390.000	0.002
41400.000	0.001
41410.000	0.002
41420.000	0.002
41430.000	0.001
41440.000	0.002
41450.000	0.001
41460.000	0.002
41470.000	0.001
41480.000	0.002
41490.000	0.001
41500.000	0.001
41510.000	0.001
41520.000	0.002
41530.000	0.001
41540.000	0.001
41550.000	0.001
41560.000	0.001
41570.000	0.001
41580.000	0.001
41590.000	0.002
41600.000	0.001
41610.000	0.001
41620.000	0.001
41630.000	0.001
41640.000	0.001
41650.000	0.001
41660.000	0.002
41670.000	0.002
41680.000	0.001
41690.000	0.001
41700.000	0.002
41710.000	0.002
41720.000	0.002
41730.000	0.001
41740.000	0.002
41750.000	0.001
41760.000	0.001
41770.000	0.001
41780.000	0.002
41790.000	0.001
41800.000	0.001
41810.000	0.001
41820.000	0.001
41830.000	0.001
41840.000	0.001
41850.000	0.001
41860.000	0.001
41870.000	0.002
41880.000	0.002
41890.000	0.002
41900.000	0.001
41910.000	0.001
41920.000	0.001
41930.000	0.001
41940.000	0.002
41950.000	0.002
41960.000	0.002
41970.000	0.002
41980.000	0.001
41990.000	0.001
42000.000	0.001
42010.000	0.001
42020.000	0.002
42030.000	0.002
42040.000	0.001
42050.000	0.001
42060.000	0.000
42070.000	0.001
42080.000	0.002
42090.000	0.001
42100.000	0.001
42110.000	0.001
42120.000	0.001
42130.000	0.002
42140.000	0.002
42150.000	0.001
42160.000	0.001
42170.000	0.002
42180.000	0.001
42190.000	0.001
42200.000	0.002
42210.000	0.001
42220.000	0.002
42230.000	0.002
42240.000	0.001
42250.000	0.001
42260.000	0.001
42270.000	0.001
42280.000	0.001
42290.000	0.001
42300.000	0.001
42310.000	0.001
42320.000	0.001
42330.000	0.001
42340.000	0.002
42350.000	0.001
42360.000	0.001
42370.000	0.001
42380.000	0.001
42390.000	0.001
42400.000	0.001
42410.000	0.002
42420.000	0.002
42430.000	0.001
42440.000	0.002
42450.000	0.001
42460.000	0.001
42470.000	0.001
42480.000	0.001
42490.000	0.001
42500.000	0.001
42510.000	0.002
42520.000	0.001
42530.000	0.001
42540.000	0.001
42550.000	0.001
42560.000	0.002
42570.000	0.001
42580.000	0.001
42590.000	0.001
42600.000	0.001
42610.000	0.001
42620.000	0.001
42630.000	0.001
42640.000	0.001
42650.000	0.001
42660.000	0.001
42670.000	0.001
42680.000	0.001
42690.000	0.001
42700.000	0.001
42710.000	0.001
42720.000	0.001
42730.000	0.002
42740.000	0.001
42750.000	0.002
42760.000	0.002
42770.000	0.002
42780.000	0.001
42790.000	0.001
42800.000	0.001
42810.000	0.001
42820.000	0.001
42830.000	0.001
42840.000	0.001
42850.000	0.002
42860.000	0.001
42870.000	0.002
42880.000	0.001
42890.000	0.001
42900.000	0.002
42910.000	0.002
42920.000	0.001
42930.000	0.002
42940.000	0.001
42950.000	0.001
42960.000	0.000
42970.000	0.002
42980.000	0.002
42990.000	0.000
43000.000	0.001
43010.000	0.001
43020.000	0.001
43030.000	0.001
43040.000	0.001
43050.000	0.001
43060.000	0.000
43070.000	0.001
43080.000	0.001
43090.000	0.002
43100.000	0.001
43110.000	0.002
43120.000	0.001
43130.000	0.001
43140.000	0.001
43150.000	0.002
43160.000	0.001
43170.000	0.002
43180.000	0.001
43190.000	0.001
43200.000	0.001
43210.000	0.001
43220.000	0.001
43230.000	0.002
43240.000	0.001
43250.000	0.001
43260.000	0.001
43270.000	0.000
43280.000	0.001
43290.000	0.001
43300.000	0.001
43310.000	0.001
43320.000	0.001
43330.000	0.002
43340.000	0.002
43350.000	0.001
43360.000	0.002
43370.000	0.002
43380.000	0.001
43390.000	0.001
43400.000	0.001
43410.000	0.001
43420.000	0.001
43430.000	0.001
43440.000	0.001
43450.000	0.001
43460.000	0.001
43470.000	0.001
43480.000	0.001
43490.000	0.001
43500.000	0.001
43510.000	0.000
43520.000	0.001
43530.000	0.001
43540.000	0.000
43550.000	0.000
43560.000	0.001
43570.000	0.001
43580.000	0.001
43590.000	0.000
43600.000	0.001
43610.000	0.001
43620.000	0.002
43630.000	0.001
43640.000	0.001
43650.000	0.001
43660.000	0.001
43670.000	0.001
43680.000	0.001
43690.000	0.001
43700.000	0.001
43710.000	0.001
43720.000	0.001
43730.000	0.002
43740.000	0.001
43750.000	0.001
43760.000	0.001
43770.000	0.001
43780.000	0.001
43790.000	0.001
43800.000	0.001
43810.000	0.001
43820.000	0.001
43830.000	0.001
43840.000	0.001
43850.000	0.001
43860.000	0.001
43870.000	0.001
43880.000	0.001
43890.000	0.001
43900.000	0.000
43910.000	0.000
43920.000	0.001
43930.000	0.001
43940.000	0.000
43950.000	0.001
43960.000	0.001
43970.000	0.001
43980.000	0.001
43990.000	0.000
44000.000	0.001
44010.000	0.001
44020.000	0.001
44030.000	0.001
44040.000	0.001
44050.000	0.001
44060.000	0.001
44070.000	0.001
44080.000	0.001
44090.000	0.002
44100.000	0.001
44110.000	0.001
44120.000	0.001
44130.000	0.001
44140.000	0.001
44150.000	0.001
44160.000	0.001
44170.000	0.001
44180.000	0.001
44190.000	0.001
44200.000	0.001
44210.000	0.000
44220.000	0.001
44230.000	0.001
44240.000	0.001
44250.000	0.001
44260.000	0.001
44270.000	0.002
44280.000	0.001
44290.000	0.001
44300.000	0.001
44310.000	0.001
44320.000	0.002
44330.000	0.001
44340.000	0.001
44350.000	0.001
44360.000	0.001
44370.000	0.001
44380.000	0.001
44390.000	0.001
44400.000	0.001
44410.000	0.002
44420.000	0.001
44430.000	0.001
44440.000	0.001
44450.000	0.000
44460.000	0.001
44470.000	0.001
44480.000	0.001
44490.000	0.001
44500.000	0.001
44510.000	0.001
44520.000	0.001
44530.000	0.001
44540.000	0.001
44550.000	0.001
44560.000	0.000
44570.000	0.001
44580.000	0.001
44590.000	0.001
44600.000	0.001
44610.000	0.001
44620.000	0.001
44630.000	0.001
44640.000	0.000
44650.000	0.000
44660.000	0.001
44670.000	0.001
44680.000	0.001
44690.000	0.000
44700.000	0.000
44710.000	0.001
44720.000	0.001
44730.000	0.001
44740.000	0.001
44750.000	0.001
44760.000	0.001
44770.000	0.001
44780.000	0.001
44790.000	0.001
44800.000	0.001
44810.000	0.001
44820.000	0.001
44830.000	0.001
44840.000	0.001
44850.000	0.001
44860.000	0.002
44870.000	0.001
44880.000	0.001
44890.000	0.001
44900.000	0.002
44910.000	0.001
44920.000	0.001
44930.000	0.001
44940.000	0.001
44950.000	0.002
44960.000	0.001
44970.000	0.001
44980.000	0.001
44990.000	0.000
45000.000	0.000
45010.000	0.001
45020.000	0.001
45030.000	0.001
45040.000	0.001
45050.000	0.001
45060.000	0.001
45070.000	0.001
45080.000	0.002
45090.000	0.001
45100.000	0.001
45110.000	0.001
45120.000	0.000
45130.000	0.001
45140.000	0.001
45150.000	0.000
45160.000	0.001
45170.000	0.000
45180.000	0.001
45190.000	0.001
45200.000	0.000
45210.000	0.001
45220.000	0.001
45230.000	0.001
45240.000	0.001
45250.000	0.002
45260.000	0.002
45270.000	0.001
45280.000	0.001
45290.000	0.001
45300.000	0.002
45310.000	0.001
45320.000	0.001
45330.000	0.001
45340.000	0.001
45350.000	0.001
45360.000	0.002
45370.000	0.001
45380.000	0.000
45390.000	0.002
45400.000	0.001
45410.000	0.001
45420.000	0.001
45430.000	0.001
45440.000	0.000
45450.000	0.001
45460.000	0.001
45470.000	0.001
45480.000	0.001
45490.000	0.001
45500.000	0.001
45510.000	0.000
45520.000	0.001
45530.000	0.000
45540.000	0.001
45550.000	0.001
45560.000	0.002
45570.000	0.002
45580.000	0.001
45590.000	0.000
45600.000	0.000
45610.000	0.001
45620.000	0.001
45630.000	0.001
45640.000	0.001
45650.000	0.001
45660.000	0.001
45670.000	0.001
45680.000	0.001
45690.000	0.001
45700.000	0.001
45710.000	0.001
45720.000	0.001
45730.000	0.001
45740.000	0.001
45750.000	0.001
45760.000	0.001
45770.000	0.001
45780.000	0.001
45790.000	0.001
45800.000	0.001
45810.000	0.001
45820.000	0.001
45830.000	0.001
45840.000	0.001
45850.000	0.001
45860.000	0.000
45870.000	0.001
45880.000	0.001
45890.000	0.001
45900.000	0.000
45910.000	0.001
45920.000	0.002
45930.000	0.001
45940.000	0.001
45950.000	0.001
45960.000	0.001
45970.000	0.001
45980.000	0.001
45990.000	0.000
46000.000	0.001
46010.000	0.001
46020.000	0.000
46030.000	0.001
46040.000	0.001
46050.000	0.000
46060.000	0.001
46070.000	0.001
46080.000	0.001
46090.000	0.001
46100.000	0.001
46110.000	0.002
46120.000	0.001
46130.000	0.001
46140.000	0.001
46150.000	0.001
46160.000	0.001
46170.000	0.001
46180.000	0.001
46190.000	0.002
46200.000	0.001
46210.000	0.001
46220.000	0.000
46230.000	0.001
46240.000	0.001
46250.000	0.001
46260.000	0.001
46270.000	0.001
46280.000	0.001
46290.000	0.001
46300.000	0.001
46310.000	0.001
46320.000	0.000
46330.000	0.000
46340.000	0.001
46350.000	0.001
46360.000	0.001
46370.000	0.001
46380.000	0.001
46390.000	0.000
46400.000	0.001
46410.000	0.001
46420.000	0.001
46430.000	0.001
46440.000	0.002
46450.000	0.001
46460.000	0.001
46470.000	0.002
46480.000	0.002
46490.000	0.002
46500.000	0.001
46510.000	0.001
46520.000	0.001
46530.000	0.000
46540.000	0.002
46550.000	0.001
46560.000	0.000
46570.000	0.002
46580.000	0.001
46590.000	0.001
46600.000	0.001
46610.000	0.001
46620.000	0.000
46630.000	0.001
46640.000	0.001
46650.000	0.001
46660.000	0.001
46670.000	0.001
46680.000	0.001
46690.000	0.001
46700.000	0.001
46710.000	0.001
46720.000	0.001
46730.000	0.001
46740.000	0.001
46750.000	0.001
46760.000	0.001
46770.000	0.001
46780.000	0.001
46790.000	0.001
46800.000	0.001
46810.000	0.001
46820.000	0.001
46830.000	0.001
46840.000	0.000
46850.000	0.001
46860.000	0.001
46870.000	0.001
46880.000	0.001
46890.000	0.001
46900.000	0.002
46910.000	0.001
46920.000	0.001
46930.000	0.000
46940.000	0.001
46950.000	0.001
46960.000	0.000
46970.000	0.001
46980.000	0.001
46990.000	0.001
47000.000	0.001
47010.000	0.001
47020.000	0.001
47030.000	0.001
47040.000	0.001
47050.000	0.001
47060.000	0.001
47070.000	0.000
47080.000	0.001
47090.000	0.001
47100.000	0.001
47110.000	0.001
47120.000	0.001
47130.000	0.001
47140.000	0.000
47150.000	0.002
47160.000	0.001
47170.000	0.001
47180.000	0.001
47190.000	0.001
47200.000	0.001
47210.000	0.000
47220.000	0.001
47230.000	0.001
47240.000	0.001
47250.000	0.001
47260.000	0.000
47270.000	0.000
47280.000	0.001
47290.000	0.001
47300.000	0.002
47310.000	0.001
47320.000	0.001
47330.000	0.001
47340.000	0.001
47350.000	0.001
47360.000	0.001
47370.000	0.001
47380.000	0.001
47390.000	0.001
47400.000	0.000
47410.000	0.001
47420.000	0.002
47430.000	0.001
47440.000	0.001
47450.000	0.000
47460.000	0.001
47470.000	0.001
47480.000	0.001
47490.000	0.001
47500.000	0.001
47510.000	0.000
47520.000	0.001
47530.000	0.001
47540.000	0.001
47550.000	0.001
47560.000	0.001
47570.000	0.001
47580.000	0.001
47590.000	0.000
47600.000	0.001
47610.000	0.001
47620.000	0.001
47630.000	0.001
47640.000	0.001
47650.000	0.001
47660.000	0.002
47670.000	0.001
47680.000	0.000
47690.000	0.000
47700.000	0.001
47710.000	0.001
47720.000	0.001
47730.000	0.001
47740.000	0.001
47750.000	0.001
47760.000	0.001
47770.000	0.002
47780.000	0.001
47790.000	0.000
47800.000	0.001
47810.000	0.001
47820.000	0.001
47830.000	0.001
47840.000	0.001
47850.000	0.001
47860.000	0.000
47870.000	0.000
47880.000	0.001
47890.000	0.001
47900.000	0.002
47910.000	0.001
47920.000	0.001
47930.000	0.002
47940.000	0.001
47950.000	0.001
47960.000	0.001
47970.000	0.001
47980.000	0.000
47990.000	0.000
48000.000	0.000
48010.000	0.001
48020.000	0.000
48030.000	0.001
48040.000	0.001
48050.000	0.001
48060.000	0.001
48070.000	0.001
48080.000	0.001
48090.000	0.001
48100.000	0.001
48110.000	0.000
48120.000	0.001
48130.000	0.001
48140.000	0.001
48150.000	0.001
48160.000	0.000
48170.000	0.000
48180.000	0.001
48190.000	0.001
48200.000	0.001
48210.000	0.001
48220.000	0.000
48230.000	0.001
48240.000	0.001
48250.000	0.000
48260.000	0.000
48270.000	0.001
48280.000	0.001
48290.000	0.001
48300.000	0.001
48310.000	0.001
48320.000	0.001
48330.000	0.001
48340.000	0.000
48350.000	0.001
48360.000	0.001
48370.000	0.001
48380.000	0.001
48390.000	0.001
48400.000	0.001
48410.000	0.001
48420.000	0.001
48430.000	0.001
48440.000	0.001
48450.000	0.001
48460.000	0.001
48470.000	0.001
48480.000	0.001
48490.000	0.000
48498.000	0.001
