10.000	0.317
20.000	0.332
30.000	0.335
40.000	0.332
50.000	0.326
60.000	0.345
70.000	0.356
80.000	0.349
90.000	0.341
100.000	0.343
110.000	0.343
120.000	0.348
130.000	0.353
140.000	0.361
150.000	0.361
160.000	0.353
170.000	0.343
180.000	0.355
190.000	0.362
200.000	0.362
210.000	0.361
220.000	0.359
230.000	0.370
240.000	0.373
250.000	0.352
260.000	0.351
270.000	0.341
280.000	0.359
290.000	0.348
300.000	0.368
310.000	0.362
320.000	0.363
330.000	0.371
340.000	0.353
350.000	0.359
360.000	0.354
370.000	0.364
380.000	0.376
390.000	0.366
400.000	0.370
410.000	0.360
420.000	0.360
430.000	0.364
440.000	0.364
450.000	0.380
460.000	0.373
470.000	0.377
480.000	0.394
490.000	0.372
500.000	0.382
510.000	0.374
520.000	0.383
530.000	0.379
540.000	0.383
550.000	0.381
560.000	0.388
570.000	0.401
580.000	0.387
590.000	0.378
600.000	0.400
610.000	0.405
620.000	0.397
630.000	0.386
640.000	0.391
650.000	0.384
660.000	0.382
670.000	0.391
680.000	0.384
690.000	0.386
700.000	0.401
710.000	0.405
720.000	0.394
730.000	0.393
740.000	0.391
750.000	0.393
760.000	0.388
770.000	0.388
780.000	0.389
790.000	0.391
800.000	0.393
810.000	0.390
820.000	0.397
830.000	0.410
840.000	0.408
850.000	0.407
860.000	0.418
870.000	0.403
880.000	0.415
890.000	0.409
900.000	0.412
910.000	0.420
920.000	0.400
930.000	0.414
940.000	0.418
950.000	0.423
960.000	0.399
970.000	0.407
980.000	0.435
990.000	0.436
1000.000	0.412
1010.000	0.414
1020.000	0.414
1030.000	0.425
1040.000	0.419
1050.000	0.421
1060.000	0.426
1070.000	0.414
1080.000	0.426
1090.000	0.435
1100.000	0.423
1110.000	0.426
1120.000	0.420
1130.000	0.419
1140.000	0.412
1150.000	0.423
1160.000	0.451
1170.000	0.420
1180.000	0.430
1190.000	0.429
1200.000	0.441
1210.000	0.436
1220.000	0.425
1230.000	0.429
1240.000	0.436
1250.000	0.429
1260.000	0.435
1270.000	0.430
1280.000	0.438
1290.000	0.438
1300.000	0.446
1310.000	0.439
1320.000	0.438
1330.000	0.432
1340.000	0.441
1350.000	0.438
1360.000	0.443
1370.000	0.444
1380.000	0.441
1390.000	0.446
1400.000	0.435
1410.000	0.441
1420.000	0.452
1430.000	0.438
1440.000	0.437
1450.000	0.446
1460.000	0.450
1470.000	0.465
1480.000	0.460
1490.000	0.449
1500.000	0.436
1510.000	0.431
1520.000	0.425
1530.000	0.447
1540.000	0.454
1550.000	0.456
1560.000	0.443
1570.000	0.459
1580.000	0.460
1590.000	0.456
1600.000	0.441
1610.000	0.442
1620.000	0.445
1630.000	0.453
1640.000	0.454
1650.000	0.459
1660.000	0.456
1670.000	0.449
1680.000	0.450
1690.000	0.454
1700.000	0.459
1710.000	0.448
1720.000	0.462
1730.000	0.483
1740.000	0.476
1750.000	0.472
1760.000	0.470
1770.000	0.465
1780.000	0.464
1790.000	0.461
1800.000	0.471
1810.000	0.468
1820.000	0.469
1830.000	0.455
1840.000	0.461
1850.000	0.470
1860.000	0.475
1870.000	0.470
1880.000	0.482
1890.000	0.485
1900.000	0.476
1910.000	0.481
1920.000	0.465
1930.000	0.471
1940.000	0.476
1950.000	0.489
1960.000	0.492
1970.000	0.497
1980.000	0.481
1990.000	0.491
2000.000	0.471
2010.000	0.476
2020.000	0.479
2030.000	0.489
2040.000	0.484
2050.000	0.470
2060.000	0.479
2070.000	0.472
2080.000	0.472
2090.000	0.470
2100.000	0.474
2110.000	0.474
2120.000	0.485
2130.000	0.494
2140.000	0.490
2150.000	0.489
2160.000	0.474
2170.000	0.479
2180.000	0.477
2190.000	0.486
2200.000	0.498
2210.000	0.491
2220.000	0.490
2230.000	0.483
2240.000	0.505
2250.000	0.507
2260.000	0.506
2270.000	0.504
2280.000	0.500
2290.000	0.485
2300.000	0.498
2310.000	0.504
2320.000	0.496
2330.000	0.493
2340.000	0.505
2350.000	0.512
2360.000	0.514
2370.000	0.534
2380.000	0.527
2390.000	0.506
2400.000	0.522
2410.000	0.518
2420.000	0.508
2430.000	0.515
2440.000	0.509
2450.000	0.494
2460.000	0.512
2470.000	0.519
2480.000	0.517
2490.000	0.532
2500.000	0.515
2510.000	0.510
2520.000	0.497
2530.000	0.529
2540.000	0.520
2550.000	0.521
2560.000	0.517
2570.000	0.522
2580.000	0.535
2590.000	0.531
2600.000	0.528
2610.000	0.536
2620.000	0.534
2630.000	0.534
2640.000	0.540
2650.000	0.526
2660.000	0.528
2670.000	0.537
2680.000	0.531
2690.000	0.529
2700.000	0.518
2710.000	0.515
2720.000	0.512
2730.000	0.512
2740.000	0.519
2750.000	0.528
2760.000	0.540
2770.000	0.551
2780.000	0.534
2790.000	0.530
2800.000	0.526
2810.000	0.543
2820.000	0.552
2830.000	0.544
2840.000	0.537
2850.000	0.540
2860.000	0.536
2870.000	0.546
2880.000	0.549
2890.000	0.544
2900.000	0.541
2910.000	0.560
2920.000	0.559
2930.000	0.528
2940.000	0.556
2950.000	0.544
2960.000	0.557
2970.000	0.543
2980.000	0.549
2990.000	0.532
3000.000	0.554
3010.000	0.564
3020.000	0.564
3030.000	0.569
3040.000	0.574
3050.000	0.574
3060.000	0.558
3070.000	0.576
3080.000	0.562
3090.000	0.562
3100.000	0.563
3110.000	0.550
3120.000	0.546
3130.000	0.560
3140.000	0.561
3150.000	0.554
3160.000	0.539
3170.000	0.550
3180.000	0.563
3190.000	0.543
3200.000	0.543
3210.000	0.549
3220.000	0.562
3230.000	0.564
3240.000	0.568
3250.000	0.559
3260.000	0.558
3270.000	0.582
3280.000	0.565
3290.000	0.567
3300.000	0.557
3310.000	0.579
3320.000	0.568
3330.000	0.576
3340.000	0.566
3350.000	0.569
3360.000	0.565
3370.000	0.573
3380.000	0.579
3390.000	0.577
3400.000	0.588
3410.000	0.586
3420.000	0.588
3430.000	0.581
3440.000	0.616
3450.000	0.595
3460.000	0.591
3470.000	0.595
3480.000	0.601
3490.000	0.589
3500.000	0.602
3510.000	0.608
3520.000	0.601
3530.000	0.583
3540.000	0.576
3550.000	0.573
3560.000	0.602
3570.000	0.621
3580.000	0.619
3590.000	0.612
3600.000	0.601
3610.000	0.598
3620.000	0.599
3630.000	0.598
3640.000	0.594
3650.000	0.596
3660.000	0.601
3670.000	0.588
3680.000	0.619
3690.000	0.621
3700.000	0.606
3710.000	0.597
3720.000	0.617
3730.000	0.590
3740.000	0.585
3750.000	0.594
3760.000	0.604
3770.000	0.616
3780.000	0.609
3790.000	0.609
3800.000	0.622
3810.000	0.606
3820.000	0.614
3830.000	0.607
3840.000	0.609
3850.000	0.625
3860.000	0.614
3870.000	0.600
3880.000	0.605
3890.000	0.620
3900.000	0.613
3910.000	0.627
3920.000	0.640
3930.000	0.626
3940.000	0.623
3950.000	0.637
3960.000	0.638
3970.000	0.619
3980.000	0.624
3990.000	0.599
4000.000	0.616
4010.000	0.627
4020.000	0.619
4030.000	0.644
4040.000	0.650
4050.000	0.618
4060.000	0.618
4070.000	0.641
4080.000	0.637
4090.000	0.643
4100.000	0.631
4110.000	0.636
4120.000	0.626
4130.000	0.637
4140.000	0.640
4150.000	0.635
4160.000	0.641
4170.000	0.650
4180.000	0.632
4190.000	0.648
4200.000	0.651
4210.000	0.647
4220.000	0.640
4230.000	0.649
4240.000	0.650
4250.000	0.647
4260.000	0.652
4270.000	0.657
4280.000	0.662
4290.000	0.657
4300.000	0.651
4310.000	0.633
4320.000	0.617
4330.000	0.637
4340.000	0.624
4350.000	0.664
4360.000	0.647
4370.000	0.650
4380.000	0.643
4390.000	0.634
4400.000	0.647
4410.000	0.646
4420.000	0.644
4430.000	0.650
4440.000	0.654
4450.000	0.668
4460.000	0.661
4470.000	0.657
4480.000	0.655
4490.000	0.660
4500.000	0.664
4510.000	0.674
4520.000	0.666
4530.000	0.678
4540.000	0.649
4550.000	0.673
4560.000	0.667
4570.000	0.666
4580.000	0.682
4590.000	0.683
4600.000	0.685
4610.000	0.683
4620.000	0.686
4630.000	0.674
4640.000	0.669
4650.000	0.663
4660.000	0.674
4670.000	0.679
4680.000	0.699
4690.000	0.693
4700.000	0.679
4710.000	0.680
4720.000	0.691
4730.000	0.698
4740.000	0.683
4750.000	0.683
4760.000	0.691
4770.000	0.703
4780.000	0.699
4790.000	0.694
4800.000	0.681
4810.000	0.663
4820.000	0.681
4830.000	0.690
4840.000	0.694
4850.000	0.679
4860.000	0.698
4870.000	0.711
4880.000	0.707
4890.000	0.680
4900.000	0.687
4910.000	0.703
4920.000	0.699
4930.000	0.702
4940.000	0.690
4950.000	0.698
4960.000	0.690
4970.000	0.706
4980.000	0.726
4990.000	0.732
5000.000	0.730
5010.000	0.731
5020.000	0.707
5030.000	0.717
5040.000	0.714
5050.000	0.714
5060.000	0.707
5070.000	0.721
5080.000	0.706
5090.000	0.701
5100.000	0.722
5110.000	0.726
5120.000	0.724
5130.000	0.725
5140.000	0.709
5150.000	0.729
5160.000	0.749
5170.000	0.735
5180.000	0.739
5190.000	0.717
5200.000	0.703
5210.000	0.706
5220.000	0.704
5230.000	0.706
5240.000	0.708
5250.000	0.701
5260.000	0.721
5270.000	0.707
5280.000	0.708
5290.000	0.715
5300.000	0.719
5310.000	0.734
5320.000	0.744
5330.000	0.721
5340.000	0.729
5350.000	0.719
5360.000	0.736
5370.000	0.722
5380.000	0.727
5390.000	0.730
5400.000	0.737
5410.000	0.728
5420.000	0.735
5430.000	0.755
5440.000	0.759
5450.000	0.757
5460.000	0.773
5470.000	0.759
5480.000	0.755
5490.000	0.775
5500.000	0.763
5510.000	0.768
5520.000	0.763
5530.000	0.762
5540.000	0.752
5550.000	0.743
5560.000	0.759
5570.000	0.762
5580.000	0.749
5590.000	0.767
5600.000	0.773
5610.000	0.760
5620.000	0.765
5630.000	0.768
5640.000	0.781
5650.000	0.783
5660.000	0.779
5670.000	0.798
5680.000	0.771
5690.000	0.768
5700.000	0.780
5710.000	0.764
5720.000	0.764
5730.000	0.767
5740.000	0.774
5750.000	0.781
5760.000	0.772
5770.000	0.801
5780.000	0.794
5790.000	0.794
5800.000	0.796
5810.000	0.794
5820.000	0.825
5830.000	0.810
5840.000	0.809
5850.000	0.808
5860.000	0.779
5870.000	0.773
5880.000	0.799
5890.000	0.812
5900.000	0.801
5910.000	0.799
5920.000	0.795
5930.000	0.812
5940.000	0.807
5950.000	0.797
5960.000	0.805
5970.000	0.814
5980.000	0.810
5990.000	0.827
6000.000	0.838
6010.000	0.837
6020.000	0.819
6030.000	0.781
6040.000	0.805
6050.000	0.791
6060.000	0.812
6070.000	0.803
6080.000	0.808
6090.000	0.823
6100.000	0.822
6110.000	0.825
6120.000	0.812
6130.000	0.836
6140.000	0.810
6150.000	0.827
6160.000	0.813
6170.000	0.837
6180.000	0.824
6190.000	0.857
6200.000	0.857
6210.000	0.827
6220.000	0.848
6230.000	0.837
6240.000	0.831
6250.000	0.855
6260.000	0.859
6270.000	0.860
6280.000	0.859
6290.000	0.827
6300.000	0.840
6310.000	0.810
6320.000	0.820
6330.000	0.819
6340.000	0.843
6350.000	0.823
6360.000	0.823
6370.000	0.824
6380.000	0.829
6390.000	0.868
6400.000	0.849
6410.000	0.858
6420.000	0.850
6430.000	0.854
6440.000	0.847
6450.000	0.842
6460.000	0.859
6470.000	0.857
6480.000	0.845
6490.000	0.856
6500.000	0.854
6510.000	0.858
6520.000	0.858
6530.000	0.864
6540.000	0.870
6550.000	0.885
6560.000	0.882
6570.000	0.861
6580.000	0.885
6590.000	0.876
6600.000	0.879
6610.000	0.870
6620.000	0.872
6630.000	0.869
6640.000	0.885
6650.000	0.883
6660.000	0.884
6670.000	0.898
6680.000	0.905
6690.000	0.903
6700.000	0.866
6710.000	0.904
6720.000	0.881
6730.000	0.873
6740.000	0.892
6750.000	0.895
6760.000	0.887
6770.000	0.872
6780.000	0.884
6790.000	0.884
6800.000	0.895
6810.000	0.881
6820.000	0.886
6830.000	0.896
6840.000	0.884
6850.000	0.894
6860.000	0.904
6870.000	0.914
6880.000	0.891
6890.000	0.892
6900.000	0.892
6910.000	0.897
6920.000	0.897
6930.000	0.923
6940.000	0.915
6950.000	0.916
6960.000	0.914
6970.000	0.924
6980.000	0.925
6990.000	0.934
7000.000	0.922
7010.000	0.927
7020.000	0.953
7030.000	0.916
7040.000	0.928
7050.000	0.948
7060.000	0.939
7070.000	0.941
7080.000	0.926
7090.000	0.914
7100.000	0.920
7110.000	0.928
7120.000	0.940
7130.000	0.933
7140.000	0.943
7150.000	0.952
7160.000	0.944
7170.000	0.926
7180.000	0.924
7190.000	0.911
7200.000	0.945
7210.000	0.942
7220.000	0.938
7230.000	0.924
7240.000	0.915
7250.000	0.917
7260.000	0.913
7270.000	0.906
7280.000	0.944
7290.000	0.948
7300.000	0.956
7310.000	0.950
7320.000	0.960
7330.000	0.948
7340.000	0.948
7350.000	0.933
7360.000	0.943
7370.000	0.939
7380.000	0.974
7390.000	0.953
7400.000	0.943
7410.000	0.959
7420.000	0.953
7430.000	0.963
7440.000	0.947
7450.000	0.949
7460.000	0.969
7470.000	0.996
7480.000	0.967
7490.000	0.972
7500.000	0.976
7510.000	0.960
7520.000	0.969
7530.000	0.964
7540.000	0.976
7550.000	0.981
7560.000	0.974
7570.000	0.969
7580.000	0.997
7590.000	0.990
7600.000	0.972
7610.000	0.968
7620.000	0.978
7630.000	0.969
7640.000	0.980
7650.000	0.981
7660.000	0.981
7670.000	0.978
7680.000	0.984
7690.000	1.006
7700.000	1.006
7710.000	1.001
7720.000	0.986
7730.000	0.987
7740.000	0.984
7750.000	0.997
7760.000	0.994
7770.000	0.996
7780.000	1.004
7790.000	0.990
7800.000	1.009
7810.000	0.995
7820.000	0.981
7830.000	0.988
7840.000	1.021
7850.000	0.990
7860.000	1.004
7870.000	0.984
7880.000	1.009
7890.000	1.006
7900.000	1.012
7910.000	0.992
7920.000	1.010
7930.000	1.025
7940.000	1.003
7950.000	1.026
7960.000	1.015
7970.000	1.004
7980.000	1.009
7990.000	1.036
8000.000	1.045
8010.000	1.035
8020.000	1.034
8030.000	1.011
8040.000	1.026
8050.000	1.010
8060.000	1.025
8070.000	1.010
8080.000	1.038
8090.000	1.048
8100.000	1.015
8110.000	1.038
8120.000	1.029
8130.000	1.029
8140.000	1.053
8150.000	1.031
8160.000	1.047
8170.000	1.049
8180.000	1.072
8190.000	1.039
8200.000	1.037
8210.000	1.047
8220.000	1.041
8230.000	1.056
8240.000	1.070
8250.000	1.073
8260.000	1.073
8270.000	1.042
8280.000	1.041
8290.000	1.036
8300.000	1.046
8310.000	1.047
8320.000	1.074
8330.000	1.077
8340.000	1.082
8350.000	1.067
8360.000	1.063
8370.000	1.077
8380.000	1.108
8390.000	1.101
8400.000	1.098
8410.000	1.083
8420.000	1.080
8430.000	1.079
8440.000	1.066
8450.000	1.068
8460.000	1.089
8470.000	1.085
8480.000	1.098
8490.000	1.087
8500.000	1.103
8510.000	1.120
8520.000	1.101
8530.000	1.109
8540.000	1.090
8550.000	1.070
8560.000	1.063
8570.000	1.096
8580.000	1.101
8590.000	1.099
8600.000	1.094
8610.000	1.107
8620.000	1.086
8630.000	1.101
8640.000	1.112
8650.000	1.097
8660.000	1.087
8670.000	1.138
8680.000	1.139
8690.000	1.118
8700.000	1.102
8710.000	1.108
8720.000	1.145
8730.000	1.122
8740.000	1.102
8750.000	1.090
8760.000	1.127
8770.000	1.131
8780.000	1.132
8790.000	1.094
8800.000	1.128
8810.000	1.111
8820.000	1.113
8830.000	1.112
8840.000	1.122
8850.000	1.124
8860.000	1.117
8870.000	1.129
8880.000	1.130
8890.000	1.138
8900.000	1.123
8910.000	1.115
8920.000	1.140
8930.000	1.126
8940.000	1.156
8950.000	1.134
8960.000	1.109
8970.000	1.084
8980.000	1.113
8990.000	1.132
9000.000	1.131
9010.000	1.150
9020.000	1.132
9030.000	1.128
9040.000	1.128
9050.000	1.145
9060.000	1.143
9070.000	1.164
9080.000	1.181
9090.000	1.160
9100.000	1.153
9110.000	1.153
9120.000	1.156
9130.000	1.186
9140.000	1.174
9150.000	1.136
9160.000	1.160
9170.000	1.183
9180.000	1.161
9190.000	1.188
9200.000	1.182
9210.000	1.163
9220.000	1.172
9230.000	1.159
9240.000	1.157
9250.000	1.161
9260.000	1.196
9270.000	1.187
9280.000	1.183
9290.000	1.179
9300.000	1.177
9310.000	1.174
9320.000	1.159
9330.000	1.152
9340.000	1.189
9350.000	1.185
9360.000	1.181
9370.000	1.171
9380.000	1.180
9390.000	1.164
9400.000	1.188
9410.000	1.183
9420.000	1.184
9430.000	1.195
9440.000	1.209
9450.000	1.210
9460.000	1.203
9470.000	1.221
9480.000	1.214
9490.000	1.222
9500.000	1.222
9510.000	1.222
9520.000	1.212
9530.000	1.226
9540.000	1.208
9550.000	1.190
9560.000	1.174
9570.000	1.167
9580.000	1.205
9590.000	1.205
9600.000	1.213
9610.000	1.238
9620.000	1.240
9630.000	1.222
9640.000	1.238
9650.000	1.233
9660.000	1.196
9670.000	1.203
9680.000	1.223
9690.000	1.209
9700.000	1.233
9710.000	1.234
9720.000	1.246
9730.000	1.235
9740.000	1.215
9750.000	1.211
9760.000	1.257
9770.000	1.246
9780.000	1.264
9790.000	1.240
9800.000	1.243
9810.000	1.228
9820.000	1.216
9830.000	1.261
9840.000	1.258
9850.000	1.275
9860.000	1.264
9870.000	1.291
9880.000	1.270
9890.000	1.277
9900.000	1.252
9910.000	1.281
9920.000	1.297
9930.000	1.260
9940.000	1.253
9950.000	1.274
9960.000	1.229
9970.000	1.243
9980.000	1.234
9990.000	1.232
10000.000	1.259
10010.000	1.233
10020.000	1.259
10030.000	1.290
10040.000	1.254
10050.000	1.266
10060.000	1.267
10070.000	1.301
10080.000	1.303
10090.000	1.296
10100.000	1.280
10110.000	1.253
10120.000	1.278
10130.000	1.275
10140.000	1.292
10150.000	1.290
10160.000	1.281
10170.000	1.267
10180.000	1.255
10190.000	1.249
10200.000	1.289
10210.000	1.292
10220.000	1.325
10230.000	1.284
10240.000	1.301
10250.000	1.305
10260.000	1.316
10270.000	1.315
10280.000	1.319
10290.000	1.317
10300.000	1.295
10310.000	1.305
10320.000	1.298
10330.000	1.282
10340.000	1.280
10350.000	1.312
10360.000	1.313
10370.000	1.338
10380.000	1.338
10390.000	1.364
10400.000	1.352
10410.000	1.320
10420.000	1.339
10430.000	1.330
10440.000	1.314
10450.000	1.331
10460.000	1.331
10470.000	1.364
10480.000	1.358
10490.000	1.357
10500.000	1.326
10510.000	1.330
10520.000	1.337
10530.000	1.359
10540.000	1.365
10550.000	1.348
10560.000	1.348
10570.000	1.358
10580.000	1.336
10590.000	1.360
10600.000	1.332
10610.000	1.350
10620.000	1.350
10630.000	1.350
10640.000	1.343
10650.000	1.355
10660.000	1.378
10670.000	1.381
10680.000	1.337
10690.000	1.338
10700.000	1.350
10710.000	1.388
10720.000	1.376
10730.000	1.373
10740.000	1.383
10750.000	1.396
10760.000	1.376
10770.000	1.380
10780.000	1.375
10790.000	1.383
10800.000	1.369
10810.000	1.398
10820.000	1.385
10830.000	1.375
10840.000	1.391
10850.000	1.377
10860.000	1.381
10870.000	1.374
10880.000	1.365
10890.000	1.394
10900.000	1.394
10910.000	1.410
10920.000	1.407
10930.000	1.414
10940.000	1.404
10950.000	1.389
10960.000	1.381
10970.000	1.383
10980.000	1.386
10990.000	1.381
11000.000	1.397
11010.000	1.420
11020.000	1.410
11030.000	1.418
11040.000	1.386
11050.000	1.407
11060.000	1.406
11070.000	1.414
11080.000	1.406
11090.000	1.412
11100.000	1.423
11110.000	1.429
11120.000	1.432
11130.000	1.434
11140.000	1.419
11150.000	1.415
11160.000	1.461
11170.000	1.440
11180.000	1.449
11190.000	1.466
11200.000	1.467
11210.000	1.463
11220.000	1.440
11230.000	1.410
11240.000	1.415
11250.000	1.394
11260.000	1.422
11270.000	1.467
11280.000	1.470
11290.000	1.459
11300.000	1.471
11310.000	1.477
11320.000	1.462
11330.000	1.454
11340.000	1.452
11350.000	1.454
11360.000	1.449
11370.000	1.456
11380.000	1.459
11390.000	1.451
11400.000	1.473
11410.000	1.469
11420.000	1.509
11430.000	1.491
11440.000	1.489
11450.000	1.491
11460.000	1.463
11470.000	1.463
11480.000	1.468
11490.000	1.438
11500.000	1.470
11510.000	1.479
11520.000	1.472
11530.000	1.469
11540.000	1.470
11550.000	1.487
11560.000	1.520
11570.000	1.509
11580.000	1.516
11590.000	1.497
11600.000	1.503
11610.000	1.494
11620.000	1.482
11630.000	1.476
11640.000	1.492
11650.000	1.520
11660.000	1.533
11670.000	1.506
11680.000	1.480
11690.000	1.449
11700.000	1.492
11710.000	1.504
11720.000	1.524
11730.000	1.512
11740.000	1.519
11750.000	1.545
11760.000	1.531
11770.000	1.523
11780.000	1.532
11790.000	1.526
11800.000	1.520
11810.000	1.519
11820.000	1.541
11830.000	1.542
11840.000	1.532
11850.000	1.530
11860.000	1.535
11870.000	1.518
11880.000	1.507
11890.000	1.540
11900.000	1.543
11910.000	1.539
11920.000	1.522
11930.000	1.509
11940.000	1.514
11950.000	1.532
11960.000	1.514
11970.000	1.534
11980.000	1.564
11990.000	1.570
12000.000	1.564
12010.000	1.573
12020.000	1.566
12030.000	1.551
12040.000	1.562
12050.000	1.521
12060.000	1.540
12070.000	1.524
12080.000	1.564
12090.000	1.571
12100.000	1.582
12110.000	1.570
12120.000	1.568
12130.000	1.590
12140.000	1.597
12150.000	1.565
12160.000	1.585
12170.000	1.579
12180.000	1.574
12190.000	1.591
12200.000	1.580
12210.000	1.572
12220.000	1.603
12230.000	1.591
12240.000	1.603
12250.000	1.597
12260.000	1.568
12270.000	1.553
12280.000	1.561
12290.000	1.581
12300.000	1.605
12310.000	1.615
12320.000	1.604
12330.000	1.586
12340.000	1.601
12350.000	1.583
12360.000	1.602
12370.000	1.618
12380.000	1.613
12390.000	1.604
12400.000	1.612
12410.000	1.592
12420.000	1.580
12430.000	1.618
12440.000	1.613
12450.000	1.610
12460.000	1.598
12470.000	1.587
12480.000	1.600
12490.000	1.595
12500.000	1.586
12510.000	1.592
12520.000	1.572
12530.000	1.626
12540.000	1.633
12550.000	1.647
12560.000	1.637
12570.000	1.606
12580.000	1.611
12590.000	1.612
12600.000	1.620
12610.000	1.647
12620.000	1.594
12630.000	1.657
12640.000	1.629
12650.000	1.620
12660.000	1.626
12670.000	1.646
12680.000	1.643
12690.000	1.628
12700.000	1.618
12710.000	1.674
12720.000	1.653
12730.000	1.660
12740.000	1.660
12750.000	1.656
12760.000	1.654
12770.000	1.663
12780.000	1.662
12790.000	1.668
12800.000	1.678
12810.000	1.686
12820.000	1.701
12830.000	1.686
12840.000	1.684
12850.000	1.669
12860.000	1.669
12870.000	1.668
12880.000	1.687
12890.000	1.701
12900.000	1.712
12910.000	1.698
12920.000	1.722
12930.000	1.710
12940.000	1.690
12950.000	1.708
12960.000	1.700
12970.000	1.714
12980.000	1.740
12990.000	1.703
13000.000	1.712
13010.000	1.726
13020.000	1.716
13030.000	1.734
13040.000	1.720
13050.000	1.739
13060.000	1.718
13070.000	1.702
13080.000	1.704
13090.000	1.722
13100.000	1.758
13110.000	1.754
13120.000	1.743
13130.000	1.710
13140.000	1.723
13150.000	1.728
13160.000	1.725
13170.000	1.715
13180.000	1.749
13190.000	1.710
13200.000	1.720
13210.000	1.757
13220.000	1.729
13230.000	1.693
13240.000	1.732
13250.000	1.756
13260.000	1.736
13270.000	1.728
13280.000	1.754
13290.000	1.758
13300.000	1.750
13310.000	1.744
13320.000	1.743
13330.000	1.759
13340.000	1.744
13350.000	1.748
13360.000	1.758
13370.000	1.768
13380.000	1.770
13390.000	1.783
13400.000	1.792
13410.000	1.783
13420.000	1.805
13430.000	1.787
13440.000	1.790
13450.000	1.775
13460.000	1.769
13470.000	1.762
13480.000	1.766
13490.000	1.795
13500.000	1.789
13510.000	1.760
13520.000	1.775
13530.000	1.827
13540.000	1.796
13550.000	1.805
13560.000	1.812
13570.000	1.786
13580.000	1.774
13590.000	1.799
13600.000	1.793
13610.000	1.802
13620.000	1.797
13630.000	1.793
13640.000	1.806
13650.000	1.777
13660.000	1.807
13670.000	1.809
13680.000	1.812
13690.000	1.806
13700.000	1.809
13710.000	1.806
13720.000	1.814
13730.000	1.811
13740.000	1.807
13750.000	1.858
13760.000	1.817
13770.000	1.827
13780.000	1.851
13790.000	1.854
13800.000	1.870
13810.000	1.858
13820.000	1.867
13830.000	1.847
13840.000	1.816
13850.000	1.828
13860.000	1.832
13870.000	1.851
13880.000	1.883
13890.000	1.854
13900.000	1.863
13910.000	1.850
13920.000	1.861
13930.000	1.865
13940.000	1.847
13950.000	1.860
13960.000	1.865
13970.000	1.881
13980.000	1.864
13990.000	1.889
14000.000	1.875
14010.000	1.868
14020.000	1.861
14030.000	1.868
14040.000	1.842
14050.000	1.853
14060.000	1.830
14070.000	1.831
14080.000	1.819
14090.000	1.845
14100.000	1.820
14110.000	1.871
14120.000	1.873
14130.000	1.903
14140.000	1.901
14150.000	1.869
14160.000	1.871
14170.000	1.869
14180.000	1.868
14190.000	1.869
14200.000	1.905
14210.000	1.902
14220.000	1.900
14230.000	1.911
14240.000	1.902
14250.000	1.917
14260.000	1.937
14270.000	1.952
14280.000	1.928
14290.000	1.971
14300.000	1.963
14310.000	1.932
14320.000	1.905
14330.000	1.909
14340.000	1.928
14350.000	1.903
14360.000	1.946
14370.000	1.934
14380.000	1.961
14390.000	1.974
14400.000	1.943
14410.000	1.949
14420.000	1.937
14430.000	1.922
14440.000	1.901
14450.000	1.939
14460.000	1.943
14470.000	1.968
14480.000	1.953
14490.000	1.953
14500.000	1.905
14510.000	1.907
14520.000	1.955
14530.000	1.935
14540.000	1.937
14550.000	1.952
14560.000	1.942
14570.000	1.939
14580.000	1.967
14590.000	1.920
14600.000	1.923
14610.000	1.978
14620.000	1.977
14630.000	1.951
14640.000	1.963
14650.000	1.935
14660.000	1.933
14670.000	1.922
14680.000	1.920
14690.000	1.970
14700.000	1.954
14710.000	1.984
14720.000	1.991
14730.000	1.993
14740.000	1.961
14750.000	1.983
14760.000	1.982
14770.000	1.945
14780.000	1.943
14790.000	1.985
14800.000	1.995
14810.000	2.003
14820.000	2.014
14830.000	1.983
14840.000	2.031
14850.000	2.015
14860.000	1.991
14870.000	2.003
14880.000	2.000
14890.000	2.017
14900.000	2.007
14910.000	2.033
14920.000	1.999
14930.000	2.004
14940.000	2.038
14950.000	2.050
14960.000	2.017
14970.000	2.000
14980.000	1.989
14990.000	2.018
15000.000	2.016
15010.000	1.986
15020.000	2.021
15030.000	1.985
15040.000	2.050
15050.000	2.027
15060.000	2.068
15070.000	2.064
15080.000	2.059
15090.000	2.048
15100.000	2.014
15110.000	2.024
15120.000	2.030
15130.000	2.033
15140.000	2.044
15150.000	2.021
15160.000	2.019
15170.000	2.064
15180.000	2.067
15190.000	2.013
15200.000	2.044
15210.000	2.035
15220.000	2.076
15230.000	2.093
15240.000	2.058
15250.000	2.073
15260.000	2.065
15270.000	2.037
15280.000	2.071
15290.000	2.084
15300.000	2.063
15310.000	2.051
15320.000	2.047
15330.000	2.079
15340.000	2.103
15350.000	2.094
15360.000	2.099
15370.000	2.087
15380.000	2.048
15390.000	2.087
15400.000	2.072
15410.000	2.069
15420.000	2.095
15430.000	2.095
15440.000	2.079
15450.000	2.081
15460.000	2.112
15470.000	2.103
15480.000	2.065
15490.000	2.148
15500.000	2.128
15510.000	2.125
15520.000	2.113
15530.000	2.139
15540.000	2.138
15550.000	2.105
15560.000	2.123
15570.000	2.119
15580.000	2.130
15590.000	2.143
15600.000	2.137
15610.000	2.137
15620.000	2.133
15630.000	2.128
15640.000	2.135
15650.000	2.094
15660.000	2.145
15670.000	2.164
15680.000	2.138
15690.000	2.118
15700.000	2.136
15710.000	2.131
15720.000	2.136
15730.000	2.148
15740.000	2.166
15750.000	2.131
15760.000	2.140
15770.000	2.134
15780.000	2.128
15790.000	2.186
15800.000	2.162
15810.000	2.171
15820.000	2.175
15830.000	2.154
15840.000	2.201
15850.000	2.191
15860.000	2.180
15870.000	2.152
15880.000	2.167
15890.000	2.171
15900.000	2.172
15910.000	2.191
15920.000	2.177
15930.000	2.187
15940.000	2.209
15950.000	2.200
15960.000	2.230
15970.000	2.188
15980.000	2.185
15990.000	2.216
16000.000	2.167
16010.000	2.181
16020.000	2.174
16030.000	2.203
16040.000	2.213
16050.000	2.186
16060.000	2.169
16070.000	2.156
16080.000	2.197
16090.000	2.196
16100.000	2.159
16110.000	2.202
16120.000	2.205
16130.000	2.211
16140.000	2.216
16150.000	2.191
16160.000	2.207
16170.000	2.181
16180.000	2.188
16190.000	2.204
16200.000	2.224
16210.000	2.236
16220.000	2.200
16230.000	2.225
16240.000	2.206
16250.000	2.217
16260.000	2.210
16270.000	2.198
16280.000	2.217
16290.000	2.239
16300.000	2.252
16310.000	2.234
16320.000	2.212
16330.000	2.245
16340.000	2.233
16350.000	2.230
16360.000	2.284
16370.000	2.269
16380.000	2.282
16390.000	2.272
16400.000	2.295
16410.000	2.269
16420.000	2.277
16430.000	2.271
16440.000	2.233
16450.000	2.262
16460.000	2.253
16470.000	2.243
16480.000	2.229
16490.000	2.226
16500.000	2.231
16510.000	2.238
16520.000	2.270
16530.000	2.292
16540.000	2.271
16550.000	2.301
16560.000	2.289
16570.000	2.310
16580.000	2.279
16590.000	2.300
16600.000	2.309
16610.000	2.316
16620.000	2.287
16630.000	2.266
16640.000	2.279
16650.000	2.304
16660.000	2.299
16670.000	2.231
16680.000	2.302
16690.000	2.295
16700.000	2.296
16710.000	2.291
16720.000	2.323
16730.000	2.306
16740.000	2.299
16750.000	2.305
16760.000	2.294
16770.000	2.325
16780.000	2.293
16790.000	2.346
16800.000	2.276
16810.000	2.316
16820.000	2.285
16830.000	2.323
16840.000	2.319
16850.000	2.313
16860.000	2.307
16870.000	2.341
16880.000	2.313
16890.000	2.351
16900.000	2.331
16910.000	2.349
16920.000	2.352
16930.000	2.310
16940.000	2.317
16950.000	2.342
16960.000	2.347
16970.000	2.340
16980.000	2.373
16990.000	2.332
17000.000	2.346
17010.000	2.354
17020.000	2.340
17030.000	2.358
17040.000	2.383
17050.000	2.386
17060.000	2.373
17070.000	2.398
17080.000	2.346
17090.000	2.344
17100.000	2.380
17110.000	2.373
17120.000	2.385
17130.000	2.402
17140.000	2.368
17150.000	2.403
17160.000	2.424
17170.000	2.418
17180.000	2.412
17190.000	2.400
17200.000	2.407
17210.000	2.396
17220.000	2.404
17230.000	2.365
17240.000	2.366
17250.000	2.380
17260.000	2.395
17270.000	2.440
17280.000	2.423
17290.000	2.379
17300.000	2.378
17310.000	2.372
17320.000	2.388
17330.000	2.392
17340.000	2.386
17350.000	2.394
17360.000	2.404
17370.000	2.415
17380.000	2.414
17390.000	2.414
17400.000	2.421
17410.000	2.401
17420.000	2.408
17430.000	2.399
17440.000	2.415
17450.000	2.396
17460.000	2.442
17470.000	2.438
17480.000	2.417
17490.000	2.456
17500.000	2.457
17510.000	2.430
17520.000	2.471
17530.000	2.434
17540.000	2.435
17550.000	2.419
17560.000	2.423
17570.000	2.464
17580.000	2.409
17590.000	2.422
17600.000	2.420
17610.000	2.448
17620.000	2.428
17630.000	2.435
17640.000	2.418
17650.000	2.447
17660.000	2.455
17670.000	2.439
17680.000	2.453
17690.000	2.464
17700.000	2.483
17710.000	2.497
17720.000	2.481
17730.000	2.447
17740.000	2.453
17750.000	2.511
17760.000	2.517
17770.000	2.492
17780.000	2.459
17790.000	2.445
17800.000	2.460
17810.000	2.477
17820.000	2.474
17830.000	2.469
17840.000	2.514
17850.000	2.522
17860.000	2.468
17870.000	2.517
17880.000	2.509
17890.000	2.495
17900.000	2.512
17910.000	2.489
17920.000	2.507
17930.000	2.511
17940.000	2.492
17950.000	2.498
17960.000	2.495
17970.000	2.519
17980.000	2.555
17990.000	2.498
18000.000	2.488
18010.000	2.516
18020.000	2.531
18030.000	2.511
18040.000	2.507
18050.000	2.509
18060.000	2.492
18070.000	2.533
18080.000	2.526
18090.000	2.525
18100.000	2.538
18110.000	2.536
18120.000	2.544
18130.000	2.550
18140.000	2.547
18150.000	2.519
18160.000	2.580
18170.000	2.542
18180.000	2.537
18190.000	2.551
18200.000	2.531
18210.000	2.524
18220.000	2.494
18230.000	2.469
18240.000	2.544
18250.000	2.573
18260.000	2.553
18270.000	2.541
18280.000	2.545
18290.000	2.515
18300.000	2.579
18310.000	2.540
18320.000	2.562
18330.000	2.565
18340.000	2.542
18350.000	2.581
18360.000	2.573
18370.000	2.588
18380.000	2.568
18390.000	2.578
18400.000	2.600
18410.000	2.550
18420.000	2.557
18430.000	2.599
18440.000	2.625
18450.000	2.579
18460.000	2.587
18470.000	2.564
18480.000	2.551
18490.000	2.549
18500.000	2.574
18510.000	2.573
18520.000	2.576
18530.000	2.577
18540.000	2.596
18550.000	2.582
18560.000	2.595
18570.000	2.609
18580.000	2.601
18590.000	2.625
18600.000	2.613
18610.000	2.670
18620.000	2.651
18630.000	2.649
18640.000	2.612
18650.000	2.628
18660.000	2.618
18670.000	2.605
18680.000	2.625
18690.000	2.611
18700.000	2.619
18710.000	2.597
18720.000	2.615
18730.000	2.606
18740.000	2.617
18750.000	2.615
18760.000	2.618
18770.000	2.625
18780.000	2.615
18790.000	2.618
18800.000	2.645
18810.000	2.641
18820.000	2.595
18830.000	2.585
18840.000	2.619
18850.000	2.675
18860.000	2.689
18870.000	2.683
18880.000	2.636
18890.000	2.624
18900.000	2.643
18910.000	2.672
18920.000	2.652
18930.000	2.663
18940.000	2.649
18950.000	2.651
18960.000	2.665
18970.000	2.683
18980.000	2.673
18990.000	2.649
19000.000	2.659
19010.000	2.636
19020.000	2.656
19030.000	2.627
19040.000	2.648
19050.000	2.648
19060.000	2.662
19070.000	2.658
19080.000	2.629
19090.000	2.641
19100.000	2.634
19110.000	2.668
19120.000	2.649
19130.000	2.656
19140.000	2.682
19150.000	2.662
19160.000	2.744
19170.000	2.669
19180.000	2.695
19190.000	2.741
19200.000	2.744
19210.000	2.764
19220.000	2.700
19230.000	2.689
19240.000	2.683
19250.000	2.721
19260.000	2.706
19270.000	2.740
19280.000	2.708
19290.000	2.736
19300.000	2.702
19310.000	2.662
19320.000	2.678
19330.000	2.675
19340.000	2.689
19350.000	2.670
19360.000	2.719
19370.000	2.699
19380.000	2.682
19390.000	2.704
19400.000	2.659
19410.000	2.678
19420.000	2.678
19430.000	2.708
19440.000	2.716
19450.000	2.732
19460.000	2.728
19470.000	2.761
19480.000	2.771
19490.000	2.698
19500.000	2.716
19510.000	2.685
19520.000	2.710
19530.000	2.722
19540.000	2.726
19550.000	2.670
19560.000	2.679
19570.000	2.722
19580.000	2.792
19590.000	2.745
19600.000	2.763
19610.000	2.775
19620.000	2.783
19630.000	2.785
19640.000	2.752
19650.000	2.762
19660.000	2.760
19670.000	2.750
19680.000	2.745
19690.000	2.720
19700.000	2.705
19710.000	2.708
19720.000	2.753
19730.000	2.775
19740.000	2.752
19750.000	2.745
19760.000	2.741
19770.000	2.736
19780.000	2.750
19790.000	2.748
19800.000	2.756
19810.000	2.776
19820.000	2.787
19830.000	2.795
19840.000	2.764
19850.000	2.806
19860.000	2.826
19870.000	2.770
19880.000	2.777
19890.000	2.759
19900.000	2.747
19910.000	2.730
19920.000	2.769
19930.000	2.805
19940.000	2.783
19950.000	2.778
19960.000	2.781
19970.000	2.849
19980.000	2.829
19990.000	2.792
20000.000	2.801
20010.000	2.785
20020.000	2.816
20030.000	2.797
20040.000	2.796
20050.000	2.771
20060.000	2.773
20070.000	2.788
20080.000	2.787
20090.000	2.796
20100.000	2.830
20110.000	2.809
20120.000	2.804
20130.000	2.826
20140.000	2.827
20150.000	2.878
20160.000	2.829
20170.000	2.786
20180.000	2.778
20190.000	2.759
20200.000	2.779
20210.000	2.813
20220.000	2.837
20230.000	2.776
20240.000	2.795
20250.000	2.778
20260.000	2.768
20270.000	2.788
20280.000	2.810
20290.000	2.823
20300.000	2.840
20310.000	2.888
20320.000	2.828
20330.000	2.853
20340.000	2.858
20350.000	2.833
20360.000	2.819
20370.000	2.825
20380.000	2.846
20390.000	2.883
20400.000	2.873
20410.000	2.855
20420.000	2.894
20430.000	2.897
20440.000	2.901
20450.000	2.847
20460.000	2.844
20470.000	2.841
20480.000	2.804
20490.000	2.813
20500.000	2.801
20510.000	2.803
20520.000	2.838
20530.000	2.867
20540.000	2.862
20550.000	2.831
20560.000	2.835
20570.000	2.874
20580.000	2.873
20590.000	2.902
20600.000	2.876
20610.000	2.847
20620.000	2.874
20630.000	2.853
20640.000	2.821
20650.000	2.830
20660.000	2.873
20670.000	2.870
20680.000	2.844
20690.000	2.885
20700.000	2.909
20710.000	2.888
20720.000	2.879
20730.000	2.869
20740.000	2.882
20750.000	2.858
20760.000	2.842
20770.000	2.851
20780.000	2.919
20790.000	2.944
20800.000	2.941
20810.000	2.922
20820.000	2.865
20830.000	2.865
20840.000	2.909
20850.000	2.872
20860.000	2.880
20870.000	2.877
20880.000	2.864
20890.000	2.890
20900.000	2.911
20910.000	2.911
20920.000	2.855
20930.000	2.867
20940.000	2.908
20950.000	2.884
20960.000	2.869
20970.000	2.841
20980.000	2.862
20990.000	2.878
21000.000	2.894
21010.000	2.928
21020.000	2.922
21030.000	2.897
21040.000	2.895
21050.000	2.929
21060.000	2.910
21070.000	2.886
21080.000	2.894
21090.000	2.894
21100.000	2.884
21110.000	2.864
21120.000	2.872
21130.000	2.879
21140.000	2.881
21150.000	2.926
21160.000	2.923
21170.000	2.946
21180.000	2.936
21190.000	2.893
21200.000	2.893
21210.000	2.896
21220.000	2.897
21230.000	2.880
21240.000	2.893
21250.000	2.911
21260.000	2.922
21270.000	2.912
21280.000	2.901
21290.000	2.881
21300.000	2.939
21310.000	2.951
21320.000	2.923
21330.000	2.929
21340.000	2.906
21350.000	2.930
21360.000	2.911
21370.000	2.926
21380.000	2.953
21390.000	2.973
21400.000	2.933
21410.000	2.946
21420.000	2.948
21430.000	2.998
21440.000	2.942
21450.000	2.953
21460.000	2.977
21470.000	2.932
21480.000	2.937
21490.000	2.925
21500.000	2.918
21510.000	2.915
21520.000	2.930
21530.000	2.937
21540.000	2.956
21550.000	2.911
21560.000	2.909
21570.000	2.941
21580.000	2.976
21590.000	2.919
21600.000	2.951
21610.000	2.865
21620.000	2.918
21630.000	2.946
21640.000	2.939
21650.000	2.928
21660.000	2.948
21670.000	2.988
21680.000	2.970
21690.000	2.976
21700.000	2.979
21710.000	2.989
21720.000	2.949
21730.000	2.952
21740.000	2.921
21750.000	2.973
21760.000	2.959
21770.000	2.988
21780.000	2.977
21790.000	3.009
21800.000	3.018
21810.000	2.977
21820.000	2.917
21830.000	2.933
21840.000	2.937
21850.000	2.920
21860.000	2.951
21870.000	2.957
21880.000	2.980
21890.000	2.985
21900.000	2.981
21910.000	2.966
21920.000	2.970
21930.000	2.981
21940.000	2.990
21950.000	2.984
21960.000	2.974
21970.000	2.959
21980.000	3.006
21990.000	2.979
22000.000	2.961
22010.000	2.976
22020.000	2.970
22030.000	2.983
22040.000	2.969
22050.000	3.013
22060.000	2.974
22070.000	2.953
22080.000	2.938
22090.000	2.966
22100.000	2.976
22110.000	2.997
22120.000	3.015
22130.000	3.025
22140.000	3.010
22150.000	3.007
22160.000	3.005
22170.000	2.994
22180.000	2.989
22190.000	2.963
22200.000	2.968
22210.000	3.014
22220.000	3.015
22230.000	2.961
22240.000	2.991
22250.000	2.924
22260.000	2.927
22270.000	2.934
22280.000	2.947
22290.000	3.003
22300.000	3.019
22310.000	2.992
22320.000	2.979
22330.000	2.989
22340.000	3.027
22350.000	2.993
22360.000	2.984
22370.000	3.003
22380.000	3.023
22390.000	3.023
22400.000	3.022
22410.000	2.991
22420.000	2.955
22430.000	2.953
22440.000	3.002
22450.000	3.001
22460.000	3.035
22470.000	3.056
22480.000	3.036
22490.000	2.997
22500.000	2.986
22510.000	2.963
22520.000	2.984
22530.000	2.992
22540.000	2.983
22550.000	2.980
22560.000	2.989
22570.000	2.990
22580.000	2.970
22590.000	3.024
22600.000	3.027
22610.000	3.054
22620.000	3.047
22630.000	3.003
22640.000	2.966
22650.000	2.949
22660.000	2.985
22670.000	2.966
22680.000	2.994
22690.000	3.040
22700.000	3.031
22710.000	3.013
22720.000	3.001
22730.000	3.001
22740.000	3.025
22750.000	3.036
22760.000	3.049
22770.000	2.998
22780.000	2.993
22790.000	3.020
22800.000	3.049
22810.000	3.027
22820.000	2.965
22830.000	3.008
22840.000	3.006
22850.000	2.996
22860.000	3.011
22870.000	2.977
22880.000	2.980
22890.000	2.927
22900.000	2.981
22910.000	2.987
22920.000	3.009
22930.000	3.022
22940.000	2.960
22950.000	2.967
22960.000	2.964
22970.000	3.018
22980.000	3.022
22990.000	3.023
23000.000	3.041
23010.000	2.998
23020.000	2.987
23030.000	3.007
23040.000	3.033
23050.000	3.034
23060.000	3.002
23070.000	3.015
23080.000	3.037
23090.000	3.004
23100.000	3.015
23110.000	3.009
23120.000	3.032
23130.000	3.006
23140.000	3.051
23150.000	3.044
23160.000	3.069
23170.000	3.013
23180.000	3.009
23190.000	3.004
23200.000	3.022
23210.000	3.041
23220.000	2.998
23230.000	2.957
23240.000	2.988
23250.000	3.063
23260.000	3.026
23270.000	3.010
23280.000	3.038
23290.000	3.043
23300.000	3.018
23310.000	3.003
23320.000	3.038
23330.000	2.993
23340.000	3.001
23350.000	3.017
23360.000	3.020
23370.000	3.012
23380.000	3.094
23390.000	3.067
23400.000	3.027
23410.000	3.018
23420.000	3.002
23430.000	3.051
23440.000	3.025
23450.000	2.951
23460.000	2.994
23470.000	3.003
23480.000	3.004
23490.000	3.011
23500.000	3.017
23510.000	3.002
23520.000	2.959
23530.000	3.001
23540.000	3.001
23550.000	2.999
23560.000	2.996
23570.000	3.002
23580.000	3.008
23590.000	2.971
23600.000	3.015
23610.000	3.022
23620.000	2.990
23630.000	2.976
23640.000	2.977
23650.000	3.001
23660.000	2.990
23670.000	2.991
23680.000	3.021
23690.000	2.974
23700.000	2.967
23710.000	3.006
23720.000	3.011
23730.000	2.975
23740.000	2.987
23750.000	3.013
23760.000	3.019
23770.000	2.982
23780.000	2.994
23790.000	2.986
23800.000	3.007
23810.000	3.001
23820.000	2.992
23830.000	3.060
23840.000	3.031
23850.000	3.050
23860.000	3.065
23870.000	3.047
23880.000	2.996
23890.000	3.028
23900.000	3.014
23910.000	3.016
23920.000	3.012
23930.000	3.048
23940.000	3.087
23950.000	3.042
23960.000	3.034
23970.000	3.030
23980.000	3.021
23990.000	3.024
24000.000	3.010
24010.000	3.004
24020.000	2.972
24030.000	2.992
24040.000	3.002
24050.000	3.035
24060.000	3.055
24070.000	2.989
24080.000	2.965
24090.000	2.995
24100.000	3.017
24110.000	3.073
24120.000	3.100
24130.000	3.080
24140.000	3.077
24150.000	3.078
24160.000	3.061
24170.000	3.027
24180.000	3.011
24190.000	2.965
24200.000	2.975
24210.000	2.991
24220.000	2.979
24230.000	2.997
24240.000	3.053
24250.000	3.080
24260.000	3.014
24270.000	3.027
24280.000	3.016
24290.000	3.034
24300.000	3.034
24310.000	3.019
24320.000	3.024
24330.000	3.001
24340.000	2.993
24350.000	2.936
24360.000	2.964
24370.000	3.001
24380.000	2.987
24390.000	2.987
24400.000	3.014
24410.000	3.031
24420.000	3.025
24430.000	3.060
24440.000	3.029
24450.000	3.044
24460.000	3.043
24470.000	3.007
24480.000	2.982
24490.000	2.989
24500.000	2.983
24510.000	2.984
24520.000	3.016
24530.000	3.007
24540.000	3.055
24550.000	2.988
24560.000	3.010
24570.000	3.012
24580.000	3.051
24590.000	2.993
24600.000	3.032
24610.000	3.038
24620.000	3.003
24630.000	2.993
24640.000	3.017
24650.000	2.996
24660.000	3.032
24670.000	3.031
24680.000	3.054
24690.000	3.055
24700.000	3.084
24710.000	3.056
24720.000	3.041
24730.000	3.022
24740.000	3.051
24750.000	3.009
24760.000	3.005
24770.000	3.018
24780.000	3.012
24790.000	3.042
24800.000	3.069
24810.000	3.039
24820.000	3.002
24830.000	2.994
24840.000	3.004
24850.000	3.046
24860.000	2.970
24870.000	2.997
24880.000	2.985
24890.000	3.018
24900.000	3.043
24910.000	3.037
24920.000	3.003
24930.000	3.008
24940.000	2.972
24950.000	2.977
24960.000	2.963
24970.000	3.018
24980.000	3.022
24990.000	3.011
25000.000	3.004
25010.000	2.998
25020.000	2.995
25030.000	3.003
25040.000	2.976
25050.000	2.965
25060.000	2.994
25070.000	2.958
25080.000	2.963
25090.000	2.991
25100.000	2.993
25110.000	3.000
25120.000	3.022
25130.000	2.945
25140.000	3.009
25150.000	3.005
25160.000	3.025
25170.000	3.046
25180.000	3.046
25190.000	3.002
25200.000	2.961
25210.000	2.991
25220.000	3.024
25230.000	3.015
25240.000	3.006
25250.000	3.019
25260.000	3.021
25270.000	3.075
25280.000	3.043
25290.000	3.014
25300.000	2.974
25310.000	2.997
25320.000	2.993
25330.000	2.984
25340.000	2.989
25350.000	2.996
25360.000	3.002
25370.000	3.003
25380.000	2.984
25390.000	3.014
25400.000	3.021
25410.000	3.026
25420.000	3.008
25430.000	2.968
25440.000	2.971
25450.000	2.945
25460.000	2.983
25470.000	3.018
25480.000	3.046
25490.000	2.990
25500.000	2.991
25510.000	2.966
25520.000	2.986
25530.000	2.994
25540.000	3.006
25550.000	2.951
25560.000	2.923
25570.000	2.940
25580.000	2.978
25590.000	2.978
25600.000	2.924
25610.000	2.978
25620.000	2.955
25630.000	2.995
25640.000	2.950
25650.000	2.937
25660.000	2.978
25670.000	2.948
25680.000	2.920
25690.000	2.943
25700.000	2.967
25710.000	2.961
25720.000	2.947
25730.000	2.947
25740.000	2.985
25750.000	2.991
25760.000	2.982
25770.000	2.971
25780.000	2.993
25790.000	2.943
25800.000	2.932
25810.000	2.961
25820.000	2.985
25830.000	2.956
25840.000	2.969
25850.000	2.941
25860.000	2.946
25870.000	2.976
25880.000	2.962
25890.000	2.925
25900.000	2.939
25910.000	2.956
25920.000	2.958
25930.000	2.952
25940.000	2.978
25950.000	2.977
25960.000	2.963
25970.000	2.968
25980.000	2.947
25990.000	2.923
26000.000	2.968
26010.000	2.969
26020.000	2.946
26030.000	2.948
26040.000	2.970
26050.000	2.934
26060.000	2.958
26070.000	2.930
26080.000	2.915
26090.000	2.905
26100.000	2.969
26110.000	2.987
26120.000	2.977
26130.000	2.973
26140.000	2.949
26150.000	2.951
26160.000	2.908
26170.000	2.892
26180.000	2.914
26190.000	2.949
26200.000	2.932
26210.000	2.954
26220.000	2.959
26230.000	2.944
26240.000	2.943
26250.000	2.955
26260.000	2.928
26270.000	2.937
26280.000	2.943
26290.000	2.904
26300.000	2.922
26310.000	2.941
26320.000	2.921
26330.000	2.929
26340.000	2.938
26350.000	2.944
26360.000	2.912
26370.000	2.914
26380.000	2.939
26390.000	2.951
26400.000	2.927
26410.000	2.908
26420.000	2.934
26430.000	2.957
26440.000	2.931
26450.000	2.929
26460.000	2.945
26470.000	2.980
26480.000	2.944
26490.000	2.935
26500.000	2.907
26510.000	2.881
26520.000	2.883
26530.000	2.898
26540.000	2.912
26550.000	2.917
26560.000	2.933
26570.000	2.913
26580.000	2.944
26590.000	2.944
26600.000	2.920
26610.000	2.920
26620.000	2.918
26630.000	2.896
26640.000	2.908
26650.000	2.858
26660.000	2.828
26670.000	2.885
26680.000	2.933
26690.000	2.945
26700.000	2.896
26710.000	2.912
26720.000	2.896
26730.000	2.899
26740.000	2.902
26750.000	2.882
26760.000	2.917
26770.000	2.898
26780.000	2.899
26790.000	2.896
26800.000	2.840
26810.000	2.854
26820.000	2.836
26830.000	2.853
26840.000	2.887
26850.000	2.915
26860.000	2.884
26870.000	2.873
26880.000	2.888
26890.000	2.910
26900.000	2.926
26910.000	2.861
26920.000	2.893
26930.000	2.890
26940.000	2.886
26950.000	2.901
26960.000	2.908
26970.000	2.921
26980.000	2.905
26990.000	2.909
27000.000	2.871
27010.000	2.876
27020.000	2.855
27030.000	2.854
27040.000	2.831
27050.000	2.850
27060.000	2.913
27070.000	2.938
27080.000	2.902
27090.000	2.888
27100.000	2.871
27110.000	2.835
27120.000	2.842
27130.000	2.837
27140.000	2.855
27150.000	2.876
27160.000	2.868
27170.000	2.875
27180.000	2.872
27190.000	2.871
27200.000	2.923
27210.000	2.878
27220.000	2.860
27230.000	2.812
27240.000	2.845
27250.000	2.873
27260.000	2.841
27270.000	2.846
27280.000	2.831
27290.000	2.818
27300.000	2.817
27310.000	2.801
27320.000	2.843
27330.000	2.815
27340.000	2.867
27350.000	2.836
27360.000	2.819
27370.000	2.810
27380.000	2.841
27390.000	2.855
27400.000	2.833
27410.000	2.806
27420.000	2.858
27430.000	2.801
27440.000	2.835
27450.000	2.834
27460.000	2.799
27470.000	2.827
27480.000	2.821
27490.000	2.808
27500.000	2.767
27510.000	2.778
27520.000	2.827
27530.000	2.837
27540.000	2.872
27550.000	2.832
27560.000	2.816
27570.000	2.835
27580.000	2.802
27590.000	2.777
27600.000	2.801
27610.000	2.775
27620.000	2.773
27630.000	2.820
27640.000	2.834
27650.000	2.861
27660.000	2.824
27670.000	2.816
27680.000	2.826
27690.000	2.779
27700.000	2.804
27710.000	2.812
27720.000	2.782
27730.000	2.782
27740.000	2.817
27750.000	2.790
27760.000	2.777
27770.000	2.788
27780.000	2.853
27790.000	2.813
27800.000	2.774
27810.000	2.801
27820.000	2.790
27830.000	2.774
27840.000	2.787
27850.000	2.803
27860.000	2.794
27870.000	2.820
27880.000	2.826
27890.000	2.813
27900.000	2.785
27910.000	2.774
27920.000	2.791
27930.000	2.781
27940.000	2.839
27950.000	2.797
27960.000	2.794
27970.000	2.780
27980.000	2.833
27990.000	2.789
28000.000	2.742
28010.000	2.754
28020.000	2.764
28030.000	2.771
28040.000	2.783
28050.000	2.781
28060.000	2.744
28070.000	2.785
28080.000	2.778
28090.000	2.754
28100.000	2.746
28110.000	2.743
28120.000	2.767
28130.000	2.754
28140.000	2.753
28150.000	2.780
28160.000	2.757
28170.000	2.769
28180.000	2.755
28190.000	2.738
28200.000	2.692
28210.000	2.726
28220.000	2.730
28230.000	2.752
28240.000	2.729
28250.000	2.761
28260.000	2.755
28270.000	2.791
28280.000	2.759
28290.000	2.739
28300.000	2.746
28310.000	2.744
28320.000	2.721
28330.000	2.736
28340.000	2.761
28350.000	2.732
28360.000	2.734
28370.000	2.720
28380.000	2.707
28390.000	2.669
28400.000	2.703
28410.000	2.717
28420.000	2.722
28430.000	2.728
28440.000	2.730
28450.000	2.744
28460.000	2.748
28470.000	2.729
28480.000	2.716
28490.000	2.770
28500.000	2.754
28510.000	2.720
28520.000	2.693
28530.000	2.726
28540.000	2.765
28550.000	2.718
28560.000	2.703
28570.000	2.709
28580.000	2.716
28590.000	2.721
28600.000	2.718
28610.000	2.731
28620.000	2.729
28630.000	2.677
28640.000	2.670
28650.000	2.672
28660.000	2.671
28670.000	2.666
28680.000	2.723
28690.000	2.691
28700.000	2.677
28710.000	2.696
28720.000	2.703
28730.000	2.684
28740.000	2.702
28750.000	2.705
28760.000	2.702
28770.000	2.662
28780.000	2.709
28790.000	2.745
28800.000	2.737
28810.000	2.706
28820.000	2.694
28830.000	2.691
28840.000	2.678
28850.000	2.660
28860.000	2.670
28870.000	2.659
28880.000	2.663
28890.000	2.649
28900.000	2.654
28910.000	2.641
28920.000	2.663
28930.000	2.682
28940.000	2.637
28950.000	2.664
28960.000	2.676
28970.000	2.674
28980.000	2.641
28990.000	2.649
29000.000	2.651
29010.000	2.634
29020.000	2.663
29030.000	2.665
29040.000	2.658
29050.000	2.664
29060.000	2.675
29070.000	2.661
29080.000	2.675
29090.000	2.675
29100.000	2.652
29110.000	2.627
29120.000	2.613
29130.000	2.607
29140.000	2.636
29150.000	2.625
29160.000	2.627
29170.000	2.667
29180.000	2.632
29190.000	2.640
29200.000	2.617
29210.000	2.630
29220.000	2.654
29230.000	2.633
29240.000	2.634
29250.000	2.636
29260.000	2.622
29270.000	2.643
29280.000	2.613
29290.000	2.668
29300.000	2.606
29310.000	2.608
29320.000	2.640
29330.000	2.636
29340.000	2.583
29350.000	2.587
29360.000	2.630
29370.000	2.622
29380.000	2.618
29390.000	2.604
29400.000	2.590
29410.000	2.598
29420.000	2.607
29430.000	2.596
29440.000	2.588
29450.000	2.616
29460.000	2.607
29470.000	2.562
29480.000	2.582
29490.000	2.554
29500.000	2.531
29510.000	2.556
29520.000	2.605
29530.000	2.566
29540.000	2.574
29550.000	2.577
29560.000	2.557
29570.000	2.532
29580.000	2.569
29590.000	2.579
29600.000	2.620
29610.000	2.584
29620.000	2.577
29630.000	2.516
29640.000	2.556
29650.000	2.562
29660.000	2.546
29670.000	2.527
29680.000	2.557
29690.000	2.562
29700.000	2.560
29710.000	2.553
29720.000	2.591
29730.000	2.587
29740.000	2.598
29750.000	2.570
29760.000	2.573
29770.000	2.533
29780.000	2.555
29790.000	2.535
29800.000	2.537
29810.000	2.550
29820.000	2.520
29830.000	2.530
29840.000	2.559
29850.000	2.566
29860.000	2.541
29870.000	2.555
29880.000	2.577
29890.000	2.540
29900.000	2.535
29910.000	2.562
29920.000	2.532
29930.000	2.503
29940.000	2.509
29950.000	2.510
29960.000	2.523
29970.000	2.514
29980.000	2.507
29990.000	2.514
30000.000	2.485
30010.000	2.505
30020.000	2.551
30030.000	2.544
30040.000	2.529
30050.000	2.537
30060.000	2.515
30070.000	2.482
30080.000	2.476
30090.000	2.480
30100.000	2.449
30110.000	2.463
30120.000	2.470
30130.000	2.532
30140.000	2.512
30150.000	2.460
30160.000	2.420
30170.000	2.442
30180.000	2.488
30190.000	2.505
30200.000	2.460
30210.000	2.450
30220.000	2.462
30230.000	2.509
30240.000	2.495
30250.000	2.456
30260.000	2.430
30270.000	2.432
30280.000	2.427
30290.000	2.455
30300.000	2.458
30310.000	2.427
30320.000	2.475
30330.000	2.436
30340.000	2.453
30350.000	2.482
30360.000	2.479
30370.000	2.447
30380.000	2.472
30390.000	2.418
30400.000	2.424
30410.000	2.440
30420.000	2.480
30430.000	2.490
30440.000	2.467
30450.000	2.482
30460.000	2.464
30470.000	2.392
30480.000	2.402
30490.000	2.402
30500.000	2.436
30510.000	2.425
30520.000	2.405
30530.000	2.431
30540.000	2.443
30550.000	2.407
30560.000	2.416
30570.000	2.412
30580.000	2.436
30590.000	2.409
30600.000	2.428
30610.000	2.404
30620.000	2.382
30630.000	2.398
30640.000	2.404
30650.000	2.403
30660.000	2.392
30670.000	2.364
30680.000	2.337
30690.000	2.369
30700.000	2.428
30710.000	2.394
30720.000	2.417
30730.000	2.398
30740.000	2.395
30750.000	2.401
30760.000	2.413
30770.000	2.378
30780.000	2.347
30790.000	2.329
30800.000	2.360
30810.000	2.403
30820.000	2.405
30830.000	2.389
30840.000	2.386
30850.000	2.381
30860.000	2.388
30870.000	2.352
30880.000	2.374
30890.000	2.366
30900.000	2.335
30910.000	2.326
30920.000	2.318
30930.000	2.340
30940.000	2.358
30950.000	2.367
30960.000	2.381
30970.000	2.340
30980.000	2.344
30990.000	2.309
31000.000	2.301
31010.000	2.287
31020.000	2.303
31030.000	2.304
31040.000	2.280
31050.000	2.297
31060.000	2.277
31070.000	2.300
31080.000	2.304
31090.000	2.310
31100.000	2.327
31110.000	2.283
31120.000	2.320
31130.000	2.295
31140.000	2.277
31150.000	2.281
31160.000	2.318
31170.000	2.290
31180.000	2.285
31190.000	2.273
31200.000	2.295
31210.000	2.306
31220.000	2.282
31230.000	2.258
31240.000	2.284
31250.000	2.236
31260.000	2.269
31270.000	2.311
31280.000	2.257
31290.000	2.228
31300.000	2.255
31310.000	2.247
31320.000	2.236
31330.000	2.269
31340.000	2.241
31350.000	2.213
31360.000	2.232
31370.000	2.241
31380.000	2.252
31390.000	2.241
31400.000	2.238
31410.000	2.229
31420.000	2.278
31430.000	2.255
31440.000	2.259
31450.000	2.232
31460.000	2.251
31470.000	2.204
31480.000	2.210
31490.000	2.243
31500.000	2.229
31510.000	2.259
31520.000	2.206
31530.000	2.199
31540.000	2.218
31550.000	2.217
31560.000	2.191
31570.000	2.189
31580.000	2.206
31590.000	2.205
31600.000	2.214
31610.000	2.182
31620.000	2.187
31630.000	2.215
31640.000	2.194
31650.000	2.165
31660.000	2.177
31670.000	2.171
31680.000	2.191
31690.000	2.193
31700.000	2.169
31710.000	2.190
31720.000	2.234
31730.000	2.202
31740.000	2.164
31750.000	2.158
31760.000	2.146
31770.000	2.178
31780.000	2.154
31790.000	2.146
31800.000	2.154
31810.000	2.166
31820.000	2.154
31830.000	2.157
31840.000	2.171
31850.000	2.141
31860.000	2.170
31870.000	2.208
31880.000	2.135
31890.000	2.140
31900.000	2.160
31910.000	2.147
31920.000	2.111
31930.000	2.097
31940.000	2.096
31950.000	2.125
31960.000	2.161
31970.000	2.114
31980.000	2.084
31990.000	2.112
32000.000	2.088
32010.000	2.115
32020.000	2.104
32030.000	2.106
32040.000	2.124
32050.000	2.116
32060.000	2.095
32070.000	2.121
32080.000	2.150
32090.000	2.100
32100.000	2.076
32110.000	2.075
32120.000	2.076
32130.000	2.082
32140.000	2.103
32150.000	2.109
32160.000	2.059
32170.000	2.066
32180.000	2.068
32190.000	2.086
32200.000	2.040
32210.000	2.031
32220.000	2.022
32230.000	2.016
32240.000	2.025
32250.000	2.012
32260.000	2.002
32270.000	1.981
32280.000	2.015
32290.000	2.006
32300.000	1.982
32310.000	2.018
32320.000	2.003
32330.000	2.011
32340.000	1.986
32350.000	1.987
32360.000	1.977
32370.000	1.980
32380.000	2.020
32390.000	2.031
32400.000	1.995
32410.000	1.994
32420.000	1.993
32430.000	1.997
32440.000	1.988
32450.000	1.951
32460.000	1.947
32470.000	1.969
32480.000	1.963
32490.000	1.983
32500.000	1.949
32510.000	1.925
32520.000	1.916
32530.000	1.934
32540.000	1.922
32550.000	1.941
32560.000	1.932
32570.000	1.910
32580.000	1.908
32590.000	1.930
32600.000	1.923
32610.000	1.930
32620.000	1.958
32630.000	1.931
32640.000	1.901
32650.000	1.901
32660.000	1.895
32670.000	1.851
32680.000	1.852
32690.000	1.860
32700.000	1.898
32710.000	1.901
32720.000	1.907
32730.000	1.885
32740.000	1.842
32750.000	1.862
32760.000	1.909
32770.000	1.891
32780.000	1.832
32790.000	1.877
32800.000	1.867
32810.000	1.867
32820.000	1.841
32830.000	1.847
32840.000	1.842
32850.000	1.848
32860.000	1.837
32870.000	1.861
32880.000	1.828
32890.000	1.825
32900.000	1.797
32910.000	1.790
32920.000	1.814
32930.000	1.807
32940.000	1.801
32950.000	1.798
32960.000	1.775
32970.000	1.783
32980.000	1.775
32990.000	1.759
33000.000	1.750
33010.000	1.732
33020.000	1.747
33030.000	1.751
33040.000	1.761
33050.000	1.736
33060.000	1.758
33070.000	1.761
33080.000	1.768
33090.000	1.786
33100.000	1.770
33110.000	1.749
33120.000	1.753
33130.000	1.748
33140.000	1.756
33150.000	1.713
33160.000	1.691
33170.000	1.698
33180.000	1.690
33190.000	1.710
33200.000	1.686
33210.000	1.692
33220.000	1.710
33230.000	1.721
33240.000	1.731
33250.000	1.741
33260.000	1.724
33270.000	1.691
33280.000	1.684
33290.000	1.630
33300.000	1.672
33310.000	1.658
33320.000	1.655
33330.000	1.679
33340.000	1.665
33350.000	1.656
33360.000	1.652
33370.000	1.649
33380.000	1.617
33390.000	1.627
33400.000	1.633
33410.000	1.612
33420.000	1.603
33430.000	1.626
33440.000	1.631
33450.000	1.635
33460.000	1.600
33470.000	1.589
33480.000	1.612
33490.000	1.584
33500.000	1.571
33510.000	1.581
33520.000	1.564
33530.000	1.561
33540.000	1.559
33550.000	1.569
33560.000	1.565
33570.000	1.560
33580.000	1.520
33590.000	1.521
33600.000	1.530
33610.000	1.528
33620.000	1.537
33630.000	1.539
33640.000	1.511
33650.000	1.510
33660.000	1.490
33670.000	1.499
33680.000	1.516
33690.000	1.536
33700.000	1.482
33710.000	1.512
33720.000	1.480
33730.000	1.487
33740.000	1.511
33750.000	1.499
33760.000	1.458
33770.000	1.435
33780.000	1.441
33790.000	1.479
33800.000	1.436
33810.000	1.437
33820.000	1.424
33830.000	1.425
33840.000	1.433
33850.000	1.442
33860.000	1.431
33870.000	1.415
33880.000	1.410
33890.000	1.407
33900.000	1.397
33910.000	1.405
33920.000	1.393
33930.000	1.347
33940.000	1.354
33950.000	1.365
33960.000	1.388
33970.000	1.379
33980.000	1.369
33990.000	1.390
34000.000	1.371
34010.000	1.359
34020.000	1.347
34030.000	1.337
34040.000	1.351
34050.000	1.336
34060.000	1.346
34070.000	1.379
34080.000	1.331
34090.000	1.337
34100.000	1.332
34110.000	1.317
34120.000	1.324
34130.000	1.292
34140.000	1.299
34150.000	1.296
34160.000	1.309
34170.000	1.293
34180.000	1.270
34190.000	1.297
34200.000	1.311
34210.000	1.310
34220.000	1.265
34230.000	1.286
34240.000	1.282
34250.000	1.274
34260.000	1.246
34270.000	1.237
34280.000	1.247
34290.000	1.256
34300.000	1.231
34310.000	1.237
34320.000	1.209
34330.000	1.185
34340.000	1.248
34350.000	1.210
34360.000	1.188
34370.000	1.192
34380.000	1.180
34390.000	1.191
34400.000	1.198
34410.000	1.164
34420.000	1.164
34430.000	1.162
34440.000	1.174
34450.000	1.180
34460.000	1.189
34470.000	1.172
34480.000	1.155
34490.000	1.143
34500.000	1.124
34510.000	1.138
34520.000	1.116
34530.000	1.130
34540.000	1.138
34550.000	1.136
34560.000	1.114
34570.000	1.139
34580.000	1.123
34590.000	1.105
34600.000	1.100
34610.000	1.112
34620.000	1.094
34630.000	1.072
34640.000	1.058
34650.000	1.066
34660.000	1.082
34670.000	1.082
34680.000	1.096
34690.000	1.086
34700.000	1.079
34710.000	1.065
34720.000	1.078
34730.000	1.058
34740.000	1.050
34750.000	1.039
34760.000	1.042
34770.000	1.025
34780.000	1.046
34790.000	1.032
34800.000	1.009
34810.000	1.003
34820.000	0.997
34830.000	1.006
34840.000	1.008
34850.000	0.986
34860.000	0.990
34870.000	0.986
34880.000	0.968
34890.000	0.973
34900.000	0.984
34910.000	0.963
34920.000	0.960
34930.000	0.958
34940.000	0.956
34950.000	0.973
34960.000	0.972
34970.000	0.949
34980.000	0.917
34990.000	0.941
35000.000	0.941
35010.000	0.915
35020.000	0.913
35030.000	0.910
35040.000	0.914
35050.000	0.919
35060.000	0.924
35070.000	0.929
35080.000	0.901
35090.000	0.890
35100.000	0.889
35110.000	0.897
35120.000	0.897
35130.000	0.887
35140.000	0.881
35150.000	0.875
35160.000	0.867
35170.000	0.868
35180.000	0.859
35190.000	0.849
35200.000	0.860
35210.000	0.860
35220.000	0.815
35230.000	0.839
35240.000	0.847
35250.000	0.849
35260.000	0.841
35270.000	0.848
35280.000	0.841
35290.000	0.815
35300.000	0.818
35310.000	0.827
35320.000	0.813
35330.000	0.809
35340.000	0.806
35350.000	0.822
35360.000	0.819
35370.000	0.810
35380.000	0.773
35390.000	0.792
35400.000	0.769
35410.000	0.760
35420.000	0.766
35430.000	0.773
35440.000	0.783
35450.000	0.761
35460.000	0.756
35470.000	0.747
35480.000	0.752
35490.000	0.756
35500.000	0.745
35510.000	0.746
35520.000	0.748
35530.000	0.731
35540.000	0.723
35550.000	0.746
35560.000	0.751
35570.000	0.739
35580.000	0.712
35590.000	0.714
35600.000	0.707
35610.000	0.696
35620.000	0.699
35630.000	0.703
35640.000	0.700
35650.000	0.694
35660.000	0.685
35670.000	0.682
35680.000	0.683
35690.000	0.682
35700.000	0.667
35710.000	0.666
35720.000	0.650
35730.000	0.677
35740.000	0.669
35750.000	0.659
35760.000	0.658
35770.000	0.642
35780.000	0.636
35790.000	0.628
35800.000	0.633
35810.000	0.644
35820.000	0.634
35830.000	0.633
35840.000	0.641
35850.000	0.645
35860.000	0.625
35870.000	0.603
35880.000	0.622
35890.000	0.603
35900.000	0.617
35910.000	0.598
35920.000	0.617
35930.000	0.607
35940.000	0.616
35950.000	0.607
35960.000	0.597
35970.000	0.598
35980.000	0.601
35990.000	0.593
36000.000	0.593
36010.000	0.586
36020.000	0.568
36030.000	0.549
36040.000	0.562
36050.000	0.568
36060.000	0.553
36070.000	0.572
36080.000	0.555
36090.000	0.550
36100.000	0.535
36110.000	0.540
36120.000	0.542
36130.000	0.536
36140.000	0.534
36150.000	0.529
36160.000	0.536
36170.000	0.524
36180.000	0.531
36190.000	0.527
36200.000	0.514
36210.000	0.514
36220.000	0.503
36230.000	0.489
36240.000	0.498
36250.000	0.507
36260.000	0.506
36270.000	0.508
36280.000	0.511
36290.000	0.506
36300.000	0.479
36310.000	0.485
36320.000	0.469
36330.000	0.469
36340.000	0.477
36350.000	0.468
36360.000	0.462
36370.000	0.465
36380.000	0.477
36390.000	0.473
36400.000	0.477
36410.000	0.464
36420.000	0.480
36430.000	0.456
36440.000	0.446
36450.000	0.433
36460.000	0.442
36470.000	0.450
36480.000	0.458
36490.000	0.450
36500.000	0.446
36510.000	0.436
36520.000	0.441
36530.000	0.433
36540.000	0.431
36550.000	0.435
36560.000	0.432
36570.000	0.422
36580.000	0.424
36590.000	0.436
36600.000	0.424
36610.000	0.428
36620.000	0.413
36630.000	0.414
36640.000	0.411
36650.000	0.409
36660.000	0.382
36670.000	0.402
36680.000	0.397
36690.000	0.400
36700.000	0.404
36710.000	0.399
36720.000	0.394
36730.000	0.389
36740.000	0.388
36750.000	0.383
36760.000	0.373
36770.000	0.377
36780.000	0.379
36790.000	0.379
36800.000	0.393
36810.000	0.386
36820.000	0.383
36830.000	0.383
36840.000	0.376
36850.000	0.386
36860.000	0.384
36870.000	0.368
36880.000	0.365
36890.000	0.387
36900.000	0.368
36910.000	0.343
36920.000	0.358
36930.000	0.352
36940.000	0.352
36950.000	0.347
36960.000	0.351
36970.000	0.348
36980.000	0.347
36990.000	0.342
37000.000	0.348
37010.000	0.348
37020.000	0.344
37030.000	0.338
37040.000	0.340
37050.000	0.340
37060.000	0.323
37070.000	0.333
37080.000	0.332
37090.000	0.322
37100.000	0.334
37110.000	0.328
37120.000	0.322
37130.000	0.310
37140.000	0.310
37150.000	0.312
37160.000	0.332
37170.000	0.318
37180.000	0.331
37190.000	0.306
37200.000	0.299
37210.000	0.316
37220.000	0.301
37230.000	0.295
37240.000	0.294
37250.000	0.301
37260.000	0.296
37270.000	0.291
37280.000	0.295
37290.000	0.297
37300.000	0.287
37310.000	0.284
37320.000	0.287
37330.000	0.307
37340.000	0.299
37350.000	0.303
37360.000	0.289
37370.000	0.292
37380.000	0.290
37390.000	0.283
37400.000	0.274
37410.000	0.258
37420.000	0.258
37430.000	0.277
37440.000	0.268
37450.000	0.256
37460.000	0.267
37470.000	0.265
37480.000	0.266
37490.000	0.272
37500.000	0.261
37510.000	0.250
37520.000	0.245
37530.000	0.247
37540.000	0.259
37550.000	0.250
37560.000	0.255
37570.000	0.255
37580.000	0.255
37590.000	0.262
37600.000	0.265
37610.000	0.255
37620.000	0.246
37630.000	0.244
37640.000	0.239
37650.000	0.239
37660.000	0.240
37670.000	0.238
37680.000	0.243
37690.000	0.244
37700.000	0.246
37710.000	0.238
37720.000	0.232
37730.000	0.241
37740.000	0.232
37750.000	0.226
37760.000	0.229
37770.000	0.215
37780.000	0.224
37790.000	0.223
37800.000	0.231
37810.000	0.236
37820.000	0.224
37830.000	0.227
37840.000	0.220
37850.000	0.228
37860.000	0.212
37870.000	0.220
37880.000	0.221
37890.000	0.217
37900.000	0.220
37910.000	0.222
37920.000	0.210
37930.000	0.211
37940.000	0.217
37950.000	0.210
37960.000	0.209
37970.000	0.205
37980.000	0.212
37990.000	0.214
38000.000	0.198
38010.000	0.210
38020.000	0.212
38030.000	0.199
38040.000	0.202
38050.000	0.209
38060.000	0.209
38070.000	0.198
38080.000	0.192
38090.000	0.191
38100.000	0.191
38110.000	0.200
38120.000	0.193
38130.000	0.185
38140.000	0.190
38150.000	0.194
38160.000	0.186
38170.000	0.187
38180.000	0.186
38190.000	0.194
38200.000	0.187
38210.000	0.189
38220.000	0.187
38230.000	0.184
38240.000	0.201
38250.000	0.183
38260.000	0.179
38270.000	0.181
38280.000	0.187
38290.000	0.177
38300.000	0.185
38310.000	0.173
38320.000	0.175
38330.000	0.179
38340.000	0.170
38350.000	0.174
38360.000	0.172
38370.000	0.169
38380.000	0.172
38390.000	0.173
38400.000	0.187
38410.000	0.172
38420.000	0.168
38430.000	0.161
38440.000	0.176
38450.000	0.167
38460.000	0.168
38470.000	0.171
38480.000	0.170
38490.000	0.170
38500.000	0.160
38510.000	0.164
38520.000	0.165
38530.000	0.169
38540.000	0.165
38550.000	0.167
38560.000	0.158
38570.000	0.160
38580.000	0.165
38590.000	0.171
38600.000	0.154
38610.000	0.148
38620.000	0.157
38630.000	0.148
38640.000	0.145
38650.000	0.151
38660.000	0.151
38670.000	0.160
38680.000	0.151
38690.000	0.155
38700.000	0.146
38710.000	0.151
38720.000	0.148
38730.000	0.149
38740.000	0.147
38750.000	0.152
38760.000	0.151
38770.000	0.157
38780.000	0.156
38790.000	0.150
38800.000	0.141
38810.000	0.151
38820.000	0.141
38830.000	0.138
38840.000	0.140
38850.000	0.143
38860.000	0.144
38870.000	0.140
38880.000	0.140
38890.000	0.143
38900.000	0.144
38910.000	0.143
38920.000	0.136
38930.000	0.133
38940.000	0.132
38950.000	0.138
38960.000	0.137
38970.000	0.139
38980.000	0.133
38990.000	0.128
39000.000	0.134
39010.000	0.137
39020.000	0.136
39030.000	0.130
39040.000	0.134
39050.000	0.125
39060.000	0.131
39070.000	0.139
39080.000	0.130
39090.000	0.120
39100.000	0.125
39110.000	0.123
39120.000	0.129
39130.000	0.128
39140.000	0.123
39150.000	0.119
39160.000	0.117
39170.000	0.122
39180.000	0.122
39190.000	0.126
39200.000	0.122
39210.000	0.130
39220.000	0.133
39230.000	0.118
39240.000	0.117
39250.000	0.119
39260.000	0.114
39270.000	0.121
39280.000	0.123
39290.000	0.120
39300.000	0.126
39310.000	0.123
39320.000	0.118
39330.000	0.119
39340.000	0.114
39350.000	0.116
39360.000	0.119
39370.000	0.114
39380.000	0.112
39390.000	0.110
39400.000	0.120
39410.000	0.110
39420.000	0.111
39430.000	0.110
39440.000	0.121
39450.000	0.115
39460.000	0.112
39470.000	0.107
39480.000	0.121
39490.000	0.112
39500.000	0.107
39510.000	0.107
39520.000	0.111
39530.000	0.114
39540.000	0.111
39550.000	0.110
39560.000	0.103
39570.000	0.107
39580.000	0.106
39590.000	0.108
39600.000	0.108
39610.000	0.109
39620.000	0.107
39630.000	0.109
39640.000	0.107
39650.000	0.100
39660.000	0.104
39670.000	0.104
39680.000	0.100
39690.000	0.102
39700.000	0.107
39710.000	0.110
39720.000	0.111
39730.000	0.104
39740.000	0.110
39750.000	0.108
39760.000	0.109
39770.000	0.099
39780.000	0.107
39790.000	0.089
39800.000	0.095
39810.000	0.093
39820.000	0.096
39830.000	0.097
39840.000	0.095
39850.000	0.100
39860.000	0.092
39870.000	0.091
39880.000	0.089
39890.000	0.097
39900.000	0.093
39910.000	0.092
39920.000	0.093
39930.000	0.086
39940.000	0.093
39950.000	0.099
39960.000	0.091
39970.000	0.094
39980.000	0.090
39990.000	0.094
40000.000	0.100
40010.000	0.104
40020.000	0.096
40030.000	0.092
40040.000	0.096
40050.000	0.095
40060.000	0.097
40070.000	0.091
40080.000	0.089
40090.000	0.089
40100.000	0.087
40110.000	0.092
40120.000	0.096
40130.000	0.094
40140.000	0.084
40150.000	0.084
40160.000	0.088
40170.000	0.088
40180.000	0.090
40190.000	0.089
40200.000	0.086
40210.000	0.090
40220.000	0.086
40230.000	0.089
40240.000	0.086
40250.000	0.085
40260.000	0.083
40270.000	0.083
40280.000	0.079
40290.000	0.080
40300.000	0.090
40310.000	0.083
40320.000	0.084
40330.000	0.082
40340.000	0.080
40350.000	0.086
40360.000	0.079
40370.000	0.086
40380.000	0.087
40390.000	0.086
40400.000	0.076
40410.000	0.080
40420.000	0.078
40430.000	0.083
40440.000	0.086
40450.000	0.080
40460.000	0.079
40470.000	0.072
40480.000	0.075
40490.000	0.078
40500.000	0.079
40510.000	0.079
40520.000	0.078
40530.000	0.075
40540.000	0.078
40550.000	0.076
40560.000	0.076
40570.000	0.076
40580.000	0.070
40590.000	0.071
40600.000	0.071
40610.000	0.075
40620.000	0.072
40630.000	0.080
40640.000	0.080
40650.000	0.078
40660.000	0.076
40670.000	0.076
40680.000	0.075
40690.000	0.077
40700.000	0.074
40710.000	0.071
40720.000	0.079
40730.000	0.082
40740.000	0.075
40750.000	0.071
40760.000	0.075
40770.000	0.077
40780.000	0.080
40790.000	0.076
40800.000	0.071
40810.000	0.070
40820.000	0.072
40830.000	0.073
40840.000	0.076
40850.000	0.074
40860.000	0.070
40870.000	0.067
40880.000	0.066
40890.000	0.069
40900.000	0.078
40910.000	0.077
40920.000	0.074
40930.000	0.071
40940.000	0.074
40950.000	0.071
40960.000	0.075
40970.000	0.069
40980.000	0.068
40990.000	0.064
41000.000	0.076
41010.000	0.078
41020.000	0.073
41030.000	0.067
41040.000	0.069
41050.000	0.070
41060.000	0.067
41070.000	0.072
41080.000	0.078
41090.000	0.075
41100.000	0.069
41110.000	0.067
41120.000	0.068
41130.000	0.069
41140.000	0.067
41150.000	0.068
41160.000	0.072
41170.000	0.072
41180.000	0.068
41190.000	0.064
41200.000	0.066
41210.000	0.065
41220.000	0.068
41230.000	0.071
41240.000	0.066
41250.000	0.064
41260.000	0.066
41270.000	0.064
41280.000	0.067
41290.000	0.064
41300.000	0.067
41310.000	0.063
41320.000	0.066
41330.000	0.067
41340.000	0.068
41350.000	0.066
41360.000	0.067
41370.000	0.065
41380.000	0.066
41390.000	0.066
41400.000	0.069
41410.000	0.065
41420.000	0.066
41430.000	0.064
41440.000	0.060
41450.000	0.066
41460.000	0.066
41470.000	0.071
41480.000	0.067
41490.000	0.071
41500.000	0.069
41510.000	0.068
41520.000	0.063
41530.000	0.064
41540.000	0.061
41550.000	0.065
41560.000	0.063
41570.000	0.066
41580.000	0.065
41590.000	0.059
41600.000	0.058
41610.000	0.066
41620.000	0.063
41630.000	0.060
41640.000	0.063
41650.000	0.064
41660.000	0.060
41670.000	0.058
41680.000	0.059
41690.000	0.058
41700.000	0.063
41710.000	0.066
41720.000	0.066
41730.000	0.062
41740.000	0.059
41750.000	0.061
41760.000	0.058
41770.000	0.056
41780.000	0.060
41790.000	0.061
41800.000	0.059
41810.000	0.061
41820.000	0.061
41830.000	0.061
41840.000	0.059
41850.000	0.059
41860.000	0.056
41870.000	0.060
41880.000	0.061
41890.000	0.063
41900.000	0.063
41910.000	0.062
41920.000	0.061
41930.000	0.061
41940.000	0.060
41950.000	0.059
41960.000	0.055
41970.000	0.057
41980.000	0.057
41990.000	0.057
42000.000	0.057
42010.000	0.059
42020.000	0.058
42030.000	0.055
42040.000	0.054
42050.000	0.059
42060.000	0.060
42070.000	0.053
42080.000	0.055
42090.000	0.056
42100.000	0.060
42110.000	0.060
42120.000	0.053
42130.000	0.053
42140.000	0.055
42150.000	0.064
42160.000	0.060
42170.000	0.056
42180.000	0.057
42190.000	0.053
42200.000	0.057
42210.000	0.059
42220.000	0.059
42230.000	0.057
42240.000	0.057
42250.000	0.058
42260.000	0.054
42270.000	0.053
42280.000	0.057
42290.000	0.059
42300.000	0.057
42310.000	0.054
42320.000	0.054
42330.000	0.058
42340.000	0.060
42350.000	0.057
42360.000	0.055
42370.000	0.053
42380.000	0.055
42390.000	0.054
42400.000	0.057
42410.000	0.060
42420.000	0.057
42430.000	0.056
42440.000	0.055
42450.000	0.057
42460.000	0.061
42470.000	0.052
42480.000	0.052
42490.000	0.055
42500.000	0.053
42510.000	0.053
42520.000	0.053
42530.000	0.053
42540.000	0.055
42550.000	0.056
42560.000	0.055
42570.000	0.055
42580.000	0.053
42590.000	0.050
42600.000	0.051
42610.000	0.055
42620.000	0.056
42630.000	0.054
42640.000	0.052
42650.000	0.050
42660.000	0.048
42670.000	0.050
42680.000	0.052
42690.000	0.053
42700.000	0.054
42710.000	0.056
42720.000	0.056
42730.000	0.054
42740.000	0.049
42750.000	0.056
42760.000	0.055
42770.000	0.052
42780.000	0.051
42790.000	0.053
42800.000	0.053
42810.000	0.050
42820.000	0.050
42830.000	0.052
42840.000	0.057
42850.000	0.055
42860.000	0.055
42870.000	0.054
42880.000	0.048
42890.000	0.047
42900.000	0.052
42910.000	0.052
42920.000	0.052
42930.000	0.050
42940.000	0.052
42950.000	0.051
42960.000	0.053
42970.000	0.055
42980.000	0.054
42990.000	0.056
43000.000	0.057
43010.000	0.056
43020.000	0.058
43030.000	0.058
43040.000	0.051
43050.000	0.054
43060.000	0.051
43070.000	0.048
43080.000	0.048
43090.000	0.050
43100.000	0.053
43110.000	0.056
43120.000	0.053
43130.000	0.054
43140.000	0.054
43150.000	0.052
43160.000	0.051
43170.000	0.051
43180.000	0.047
43190.000	0.049
43200.000	0.049
43210.000	0.048
43220.000	0.049
43230.000	0.054
43240.000	0.054
43250.000	0.055
43260.000	0.055
43270.000	0.050
43280.000	0.051
43290.000	0.048
43300.000	0.047
43310.000	0.048
43320.000	0.052
43330.000	0.050
43340.000	0.051
43350.000	0.052
43360.000	0.053
43370.000	0.052
43380.000	0.053
43390.000	0.052
43400.000	0.047
43410.000	0.051
43420.000	0.051
43430.000	0.050
43440.000	0.047
43450.000	0.049
43460.000	0.049
43470.000	0.050
43480.000	0.051
43490.000	0.052
43500.000	0.048
43510.000	0.052
43520.000	0.052
43530.000	0.051
43540.000	0.051
43550.000	0.052
43560.000	0.050
43570.000	0.048
43580.000	0.047
43590.000	0.049
43600.000	0.050
43610.000	0.046
43620.000	0.049
43630.000	0.051
43640.000	0.052
43650.000	0.052
43660.000	0.052
43670.000	0.050
43680.000	0.047
43690.000	0.047
43700.000	0.049
43710.000	0.050
43720.000	0.049
43730.000	0.053
43740.000	0.051
43750.000	0.051
43760.000	0.052
43770.000	0.051
43780.000	0.048
43790.000	0.051
43800.000	0.050
43810.000	0.048
43820.000	0.051
43830.000	0.049
43840.000	0.050
43850.000	0.052
43860.000	0.049
43870.000	0.047
43880.000	0.049
43890.000	0.047
43900.000	0.047
43910.000	0.046
43920.000	0.050
43930.000	0.052
43940.000	0.051
43950.000	0.045
43960.000	0.046
43970.000	0.049
43980.000	0.049
43990.000	0.049
44000.000	0.050
44010.000	0.051
44020.000	0.051
44030.000	0.052
44040.000	0.049
44050.000	0.046
44060.000	0.046
44070.000	0.048
44080.000	0.050
44090.000	0.050
44100.000	0.050
44110.000	0.050
44120.000	0.047
44130.000	0.046
44140.000	0.046
44150.000	0.043
44160.000	0.050
44170.000	0.052
44180.000	0.047
44190.000	0.051
44200.000	0.047
44210.000	0.049
44220.000	0.047
44230.000	0.044
44240.000	0.044
44250.000	0.046
44260.000	0.047
44270.000	0.051
44280.000	0.056
44290.000	0.053
44300.000	0.052
44310.000	0.049
44320.000	0.048
44330.000	0.045
44340.000	0.046
44350.000	0.048
44360.000	0.047
44370.000	0.049
44380.000	0.048
44390.000	0.047
44400.000	0.044
44410.000	0.047
44420.000	0.045
44430.000	0.044
44440.000	0.046
44450.000	0.047
44460.000	0.050
44470.000	0.049
44480.000	0.049
44490.000	0.049
44500.000	0.046
44510.000	0.050
44520.000	0.049
44530.000	0.048
44540.000	0.047
44550.000	0.050
44560.000	0.047
44570.000	0.045
44580.000	0.048
44590.000	0.052
44600.000	0.051
44610.000	0.049
44620.000	0.050
44630.000	0.045
44640.000	0.045
44650.000	0.043
44660.000	0.045
44670.000	0.046
44680.000	0.048
44690.000	0.051
44700.000	0.047
44710.000	0.046
44720.000	0.044
44730.000	0.048
44740.000	0.049
44750.000	0.050
44760.000	0.047
44770.000	0.049
44780.000	0.046
44790.000	0.044
44800.000	0.043
44810.000	0.044
44820.000	0.046
44830.000	0.046
44840.000	0.044
44850.000	0.049
44860.000	0.048
44870.000	0.050
44880.000	0.046
44890.000	0.044
44900.000	0.043
44910.000	0.043
44920.000	0.046
44930.000	0.048
44940.000	0.048
44950.000	0.048
44960.000	0.048
44970.000	0.045
44980.000	0.046
44990.000	0.045
45000.000	0.044
45010.000	0.047
45020.000	0.044
45030.000	0.048
45040.000	0.050
45050.000	0.051
45060.000	0.050
45070.000	0.045
45080.000	0.044
45090.000	0.046
45100.000	0.051
45110.000	0.050
45120.000	0.051
45130.000	0.048
45140.000	0.046
45150.000	0.048
45160.000	0.046
45170.000	0.051
45180.000	0.048
45190.000	0.046
45200.000	0.046
45210.000	0.045
45220.000	0.047
45230.000	0.043
45240.000	0.050
45250.000	0.051
45260.000	0.048
45270.000	0.050
45280.000	0.047
45290.000	0.045
45300.000	0.045
45310.000	0.044
45320.000	0.044
45330.000	0.047
45340.000	0.047
45350.000	0.046
45360.000	0.048
45370.000	0.047
45380.000	0.050
45390.000	0.048
45400.000	0.049
45410.000	0.051
45420.000	0.049
45430.000	0.046
45440.000	0.049
45450.000	0.050
45460.000	0.048
45470.000	0.045
45480.000	0.045
45490.000	0.047
45500.000	0.046
45510.000	0.044
45520.000	0.044
45530.000	0.046
45540.000	0.048
45550.000	0.049
45560.000	0.050
45570.000	0.049
45580.000	0.049
45590.000	0.046
45600.000	0.045
45610.000	0.044
45620.000	0.046
45630.000	0.045
45640.000	0.046
45650.000	0.047
45660.000	0.049
45670.000	0.048
45680.000	0.047
45690.000	0.045
45700.000	0.043
45710.000	0.043
45720.000	0.043
45730.000	0.045
45740.000	0.045
45750.000	0.045
45760.000	0.043
45770.000	0.048
45780.000	0.049
45790.000	0.045
45800.000	0.047
45810.000	0.045
45820.000	0.047
45830.000	0.047
45840.000	0.048
45850.000	0.049
45860.000	0.048
45870.000	0.045
45880.000	0.046
45890.000	0.044
45900.000	0.046
45910.000	0.045
45920.000	0.048
45930.000	0.048
45940.000	0.045
45950.000	0.045
45960.000	0.045
45970.000	0.045
45980.000	0.046
45990.000	0.048
46000.000	0.048
46010.000	0.049
46020.000	0.048
46030.000	0.046
46040.000	0.045
46050.000	0.045
46060.000	0.045
46070.000	0.045
46080.000	0.045
46090.000	0.047
46100.000	0.048
46110.000	0.044
46120.000	0.047
46130.000	0.048
46140.000	0.047
46150.000	0.044
46160.000	0.055
46170.000	0.050
46180.000	0.047
46190.000	0.046
46200.000	0.045
46210.000	0.046
46220.000	0.046
46230.000	0.047
46240.000	0.049
46250.000	0.047
46260.000	0.045
46270.000	0.044
46280.000	0.043
46290.000	0.043
46300.000	0.044
46310.000	0.046
46320.000	0.046
46330.000	0.046
46340.000	0.046
46350.000	0.048
46360.000	0.047
46370.000	0.046
46380.000	0.046
46390.000	0.049
46400.000	0.049
46410.000	0.047
46420.000	0.047
46430.000	0.045
46440.000	0.047
46450.000	0.046
46460.000	0.049
46470.000	0.045
46480.000	0.047
46490.000	0.045
46500.000	0.048
46510.000	0.044
46520.000	0.045
46530.000	0.045
46540.000	0.045
46550.000	0.043
46560.000	0.048
46570.000	0.045
46580.000	0.044
46590.000	0.047
46600.000	0.047
46610.000	0.043
46620.000	0.042
46630.000	0.046
46640.000	0.045
46650.000	0.049
46660.000	0.049
46670.000	0.046
46680.000	0.044
46690.000	0.044
46700.000	0.045
46710.000	0.047
46720.000	0.044
46730.000	0.042
46740.000	0.046
46750.000	0.047
46760.000	0.046
46770.000	0.049
46780.000	0.050
46790.000	0.050
46800.000	0.044
46810.000	0.041
46820.000	0.041
46830.000	0.045
46840.000	0.044
46850.000	0.043
46860.000	0.040
46870.000	0.044
46880.000	0.047
46890.000	0.046
46900.000	0.048
46910.000	0.049
46920.000	0.045
46930.000	0.044
46940.000	0.043
46950.000	0.047
46960.000	0.047
46970.000	0.044
46980.000	0.043
46990.000	0.043
47000.000	0.048
47010.000	0.050
47020.000	0.047
47030.000	0.044
47040.000	0.041
47050.000	0.042
47060.000	0.045
47070.000	0.049
47080.000	0.050
47090.000	0.047
47100.000	0.044
47110.000	0.043
47120.000	0.047
47130.000	0.047
47140.000	0.046
47150.000	0.045
47160.000	0.044
47170.000	0.049
47180.000	0.048
47190.000	0.045
47200.000	0.043
47210.000	0.041
47220.000	0.045
47230.000	0.049
47240.000	0.048
47250.000	0.044
47260.000	0.043
47270.000	0.043
47280.000	0.047
47290.000	0.049
47300.000	0.047
47310.000	0.042
47320.000	0.047
47330.000	0.049
47340.000	0.051
47350.000	0.046
47360.000	0.043
47370.000	0.045
47380.000	0.044
47390.000	0.045
47400.000	0.043
47410.000	0.042
47420.000	0.044
47430.000	0.042
47440.000	0.046
47450.000	0.048
47460.000	0.046
47470.000	0.043
47480.000	0.041
47490.000	0.044
47500.000	0.045
47510.000	0.046
47520.000	0.048
47530.000	0.043
47540.000	0.041
47550.000	0.047
47560.000	0.050
47570.000	0.048
47580.000	0.045
47590.000	0.046
47600.000	0.042
47610.000	0.045
47620.000	0.049
47630.000	0.048
47640.000	0.045
47650.000	0.043
47660.000	0.044
47670.000	0.047
47680.000	0.046
47690.000	0.042
47700.000	0.042
47710.000	0.046
47720.000	0.047
47730.000	0.044
47740.000	0.045
47750.000	0.047
47760.000	0.046
47770.000	0.042
47780.000	0.046
47790.000	0.043
47800.000	0.047
47810.000	0.044
47820.000	0.045
47830.000	0.044
47840.000	0.043
47850.000	0.043
47860.000	0.043
47870.000	0.047
47880.000	0.046
47890.000	0.041
47900.000	0.044
47910.000	0.045
47920.000	0.045
47930.000	0.045
47940.000	0.042
47950.000	0.042
47960.000	0.044
47970.000	0.045
47980.000	0.044
47990.000	0.044
48000.000	0.046
48010.000	0.048
48020.000	0.046
48030.000	0.047
48040.000	0.044
48050.000	0.043
48060.000	0.043
48070.000	0.045
48080.000	0.046
48090.000	0.044
48100.000	0.044
48110.000	0.045
48120.000	0.047
48130.000	0.047
48140.000	0.043
48150.000	0.043
48160.000	0.047
48170.000	0.046
48180.000	0.046
48190.000	0.042
48200.000	0.040
48210.000	0.044
48220.000	0.047
48230.000	0.044
48240.000	0.044
48250.000	0.046
48260.000	0.046
48270.000	0.044
48280.000	0.042
48290.000	0.043
48300.000	0.043
48310.000	0.045
48320.000	0.045
48330.000	0.041
48340.000	0.041
48350.000	0.045
48360.000	0.045
48370.000	0.046
48380.000	0.047
48390.000	0.043
48400.000	0.040
48410.000	0.041
48420.000	0.047
48430.000	0.047
48440.000	0.044
48446.000	0.045
