10.000	0.246
20.000	0.249
30.000	0.252
40.000	0.255
50.000	0.257
60.000	0.259
70.000	0.259
80.000	0.256
90.000	0.257
100.000	0.258
110.000	0.258
120.000	0.260
130.000	0.260
140.000	0.261
150.000	0.261
160.000	0.259
170.000	0.260
180.000	0.259
190.000	0.260
200.000	0.259
210.000	0.258
220.000	0.259
230.000	0.260
240.000	0.260
250.000	0.260
260.000	0.261
270.000	0.262
280.000	0.264
290.000	0.262
300.000	0.262
310.000	0.263
320.000	0.264
330.000	0.265
340.000	0.265
350.000	0.268
360.000	0.269
370.000	0.268
380.000	0.265
390.000	0.266
400.000	0.264
410.000	0.263
420.000	0.266
430.000	0.267
440.000	0.267
450.000	0.267
460.000	0.273
470.000	0.275
480.000	0.277
490.000	0.279
500.000	0.281
510.000	0.283
520.000	0.284
530.000	0.286
540.000	0.289
550.000	0.288
560.000	0.289
570.000	0.291
580.000	0.291
590.000	0.291
600.000	0.292
610.000	0.293
620.000	0.294
630.000	0.295
640.000	0.294
650.000	0.293
660.000	0.292
670.000	0.292
680.000	0.293
690.000	0.292
700.000	0.294
710.000	0.295
720.000	0.294
730.000	0.292
740.000	0.292
750.000	0.292
760.000	0.292
770.000	0.292
780.000	0.293
790.000	0.294
800.000	0.293
810.000	0.295
820.000	0.295
830.000	0.295
840.000	0.297
850.000	0.299
860.000	0.298
870.000	0.298
880.000	0.297
890.000	0.298
900.000	0.299
910.000	0.300
920.000	0.301
930.000	0.304
940.000	0.304
950.000	0.304
960.000	0.303
970.000	0.305
980.000	0.305
990.000	0.304
1000.000	0.305
1010.000	0.305
1020.000	0.306
1030.000	0.308
1040.000	0.310
1050.000	0.310
1060.000	0.311
1070.000	0.310
1080.000	0.309
1090.000	0.307
1100.000	0.308
1110.000	0.308
1120.000	0.308
1130.000	0.309
1140.000	0.307
1150.000	0.307
1160.000	0.310
1170.000	0.310
1180.000	0.311
1190.000	0.311
1200.000	0.309
1210.000	0.310
1220.000	0.310
1230.000	0.315
1240.000	0.317
1250.000	0.315
1260.000	0.316
1270.000	0.313
1280.000	0.316
1290.000	0.318
1300.000	0.319
1310.000	0.323
1320.000	0.324
1330.000	0.326
1340.000	0.327
1350.000	0.329
1360.000	0.331
1370.000	0.331
1380.000	0.331
1390.000	0.333
1400.000	0.333
1410.000	0.332
1420.000	0.333
1430.000	0.333
1440.000	0.333
1450.000	0.333
1460.000	0.334
1470.000	0.335
1480.000	0.336
1490.000	0.335
1500.000	0.337
1510.000	0.336
1520.000	0.337
1530.000	0.336
1540.000	0.333
1550.000	0.336
1560.000	0.337
1570.000	0.336
1580.000	0.334
1590.000	0.332
1600.000	0.332
1610.000	0.332
1620.000	0.332
1630.000	0.332
1640.000	0.334
1650.000	0.333
1660.000	0.333
1670.000	0.331
1680.000	0.332
1690.000	0.334
1700.000	0.335
1710.000	0.336
1720.000	0.337
1730.000	0.333
1740.000	0.334
1750.000	0.332
1760.000	0.333
1770.000	0.332
1780.000	0.333
1790.000	0.335
1800.000	0.336
1810.000	0.337
1820.000	0.340
1830.000	0.340
1840.000	0.338
1850.000	0.337
1860.000	0.338
1870.000	0.337
1880.000	0.339
1890.000	0.341
1900.000	0.339
1910.000	0.339
1920.000	0.340
1930.000	0.341
1940.000	0.341
1950.000	0.342
1960.000	0.342
1970.000	0.344
1980.000	0.343
1990.000	0.343
2000.000	0.343
2010.000	0.344
2020.000	0.346
2030.000	0.346
2040.000	0.348
2050.000	0.348
2060.000	0.347
2070.000	0.349
2080.000	0.352
2090.000	0.353
2100.000	0.356
2110.000	0.354
2120.000	0.353
2130.000	0.353
2140.000	0.355
2150.000	0.355
2160.000	0.356
2170.000	0.358
2180.000	0.358
2190.000	0.356
2200.000	0.356
2210.000	0.356
2220.000	0.357
2230.000	0.357
2240.000	0.357
2250.000	0.360
2260.000	0.360
2270.000	0.361
2280.000	0.363
2290.000	0.364
2300.000	0.364
2310.000	0.365
2320.000	0.366
2330.000	0.368
2340.000	0.369
2350.000	0.368
2360.000	0.367
2370.000	0.369
2380.000	0.368
2390.000	0.369
2400.000	0.367
2410.000	0.368
2420.000	0.368
2430.000	0.369
2440.000	0.368
2450.000	0.369
2460.000	0.370
2470.000	0.370
2480.000	0.371
2490.000	0.372
2500.000	0.371
2510.000	0.370
2520.000	0.372
2530.000	0.373
2540.000	0.373
2550.000	0.374
2560.000	0.375
2570.000	0.374
2580.000	0.375
2590.000	0.377
2600.000	0.379
2610.000	0.380
2620.000	0.383
2630.000	0.384
2640.000	0.383
2650.000	0.382
2660.000	0.384
2670.000	0.385
2680.000	0.384
2690.000	0.385
2700.000	0.385
2710.000	0.384
2720.000	0.384
2730.000	0.383
2740.000	0.385
2750.000	0.387
2760.000	0.389
2770.000	0.388
2780.000	0.387
2790.000	0.388
2800.000	0.389
2810.000	0.388
2820.000	0.388
2830.000	0.389
2840.000	0.389
2850.000	0.389
2860.000	0.390
2870.000	0.389
2880.000	0.389
2890.000	0.391
2900.000	0.393
2910.000	0.396
2920.000	0.397
2930.000	0.397
2940.000	0.398
2950.000	0.398
2960.000	0.399
2970.000	0.401
2980.000	0.402
2990.000	0.403
3000.000	0.403
3010.000	0.406
3020.000	0.405
3030.000	0.407
3040.000	0.407
3050.000	0.407
3060.000	0.407
3070.000	0.407
3080.000	0.407
3090.000	0.407
3100.000	0.408
3110.000	0.409
3120.000	0.408
3130.000	0.407
3140.000	0.408
3150.000	0.408
3160.000	0.410
3170.000	0.407
3180.000	0.409
3190.000	0.409
3200.000	0.412
3210.000	0.412
3220.000	0.411
3230.000	0.411
3240.000	0.411
3250.000	0.411
3260.000	0.411
3270.000	0.412
3280.000	0.414
3290.000	0.417
3300.000	0.420
3310.000	0.421
3320.000	0.423
3330.000	0.425
3340.000	0.426
3350.000	0.424
3360.000	0.423
3370.000	0.425
3380.000	0.428
3390.000	0.428
3400.000	0.431
3410.000	0.432
3420.000	0.432
3430.000	0.432
3440.000	0.432
3450.000	0.432
3460.000	0.432
3470.000	0.432
3480.000	0.431
3490.000	0.428
3500.000	0.430
3510.000	0.431
3520.000	0.436
3530.000	0.433
3540.000	0.431
3550.000	0.432
3560.000	0.431
3570.000	0.430
3580.000	0.430
3590.000	0.431
3600.000	0.433
3610.000	0.434
3620.000	0.433
3630.000	0.436
3640.000	0.437
3650.000	0.438
3660.000	0.435
3670.000	0.436
3680.000	0.438
3690.000	0.440
3700.000	0.442
3710.000	0.443
3720.000	0.443
3730.000	0.441
3740.000	0.442
3750.000	0.445
3760.000	0.446
3770.000	0.445
3780.000	0.443
3790.000	0.445
3800.000	0.447
3810.000	0.448
3820.000	0.447
3830.000	0.447
3840.000	0.448
3850.000	0.449
3860.000	0.451
3870.000	0.448
3880.000	0.447
3890.000	0.446
3900.000	0.447
3910.000	0.447
3920.000	0.449
3930.000	0.448
3940.000	0.450
3950.000	0.450
3960.000	0.452
3970.000	0.452
3980.000	0.451
3990.000	0.451
4000.000	0.452
4010.000	0.454
4020.000	0.454
4030.000	0.456
4040.000	0.456
4050.000	0.456
4060.000	0.457
4070.000	0.457
4080.000	0.458
4090.000	0.459
4100.000	0.461
4110.000	0.462
4120.000	0.463
4130.000	0.464
4140.000	0.465
4150.000	0.465
4160.000	0.465
4170.000	0.466
4180.000	0.468
4190.000	0.468
4200.000	0.468
4210.000	0.466
4220.000	0.467
4230.000	0.467
4240.000	0.467
4250.000	0.468
4260.000	0.470
4270.000	0.473
4280.000	0.473
4290.000	0.475
4300.000	0.474
4310.000	0.475
4320.000	0.475
4330.000	0.474
4340.000	0.474
4350.000	0.473
4360.000	0.473
4370.000	0.472
4380.000	0.473
4390.000	0.476
4400.000	0.479
4410.000	0.480
4420.000	0.480
4430.000	0.481
4440.000	0.483
4450.000	0.487
4460.000	0.486
4470.000	0.486
4480.000	0.487
4490.000	0.487
4500.000	0.485
4510.000	0.487
4520.000	0.487
4530.000	0.492
4540.000	0.492
4550.000	0.494
4560.000	0.496
4570.000	0.496
4580.000	0.496
4590.000	0.496
4600.000	0.496
4610.000	0.497
4620.000	0.496
4630.000	0.495
4640.000	0.495
4650.000	0.495
4660.000	0.499
4670.000	0.500
4680.000	0.500
4690.000	0.499
4700.000	0.500
4710.000	0.500
4720.000	0.502
4730.000	0.503
4740.000	0.503
4750.000	0.502
4760.000	0.504
4770.000	0.503
4780.000	0.504
4790.000	0.504
4800.000	0.505
4810.000	0.505
4820.000	0.506
4830.000	0.506
4840.000	0.506
4850.000	0.506
4860.000	0.506
4870.000	0.505
4880.000	0.505
4890.000	0.506
4900.000	0.509
4910.000	0.510
4920.000	0.510
4930.000	0.512
4940.000	0.512
4950.000	0.512
4960.000	0.512
4970.000	0.512
4980.000	0.510
4990.000	0.508
5000.000	0.507
5010.000	0.511
5020.000	0.510
5030.000	0.509
5040.000	0.510
5050.000	0.513
5060.000	0.517
5070.000	0.518
5080.000	0.518
5090.000	0.516
5100.000	0.516
5110.000	0.514
5120.000	0.515
5130.000	0.516
5140.000	0.517
5150.000	0.517
5160.000	0.517
5170.000	0.519
5180.000	0.520
5190.000	0.521
5200.000	0.520
5210.000	0.520
5220.000	0.518
5230.000	0.517
5240.000	0.517
5250.000	0.518
5260.000	0.517
5270.000	0.518
5280.000	0.519
5290.000	0.519
5300.000	0.521
5310.000	0.522
5320.000	0.525
5330.000	0.525
5340.000	0.524
5350.000	0.524
5360.000	0.525
5370.000	0.527
5380.000	0.528
5390.000	0.528
5400.000	0.529
5410.000	0.529
5420.000	0.531
5430.000	0.533
5440.000	0.534
5450.000	0.537
5460.000	0.540
5470.000	0.538
5480.000	0.541
5490.000	0.541
5500.000	0.543
5510.000	0.544
5520.000	0.544
5530.000	0.541
5540.000	0.542
5550.000	0.543
5560.000	0.544
5570.000	0.543
5580.000	0.545
5590.000	0.548
5600.000	0.546
5610.000	0.543
5620.000	0.543
5630.000	0.545
5640.000	0.546
5650.000	0.548
5660.000	0.551
5670.000	0.553
5680.000	0.555
5690.000	0.554
5700.000	0.553
5710.000	0.556
5720.000	0.558
5730.000	0.560
5740.000	0.562
5750.000	0.564
5760.000	0.566
5770.000	0.567
5780.000	0.568
5790.000	0.569
5800.000	0.570
5810.000	0.574
5820.000	0.574
5830.000	0.574
5840.000	0.574
5850.000	0.574
5860.000	0.575
5870.000	0.576
5880.000	0.576
5890.000	0.575
5900.000	0.575
5910.000	0.574
5920.000	0.573
5930.000	0.571
5940.000	0.572
5950.000	0.571
5960.000	0.572
5970.000	0.573
5980.000	0.575
5990.000	0.576
6000.000	0.577
6010.000	0.577
6020.000	0.575
6030.000	0.577
6040.000	0.576
6050.000	0.577
6060.000	0.578
6070.000	0.580
6080.000	0.582
6090.000	0.583
6100.000	0.586
6110.000	0.585
6120.000	0.583
6130.000	0.585
6140.000	0.587
6150.000	0.587
6160.000	0.588
6170.000	0.587
6180.000	0.587
6190.000	0.589
6200.000	0.591
6210.000	0.590
6220.000	0.591
6230.000	0.594
6240.000	0.596
6250.000	0.594
6260.000	0.593
6270.000	0.594
6280.000	0.595
6290.000	0.592
6300.000	0.594
6310.000	0.595
6320.000	0.597
6330.000	0.599
6340.000	0.598
6350.000	0.599
6360.000	0.599
6370.000	0.599
6380.000	0.601
6390.000	0.602
6400.000	0.602
6410.000	0.602
6420.000	0.600
6430.000	0.601
6440.000	0.599
6450.000	0.601
6460.000	0.600
6470.000	0.601
6480.000	0.603
6490.000	0.607
6500.000	0.606
6510.000	0.608
6520.000	0.608
6530.000	0.607
6540.000	0.606
6550.000	0.608
6560.000	0.610
6570.000	0.610
6580.000	0.612
6590.000	0.612
6600.000	0.612
6610.000	0.616
6620.000	0.619
6630.000	0.620
6640.000	0.621
6650.000	0.623
6660.000	0.625
6670.000	0.625
6680.000	0.625
6690.000	0.626
6700.000	0.628
6710.000	0.628
6720.000	0.627
6730.000	0.626
6740.000	0.624
6750.000	0.624
6760.000	0.621
6770.000	0.624
6780.000	0.627
6790.000	0.629
6800.000	0.629
6810.000	0.628
6820.000	0.627
6830.000	0.625
6840.000	0.627
6850.000	0.626
6860.000	0.630
6870.000	0.632
6880.000	0.631
6890.000	0.635
6900.000	0.637
6910.000	0.640
6920.000	0.639
6930.000	0.640
6940.000	0.640
6950.000	0.640
6960.000	0.641
6970.000	0.642
6980.000	0.645
6990.000	0.646
7000.000	0.649
7010.000	0.651
7020.000	0.651
7030.000	0.651
7040.000	0.653
7050.000	0.655
7060.000	0.658
7070.000	0.661
7080.000	0.661
7090.000	0.660
7100.000	0.659
7110.000	0.655
7120.000	0.655
7130.000	0.656
7140.000	0.658
7150.000	0.655
7160.000	0.659
7170.000	0.658
7180.000	0.658
7190.000	0.658
7200.000	0.657
7210.000	0.657
7220.000	0.657
7230.000	0.658
7240.000	0.658
7250.000	0.657
7260.000	0.659
7270.000	0.663
7280.000	0.663
7290.000	0.666
7300.000	0.669
7310.000	0.669
7320.000	0.672
7330.000	0.671
7340.000	0.669
7350.000	0.669
7360.000	0.670
7370.000	0.670
7380.000	0.670
7390.000	0.671
7400.000	0.674
7410.000	0.675
7420.000	0.674
7430.000	0.672
7440.000	0.673
7450.000	0.672
7460.000	0.675
7470.000	0.675
7480.000	0.678
7490.000	0.680
7500.000	0.679
7510.000	0.680
7520.000	0.679
7530.000	0.677
7540.000	0.679
7550.000	0.679
7560.000	0.679
7570.000	0.682
7580.000	0.684
7590.000	0.687
7600.000	0.687
7610.000	0.686
7620.000	0.686
7630.000	0.686
7640.000	0.685
7650.000	0.687
7660.000	0.688
7670.000	0.688
7680.000	0.685
7690.000	0.686
7700.000	0.688
7710.000	0.689
7720.000	0.691
7730.000	0.692
7740.000	0.691
7750.000	0.693
7760.000	0.694
7770.000	0.695
7780.000	0.694
7790.000	0.695
7800.000	0.696
7810.000	0.696
7820.000	0.697
7830.000	0.699
7840.000	0.700
7850.000	0.700
7860.000	0.701
7870.000	0.700
7880.000	0.701
7890.000	0.704
7900.000	0.704
7910.000	0.702
7920.000	0.701
7930.000	0.704
7940.000	0.711
7950.000	0.713
7960.000	0.715
7970.000	0.712
7980.000	0.717
7990.000	0.717
8000.000	0.718
8010.000	0.719
8020.000	0.722
8030.000	0.723
8040.000	0.720
8050.000	0.713
8060.000	0.710
8070.000	0.709
8080.000	0.712
8090.000	0.715
8100.000	0.715
8110.000	0.714
8120.000	0.714
8130.000	0.720
8140.000	0.726
8150.000	0.731
8160.000	0.733
8170.000	0.733
8180.000	0.733
8190.000	0.735
8200.000	0.737
8210.000	0.740
8220.000	0.741
8230.000	0.742
8240.000	0.744
8250.000	0.745
8260.000	0.746
8270.000	0.745
8280.000	0.744
8290.000	0.743
8300.000	0.746
8310.000	0.749
8320.000	0.747
8330.000	0.748
8340.000	0.748
8350.000	0.742
8360.000	0.740
8370.000	0.741
8380.000	0.741
8390.000	0.740
8400.000	0.741
8410.000	0.743
8420.000	0.745
8430.000	0.745
8440.000	0.747
8450.000	0.749
8460.000	0.752
8470.000	0.753
8480.000	0.753
8490.000	0.753
8500.000	0.755
8510.000	0.757
8520.000	0.756
8530.000	0.756
8540.000	0.761
8550.000	0.762
8560.000	0.761
8570.000	0.760
8580.000	0.760
8590.000	0.758
8600.000	0.755
8610.000	0.756
8620.000	0.758
8630.000	0.758
8640.000	0.759
8650.000	0.757
8660.000	0.761
8670.000	0.762
8680.000	0.764
8690.000	0.764
8700.000	0.764
8710.000	0.764
8720.000	0.765
8730.000	0.766
8740.000	0.768
8750.000	0.768
8760.000	0.764
8770.000	0.768
8780.000	0.768
8790.000	0.768
8800.000	0.770
8810.000	0.771
8820.000	0.767
8830.000	0.766
8840.000	0.769
8850.000	0.770
8860.000	0.771
8870.000	0.774
8880.000	0.778
8890.000	0.778
8900.000	0.785
8910.000	0.786
8920.000	0.787
8930.000	0.790
8940.000	0.789
8950.000	0.791
8960.000	0.797
8970.000	0.799
8980.000	0.796
8990.000	0.791
9000.000	0.788
9010.000	0.789
9020.000	0.791
9030.000	0.790
9040.000	0.791
9050.000	0.794
9060.000	0.793
9070.000	0.795
9080.000	0.795
9090.000	0.793
9100.000	0.792
9110.000	0.794
9120.000	0.795
9130.000	0.795
9140.000	0.796
9150.000	0.798
9160.000	0.798
9170.000	0.801
9180.000	0.801
9190.000	0.801
9200.000	0.800
9210.000	0.800
9220.000	0.803
9230.000	0.803
9240.000	0.802
9250.000	0.803
9260.000	0.807
9270.000	0.807
9280.000	0.810
9290.000	0.812
9300.000	0.814
9310.000	0.813
9320.000	0.812
9330.000	0.814
9340.000	0.817
9350.000	0.822
9360.000	0.825
9370.000	0.825
9380.000	0.823
9390.000	0.822
9400.000	0.825
9410.000	0.828
9420.000	0.824
9430.000	0.825
9440.000	0.830
9450.000	0.830
9460.000	0.832
9470.000	0.834
9480.000	0.837
9490.000	0.841
9500.000	0.842
9510.000	0.840
9520.000	0.840
9530.000	0.841
9540.000	0.843
9550.000	0.841
9560.000	0.838
9570.000	0.835
9580.000	0.833
9590.000	0.836
9600.000	0.836
9610.000	0.838
9620.000	0.840
9630.000	0.844
9640.000	0.840
9650.000	0.839
9660.000	0.842
9670.000	0.839
9680.000	0.838
9690.000	0.842
9700.000	0.843
9710.000	0.844
9720.000	0.845
9730.000	0.849
9740.000	0.848
9750.000	0.845
9760.000	0.847
9770.000	0.850
9780.000	0.849
9790.000	0.850
9800.000	0.850
9810.000	0.857
9820.000	0.857
9830.000	0.856
9840.000	0.860
9850.000	0.869
9860.000	0.868
9870.000	0.870
9880.000	0.870
9890.000	0.870
9900.000	0.868
9910.000	0.869
9920.000	0.871
9930.000	0.873
9940.000	0.871
9950.000	0.870
9960.000	0.867
9970.000	0.871
9980.000	0.874
9990.000	0.875
10000.000	0.873
10010.000	0.877
10020.000	0.879
10030.000	0.878
10040.000	0.877
10050.000	0.878
10060.000	0.876
10070.000	0.879
10080.000	0.877
10090.000	0.885
10100.000	0.884
10110.000	0.886
10120.000	0.887
10130.000	0.887
10140.000	0.883
10150.000	0.879
10160.000	0.878
10170.000	0.879
10180.000	0.879
10190.000	0.881
10200.000	0.881
10210.000	0.881
10220.000	0.881
10230.000	0.883
10240.000	0.881
10250.000	0.883
10260.000	0.884
10270.000	0.886
10280.000	0.887
10290.000	0.883
10300.000	0.881
10310.000	0.883
10320.000	0.885
10330.000	0.890
10340.000	0.895
10350.000	0.891
10360.000	0.892
10370.000	0.893
10380.000	0.893
10390.000	0.890
10400.000	0.888
10410.000	0.890
10420.000	0.892
10430.000	0.890
10440.000	0.888
10450.000	0.885
10460.000	0.884
10470.000	0.885
10480.000	0.890
10490.000	0.897
10500.000	0.898
10510.000	0.895
10520.000	0.895
10530.000	0.900
10540.000	0.913
10550.000	0.916
10560.000	0.915
10570.000	0.916
10580.000	0.917
10590.000	0.922
10600.000	0.922
10610.000	0.926
10620.000	0.926
10630.000	0.931
10640.000	0.934
10650.000	0.934
10660.000	0.932
10670.000	0.933
10680.000	0.932
10690.000	0.932
10700.000	0.924
10710.000	0.921
10720.000	0.924
10730.000	0.925
10740.000	0.923
10750.000	0.922
10760.000	0.922
10770.000	0.923
10780.000	0.929
10790.000	0.933
10800.000	0.936
10810.000	0.933
10820.000	0.933
10830.000	0.927
10840.000	0.926
10850.000	0.925
10860.000	0.927
10870.000	0.928
10880.000	0.933
10890.000	0.935
10900.000	0.939
10910.000	0.944
10920.000	0.944
10930.000	0.942
10940.000	0.938
10950.000	0.939
10960.000	0.941
10970.000	0.937
10980.000	0.937
10990.000	0.939
11000.000	0.940
11010.000	0.942
11020.000	0.944
11030.000	0.943
11040.000	0.941
11050.000	0.936
11060.000	0.935
11070.000	0.934
11080.000	0.935
11090.000	0.938
11100.000	0.941
11110.000	0.946
11120.000	0.949
11130.000	0.945
11140.000	0.938
11150.000	0.937
11160.000	0.935
11170.000	0.932
11180.000	0.934
11190.000	0.936
11200.000	0.944
11210.000	0.941
11220.000	0.938
11230.000	0.937
11240.000	0.938
11250.000	0.940
11260.000	0.942
11270.000	0.945
11280.000	0.944
11290.000	0.943
11300.000	0.945
11310.000	0.945
11320.000	0.944
11330.000	0.950
11340.000	0.956
11350.000	0.960
11360.000	0.960
11370.000	0.958
11380.000	0.954
11390.000	0.956
11400.000	0.957
11410.000	0.953
11420.000	0.951
11430.000	0.957
11440.000	0.961
11450.000	0.960
11460.000	0.962
11470.000	0.963
11480.000	0.966
11490.000	0.966
11500.000	0.963
11510.000	0.968
11520.000	0.966
11530.000	0.965
11540.000	0.960
11550.000	0.957
11560.000	0.959
11570.000	0.959
11580.000	0.962
11590.000	0.966
11600.000	0.962
11610.000	0.962
11620.000	0.968
11630.000	0.969
11640.000	0.969
11650.000	0.974
11660.000	0.979
11670.000	0.980
11680.000	0.979
11690.000	0.989
11700.000	0.997
11710.000	1.001
11720.000	0.997
11730.000	0.995
11740.000	1.002
11750.000	1.005
11760.000	1.003
11770.000	0.998
11780.000	1.000
11790.000	1.004
11800.000	1.008
11810.000	1.008
11820.000	1.005
11830.000	1.001
11840.000	1.003
11850.000	1.004
11860.000	1.004
11870.000	1.004
11880.000	1.004
11890.000	1.003
11900.000	1.009
11910.000	1.011
11920.000	1.019
11930.000	1.023
11940.000	1.023
11950.000	1.025
11960.000	1.026
11970.000	1.024
11980.000	1.021
11990.000	1.022
12000.000	1.030
12010.000	1.031
12020.000	1.036
12030.000	1.039
12040.000	1.040
12050.000	1.042
12060.000	1.044
12070.000	1.042
12080.000	1.042
12090.000	1.043
12100.000	1.048
12110.000	1.050
12120.000	1.051
12130.000	1.054
12140.000	1.054
12150.000	1.056
12160.000	1.056
12170.000	1.056
12180.000	1.059
12190.000	1.057
12200.000	1.059
12210.000	1.061
12220.000	1.061
12230.000	1.060
12240.000	1.058
12250.000	1.059
12260.000	1.053
12270.000	1.052
12280.000	1.049
12290.000	1.048
12300.000	1.045
12310.000	1.044
12320.000	1.044
12330.000	1.048
12340.000	1.044
12350.000	1.047
12360.000	1.047
12370.000	1.050
12380.000	1.051
12390.000	1.052
12400.000	1.053
12410.000	1.059
12420.000	1.068
12430.000	1.067
12440.000	1.064
12450.000	1.065
12460.000	1.071
12470.000	1.072
12480.000	1.072
12490.000	1.071
12500.000	1.070
12510.000	1.072
12520.000	1.066
12530.000	1.062
12540.000	1.060
12550.000	1.060
12560.000	1.055
12570.000	1.056
12580.000	1.055
12590.000	1.062
12600.000	1.063
12610.000	1.065
12620.000	1.072
12630.000	1.083
12640.000	1.089
12650.000	1.097
12660.000	1.095
12670.000	1.096
12680.000	1.094
12690.000	1.096
12700.000	1.092
12710.000	1.089
12720.000	1.089
12730.000	1.094
12740.000	1.097
12750.000	1.097
12760.000	1.096
12770.000	1.098
12780.000	1.097
12790.000	1.098
12800.000	1.100
12810.000	1.106
12820.000	1.112
12830.000	1.114
12840.000	1.118
12850.000	1.123
12860.000	1.125
12870.000	1.126
12880.000	1.127
12890.000	1.127
12900.000	1.124
12910.000	1.118
12920.000	1.115
12930.000	1.124
12940.000	1.128
12950.000	1.128
12960.000	1.124
12970.000	1.125
12980.000	1.127
12990.000	1.126
13000.000	1.122
13010.000	1.128
13020.000	1.131
13030.000	1.130
13040.000	1.133
13050.000	1.143
13060.000	1.147
13070.000	1.146
13080.000	1.147
13090.000	1.147
13100.000	1.147
13110.000	1.152
13120.000	1.153
13130.000	1.157
13140.000	1.158
13150.000	1.165
13160.000	1.166
13170.000	1.168
13180.000	1.169
13190.000	1.166
13200.000	1.163
13210.000	1.166
13220.000	1.167
13230.000	1.166
13240.000	1.168
13250.000	1.159
13260.000	1.154
13270.000	1.155
13280.000	1.165
13290.000	1.165
13300.000	1.166
13310.000	1.165
13320.000	1.167
13330.000	1.168
13340.000	1.171
13350.000	1.169
13360.000	1.168
13370.000	1.171
13380.000	1.170
13390.000	1.163
13400.000	1.163
13410.000	1.166
13420.000	1.172
13430.000	1.166
13440.000	1.165
13450.000	1.168
13460.000	1.172
13470.000	1.172
13480.000	1.171
13490.000	1.169
13500.000	1.176
13510.000	1.182
13520.000	1.179
13530.000	1.180
13540.000	1.186
13550.000	1.189
13560.000	1.191
13570.000	1.192
13580.000	1.187
13590.000	1.190
13600.000	1.197
13610.000	1.200
13620.000	1.196
13630.000	1.202
13640.000	1.208
13650.000	1.207
13660.000	1.207
13670.000	1.213
13680.000	1.216
13690.000	1.214
13700.000	1.214
13710.000	1.216
13720.000	1.215
13730.000	1.217
13740.000	1.215
13750.000	1.216
13760.000	1.219
13770.000	1.224
13780.000	1.232
13790.000	1.235
13800.000	1.235
13810.000	1.232
13820.000	1.238
13830.000	1.244
13840.000	1.247
13850.000	1.243
13860.000	1.245
13870.000	1.244
13880.000	1.247
13890.000	1.243
13900.000	1.246
13910.000	1.247
13920.000	1.246
13930.000	1.248
13940.000	1.247
13950.000	1.252
13960.000	1.253
13970.000	1.258
13980.000	1.254
13990.000	1.254
14000.000	1.251
14010.000	1.249
14020.000	1.251
14030.000	1.251
14040.000	1.251
14050.000	1.251
14060.000	1.247
14070.000	1.242
14080.000	1.245
14090.000	1.241
14100.000	1.245
14110.000	1.252
14120.000	1.256
14130.000	1.254
14140.000	1.255
14150.000	1.253
14160.000	1.251
14170.000	1.253
14180.000	1.257
14190.000	1.248
14200.000	1.242
14210.000	1.252
14220.000	1.258
14230.000	1.258
14240.000	1.264
14250.000	1.269
14260.000	1.277
14270.000	1.281
14280.000	1.293
14290.000	1.292
14300.000	1.293
14310.000	1.296
14320.000	1.302
14330.000	1.303
14340.000	1.299
14350.000	1.298
14360.000	1.296
14370.000	1.302
14380.000	1.292
14390.000	1.283
14400.000	1.283
14410.000	1.279
14420.000	1.276
14430.000	1.275
14440.000	1.286
14450.000	1.292
14460.000	1.291
14470.000	1.292
14480.000	1.295
14490.000	1.297
14500.000	1.291
14510.000	1.278
14520.000	1.274
14530.000	1.272
14540.000	1.289
14550.000	1.297
14560.000	1.292
14570.000	1.291
14580.000	1.293
14590.000	1.293
14600.000	1.289
14610.000	1.281
14620.000	1.275
14630.000	1.279
14640.000	1.285
14650.000	1.280
14660.000	1.286
14670.000	1.290
14680.000	1.292
14690.000	1.300
14700.000	1.303
14710.000	1.294
14720.000	1.289
14730.000	1.287
14740.000	1.287
14750.000	1.290
14760.000	1.292
14770.000	1.291
14780.000	1.294
14790.000	1.292
14800.000	1.292
14810.000	1.283
14820.000	1.283
14830.000	1.284
14840.000	1.289
14850.000	1.291
14860.000	1.284
14870.000	1.282
14880.000	1.281
14890.000	1.288
14900.000	1.290
14910.000	1.287
14920.000	1.291
14930.000	1.297
14940.000	1.300
14950.000	1.301
14960.000	1.304
14970.000	1.297
14980.000	1.294
14990.000	1.298
15000.000	1.301
15010.000	1.292
15020.000	1.294
15030.000	1.299
15040.000	1.296
15050.000	1.298
15060.000	1.301
15070.000	1.307
15080.000	1.302
15090.000	1.300
15100.000	1.302
15110.000	1.306
15120.000	1.301
15130.000	1.297
15140.000	1.294
15150.000	1.303
15160.000	1.308
15170.000	1.309
15180.000	1.321
15190.000	1.317
15200.000	1.313
15210.000	1.310
15220.000	1.317
15230.000	1.322
15240.000	1.326
15250.000	1.321
15260.000	1.325
15270.000	1.328
15280.000	1.329
15290.000	1.327
15300.000	1.328
15310.000	1.330
15320.000	1.329
15330.000	1.327
15340.000	1.326
15350.000	1.323
15360.000	1.323
15370.000	1.325
15380.000	1.326
15390.000	1.324
15400.000	1.319
15410.000	1.321
15420.000	1.320
15430.000	1.323
15440.000	1.335
15450.000	1.338
15460.000	1.339
15470.000	1.340
15480.000	1.344
15490.000	1.346
15500.000	1.347
15510.000	1.350
15520.000	1.353
15530.000	1.345
15540.000	1.349
15550.000	1.355
15560.000	1.359
15570.000	1.358
15580.000	1.356
15590.000	1.354
15600.000	1.349
15610.000	1.346
15620.000	1.345
15630.000	1.343
15640.000	1.346
15650.000	1.348
15660.000	1.349
15670.000	1.351
15680.000	1.350
15690.000	1.346
15700.000	1.347
15710.000	1.346
15720.000	1.349
15730.000	1.347
15740.000	1.346
15750.000	1.353
15760.000	1.356
15770.000	1.344
15780.000	1.348
15790.000	1.345
15800.000	1.344
15810.000	1.346
15820.000	1.345
15830.000	1.345
15840.000	1.347
15850.000	1.347
15860.000	1.349
15870.000	1.350
15880.000	1.353
15890.000	1.358
15900.000	1.360
15910.000	1.357
15920.000	1.360
15930.000	1.361
15940.000	1.364
15950.000	1.370
15960.000	1.377
15970.000	1.376
15980.000	1.375
15990.000	1.376
16000.000	1.378
16010.000	1.385
16020.000	1.383
16030.000	1.378
16040.000	1.379
16050.000	1.369
16060.000	1.366
16070.000	1.359
16080.000	1.355
16090.000	1.355
16100.000	1.355
16110.000	1.362
16120.000	1.367
16130.000	1.388
16140.000	1.406
16150.000	1.416
16160.000	1.414
16170.000	1.415
16180.000	1.415
16190.000	1.422
16200.000	1.422
16210.000	1.417
16220.000	1.420
16230.000	1.426
16240.000	1.428
16250.000	1.432
16260.000	1.432
16270.000	1.438
16280.000	1.447
16290.000	1.450
16300.000	1.444
16310.000	1.437
16320.000	1.441
16330.000	1.449
16340.000	1.451
16350.000	1.444
16360.000	1.441
16370.000	1.439
16380.000	1.442
16390.000	1.440
16400.000	1.443
16410.000	1.452
16420.000	1.451
16430.000	1.447
16440.000	1.448
16450.000	1.449
16460.000	1.456
16470.000	1.461
16480.000	1.469
16490.000	1.469
16500.000	1.474
16510.000	1.476
16520.000	1.481
16530.000	1.479
16540.000	1.474
16550.000	1.469
16560.000	1.465
16570.000	1.464
16580.000	1.464
16590.000	1.464
16600.000	1.461
16610.000	1.466
16620.000	1.471
16630.000	1.478
16640.000	1.482
16650.000	1.486
16660.000	1.481
16670.000	1.474
16680.000	1.469
16690.000	1.471
16700.000	1.471
16710.000	1.471
16720.000	1.466
16730.000	1.459
16740.000	1.465
16750.000	1.471
16760.000	1.473
16770.000	1.466
16780.000	1.471
16790.000	1.479
16800.000	1.481
16810.000	1.483
16820.000	1.500
16830.000	1.515
16840.000	1.516
16850.000	1.512
16860.000	1.513
16870.000	1.522
16880.000	1.528
16890.000	1.522
16900.000	1.506
16910.000	1.493
16920.000	1.506
16930.000	1.516
16940.000	1.514
16950.000	1.508
16960.000	1.517
16970.000	1.517
16980.000	1.515
16990.000	1.512
17000.000	1.513
17010.000	1.515
17020.000	1.521
17030.000	1.526
17040.000	1.542
17050.000	1.549
17060.000	1.549
17070.000	1.547
17080.000	1.544
17090.000	1.533
17100.000	1.526
17110.000	1.523
17120.000	1.528
17130.000	1.533
17140.000	1.537
17150.000	1.537
17160.000	1.539
17170.000	1.533
17180.000	1.533
17190.000	1.534
17200.000	1.536
17210.000	1.537
17220.000	1.533
17230.000	1.531
17240.000	1.527
17250.000	1.518
17260.000	1.523
17270.000	1.527
17280.000	1.525
17290.000	1.521
17300.000	1.520
17310.000	1.523
17320.000	1.522
17330.000	1.518
17340.000	1.528
17350.000	1.531
17360.000	1.540
17370.000	1.546
17380.000	1.540
17390.000	1.535
17400.000	1.531
17410.000	1.519
17420.000	1.503
17430.000	1.503
17440.000	1.503
17450.000	1.503
17460.000	1.508
17470.000	1.513
17480.000	1.518
17490.000	1.517
17500.000	1.514
17510.000	1.507
17520.000	1.502
17530.000	1.496
17540.000	1.493
17550.000	1.496
17560.000	1.497
17570.000	1.496
17580.000	1.495
17590.000	1.504
17600.000	1.514
17610.000	1.528
17620.000	1.532
17630.000	1.535
17640.000	1.546
17650.000	1.555
17660.000	1.557
17670.000	1.556
17680.000	1.562
17690.000	1.559
17700.000	1.555
17710.000	1.543
17720.000	1.545
17730.000	1.543
17740.000	1.548
17750.000	1.551
17760.000	1.545
17770.000	1.540
17780.000	1.536
17790.000	1.533
17800.000	1.534
17810.000	1.535
17820.000	1.533
17830.000	1.527
17840.000	1.521
17850.000	1.519
17860.000	1.524
17870.000	1.512
17880.000	1.504
17890.000	1.504
17900.000	1.505
17910.000	1.505
17920.000	1.509
17930.000	1.514
17940.000	1.515
17950.000	1.524
17960.000	1.522
17970.000	1.524
17980.000	1.520
17990.000	1.520
18000.000	1.518
18010.000	1.520
18020.000	1.522
18030.000	1.525
18040.000	1.526
18050.000	1.528
18060.000	1.535
18070.000	1.538
18080.000	1.535
18090.000	1.524
18100.000	1.525
18110.000	1.523
18120.000	1.517
18130.000	1.521
18140.000	1.521
18150.000	1.520
18160.000	1.522
18170.000	1.518
18180.000	1.516
18190.000	1.513
18200.000	1.512
18210.000	1.513
18220.000	1.509
18230.000	1.498
18240.000	1.498
18250.000	1.503
18260.000	1.504
18270.000	1.494
18280.000	1.488
18290.000	1.488
18300.000	1.494
18310.000	1.489
18320.000	1.490
18330.000	1.484
18340.000	1.493
18350.000	1.501
18360.000	1.523
18370.000	1.533
18380.000	1.526
18390.000	1.532
18400.000	1.533
18410.000	1.534
18420.000	1.539
18430.000	1.536
18440.000	1.540
18450.000	1.531
18460.000	1.538
18470.000	1.538
18480.000	1.535
18490.000	1.534
18500.000	1.532
18510.000	1.532
18520.000	1.532
18530.000	1.535
18540.000	1.534
18550.000	1.542
18560.000	1.539
18570.000	1.528
18580.000	1.525
18590.000	1.527
18600.000	1.533
18610.000	1.529
18620.000	1.521
18630.000	1.506
18640.000	1.503
18650.000	1.506
18660.000	1.500
18670.000	1.508
18680.000	1.501
18690.000	1.495
18700.000	1.503
18710.000	1.511
18720.000	1.519
18730.000	1.516
18740.000	1.513
18750.000	1.516
18760.000	1.516
18770.000	1.517
18780.000	1.516
18790.000	1.519
18800.000	1.515
18810.000	1.510
18820.000	1.496
18830.000	1.491
18840.000	1.496
18850.000	1.493
18860.000	1.488
18870.000	1.487
18880.000	1.494
18890.000	1.509
18900.000	1.521
18910.000	1.524
18920.000	1.527
18930.000	1.533
18940.000	1.537
18950.000	1.538
18960.000	1.538
18970.000	1.532
18980.000	1.532
18990.000	1.543
19000.000	1.550
19010.000	1.559
19020.000	1.560
19030.000	1.564
19040.000	1.563
19050.000	1.558
19060.000	1.564
19070.000	1.567
19080.000	1.560
19090.000	1.561
19100.000	1.554
19110.000	1.544
19120.000	1.541
19130.000	1.543
19140.000	1.548
19150.000	1.560
19160.000	1.569
19170.000	1.575
19180.000	1.581
19190.000	1.586
19200.000	1.594
19210.000	1.593
19220.000	1.593
19230.000	1.594
19240.000	1.587
19250.000	1.582
19260.000	1.579
19270.000	1.571
19280.000	1.560
19290.000	1.553
19300.000	1.552
19310.000	1.548
19320.000	1.550
19330.000	1.546
19340.000	1.535
19350.000	1.541
19360.000	1.552
19370.000	1.560
19380.000	1.574
19390.000	1.576
19400.000	1.578
19410.000	1.579
19420.000	1.573
19430.000	1.568
19440.000	1.563
19450.000	1.567
19460.000	1.572
19470.000	1.570
19480.000	1.570
19490.000	1.562
19500.000	1.557
19510.000	1.561
19520.000	1.573
19530.000	1.584
19540.000	1.590
19550.000	1.578
19560.000	1.565
19570.000	1.568
19580.000	1.572
19590.000	1.572
19600.000	1.556
19610.000	1.547
19620.000	1.545
19630.000	1.552
19640.000	1.560
19650.000	1.559
19660.000	1.558
19670.000	1.558
19680.000	1.550
19690.000	1.543
19700.000	1.540
19710.000	1.537
19720.000	1.535
19730.000	1.534
19740.000	1.536
19750.000	1.529
19760.000	1.526
19770.000	1.529
19780.000	1.528
19790.000	1.515
19800.000	1.520
19810.000	1.521
19820.000	1.521
19830.000	1.522
19840.000	1.518
19850.000	1.527
19860.000	1.538
19870.000	1.538
19880.000	1.535
19890.000	1.532
19900.000	1.535
19910.000	1.538
19920.000	1.545
19930.000	1.543
19940.000	1.538
19950.000	1.541
19960.000	1.549
19970.000	1.550
19980.000	1.550
19990.000	1.549
20000.000	1.546
20010.000	1.548
20020.000	1.554
20030.000	1.562
20040.000	1.566
20050.000	1.574
20060.000	1.580
20070.000	1.575
20080.000	1.563
20090.000	1.561
20100.000	1.567
20110.000	1.570
20120.000	1.552
20130.000	1.541
20140.000	1.545
20150.000	1.546
20160.000	1.552
20170.000	1.552
20180.000	1.557
20190.000	1.556
20200.000	1.561
20210.000	1.553
20220.000	1.556
20230.000	1.558
20240.000	1.556
20250.000	1.538
20260.000	1.536
20270.000	1.538
20280.000	1.536
20290.000	1.536
20300.000	1.539
20310.000	1.554
20320.000	1.562
20330.000	1.568
20340.000	1.566
20350.000	1.569
20360.000	1.585
20370.000	1.589
20380.000	1.589
20390.000	1.583
20400.000	1.579
20410.000	1.575
20420.000	1.575
20430.000	1.571
20440.000	1.569
20450.000	1.568
20460.000	1.567
20470.000	1.568
20480.000	1.566
20490.000	1.564
20500.000	1.565
20510.000	1.572
20520.000	1.576
20530.000	1.571
20540.000	1.566
20550.000	1.567
20560.000	1.563
20570.000	1.562
20580.000	1.556
20590.000	1.554
20600.000	1.557
20610.000	1.557
20620.000	1.563
20630.000	1.567
20640.000	1.569
20650.000	1.574
20660.000	1.580
20670.000	1.584
20680.000	1.583
20690.000	1.585
20700.000	1.584
20710.000	1.584
20720.000	1.578
20730.000	1.573
20740.000	1.571
20750.000	1.571
20760.000	1.575
20770.000	1.573
20780.000	1.571
20790.000	1.571
20800.000	1.570
20810.000	1.572
20820.000	1.571
20830.000	1.575
20840.000	1.583
20850.000	1.586
20860.000	1.581
20870.000	1.578
20880.000	1.584
20890.000	1.587
20900.000	1.600
20910.000	1.582
20920.000	1.572
20930.000	1.570
20940.000	1.570
20950.000	1.572
20960.000	1.564
20970.000	1.561
20980.000	1.559
20990.000	1.558
21000.000	1.556
21010.000	1.561
21020.000	1.579
21030.000	1.588
21040.000	1.593
21050.000	1.599
21060.000	1.607
21070.000	1.615
21080.000	1.612
21090.000	1.602
21100.000	1.594
21110.000	1.602
21120.000	1.603
21130.000	1.603
21140.000	1.597
21150.000	1.596
21160.000	1.604
21170.000	1.604
21180.000	1.608
21190.000	1.615
21200.000	1.615
21210.000	1.618
21220.000	1.616
21230.000	1.613
21240.000	1.607
21250.000	1.609
21260.000	1.604
21270.000	1.605
21280.000	1.611
21290.000	1.615
21300.000	1.619
21310.000	1.625
21320.000	1.624
21330.000	1.609
21340.000	1.608
21350.000	1.607
21360.000	1.611
21370.000	1.606
21380.000	1.601
21390.000	1.600
21400.000	1.600
21410.000	1.602
21420.000	1.600
21430.000	1.599
21440.000	1.597
21450.000	1.593
21460.000	1.597
21470.000	1.598
21480.000	1.595
21490.000	1.596
21500.000	1.591
21510.000	1.586
21520.000	1.587
21530.000	1.586
21540.000	1.587
21550.000	1.592
21560.000	1.598
21570.000	1.599
21580.000	1.601
21590.000	1.592
21600.000	1.587
21610.000	1.591
21620.000	1.598
21630.000	1.601
21640.000	1.604
21650.000	1.601
21660.000	1.595
21670.000	1.597
21680.000	1.605
21690.000	1.607
21700.000	1.603
21710.000	1.601
21720.000	1.612
21730.000	1.613
21740.000	1.615
21750.000	1.620
21760.000	1.620
21770.000	1.616
21780.000	1.613
21790.000	1.618
21800.000	1.617
21810.000	1.616
21820.000	1.609
21830.000	1.611
21840.000	1.618
21850.000	1.619
21860.000	1.611
21870.000	1.607
21880.000	1.598
21890.000	1.599
21900.000	1.603
21910.000	1.608
21920.000	1.616
21930.000	1.616
21940.000	1.610
21950.000	1.602
21960.000	1.595
21970.000	1.596
21980.000	1.591
21990.000	1.601
22000.000	1.604
22010.000	1.606
22020.000	1.605
22030.000	1.599
22040.000	1.604
22050.000	1.603
22060.000	1.596
22070.000	1.588
22080.000	1.589
22090.000	1.595
22100.000	1.603
22110.000	1.613
22120.000	1.608
22130.000	1.607
22140.000	1.607
22150.000	1.618
22160.000	1.622
22170.000	1.616
22180.000	1.591
22190.000	1.589
22200.000	1.593
22210.000	1.600
22220.000	1.593
22230.000	1.593
22240.000	1.596
22250.000	1.590
22260.000	1.593
22270.000	1.600
22280.000	1.610
22290.000	1.616
22300.000	1.616
22310.000	1.620
22320.000	1.618
22330.000	1.627
22340.000	1.634
22350.000	1.637
22360.000	1.637
22370.000	1.632
22380.000	1.629
22390.000	1.622
22400.000	1.627
22410.000	1.630
22420.000	1.630
22430.000	1.622
22440.000	1.617
22450.000	1.612
22460.000	1.608
22470.000	1.608
22480.000	1.610
22490.000	1.612
22500.000	1.606
22510.000	1.603
22520.000	1.597
22530.000	1.591
22540.000	1.593
22550.000	1.591
22560.000	1.598
22570.000	1.597
22580.000	1.596
22590.000	1.600
22600.000	1.602
22610.000	1.603
22620.000	1.604
22630.000	1.596
22640.000	1.591
22650.000	1.588
22660.000	1.587
22670.000	1.589
22680.000	1.588
22690.000	1.590
22700.000	1.585
22710.000	1.581
22720.000	1.569
22730.000	1.565
22740.000	1.567
22750.000	1.560
22760.000	1.569
22770.000	1.572
22780.000	1.569
22790.000	1.571
22800.000	1.572
22810.000	1.570
22820.000	1.580
22830.000	1.587
22840.000	1.586
22850.000	1.597
22860.000	1.576
22870.000	1.561
22880.000	1.566
22890.000	1.568
22900.000	1.563
22910.000	1.562
22920.000	1.566
22930.000	1.571
22940.000	1.563
22950.000	1.559
22960.000	1.553
22970.000	1.556
22980.000	1.560
22990.000	1.552
23000.000	1.569
23010.000	1.583
23020.000	1.595
23030.000	1.598
23040.000	1.598
23050.000	1.593
23060.000	1.596
23070.000	1.595
23080.000	1.589
23090.000	1.576
23100.000	1.572
23110.000	1.569
23120.000	1.566
23130.000	1.565
23140.000	1.566
23150.000	1.564
23160.000	1.564
23170.000	1.567
23180.000	1.571
23190.000	1.579
23200.000	1.572
23210.000	1.569
23220.000	1.566
23230.000	1.570
23240.000	1.577
23250.000	1.579
23260.000	1.571
23270.000	1.569
23280.000	1.565
23290.000	1.577
23300.000	1.586
23310.000	1.582
23320.000	1.581
23330.000	1.588
23340.000	1.583
23350.000	1.588
23360.000	1.576
23370.000	1.571
23380.000	1.574
23390.000	1.604
23400.000	1.611
23410.000	1.616
23420.000	1.627
23430.000	1.632
23440.000	1.632
23450.000	1.642
23460.000	1.633
23470.000	1.643
23480.000	1.656
23490.000	1.659
23500.000	1.658
23510.000	1.662
23520.000	1.665
23530.000	1.649
23540.000	1.618
23550.000	1.624
23560.000	1.610
23570.000	1.594
23580.000	1.594
23590.000	1.603
23600.000	1.601
23610.000	1.596
23620.000	1.576
23630.000	1.549
23640.000	1.540
23650.000	1.536
23660.000	1.558
23670.000	1.566
23680.000	1.557
23690.000	1.556
23700.000	1.547
23710.000	1.541
23720.000	1.556
23730.000	1.555
23740.000	1.546
23750.000	1.523
23760.000	1.466
23770.000	1.470
23780.000	1.496
23790.000	1.509
23800.000	1.518
23810.000	1.517
23820.000	1.513
23830.000	1.511
23840.000	1.502
23850.000	1.507
23860.000	1.498
23870.000	1.494
23880.000	1.486
23890.000	1.513
23900.000	1.533
23910.000	1.542
23920.000	1.557
23930.000	1.585
23940.000	1.560
23950.000	1.534
23960.000	1.501
23970.000	1.484
23980.000	1.482
23990.000	1.480
24000.000	1.473
24010.000	1.465
24020.000	1.467
24030.000	1.473
24040.000	1.474
24050.000	1.475
24060.000	1.471
24070.000	1.465
24080.000	1.460
24090.000	1.457
24100.000	1.457
24110.000	1.448
24120.000	1.452
24130.000	1.444
24140.000	1.447
24150.000	1.435
24160.000	1.424
24170.000	1.428
24180.000	1.436
24190.000	1.436
24200.000	1.432
24210.000	1.427
24220.000	1.428
24230.000	1.442
24240.000	1.446
24250.000	1.432
24260.000	1.420
24270.000	1.410
24280.000	1.405
24290.000	1.409
24300.000	1.403
24310.000	1.400
24320.000	1.401
24330.000	1.435
24340.000	1.452
24350.000	1.455
24360.000	1.460
24370.000	1.469
24380.000	1.485
24390.000	1.490
24400.000	1.502
24410.000	1.496
24420.000	1.475
24430.000	1.485
24440.000	1.522
24450.000	1.543
24460.000	1.546
24470.000	1.562
24480.000	1.584
24490.000	1.616
24500.000	1.640
24510.000	1.656
24520.000	1.666
24530.000	1.664
24540.000	1.662
24550.000	1.665
24560.000	1.671
24570.000	1.684
24580.000	1.697
24590.000	1.710
24600.000	1.716
24610.000	1.713
24620.000	1.716
24630.000	1.718
24640.000	1.724
24650.000	1.729
24660.000	1.728
24670.000	1.733
24680.000	1.738
24690.000	1.735
24700.000	1.737
24710.000	1.734
24720.000	1.738
24730.000	1.733
24740.000	1.725
24750.000	1.706
24760.000	1.689
24770.000	1.684
24780.000	1.672
24790.000	1.670
24800.000	1.676
24810.000	1.682
24820.000	1.676
24830.000	1.661
24840.000	1.657
24850.000	1.645
24860.000	1.640
24870.000	1.630
24880.000	1.632
24890.000	1.630
24900.000	1.626
24910.000	1.630
24920.000	1.647
24930.000	1.649
24940.000	1.647
24950.000	1.650
24960.000	1.634
24970.000	1.613
24980.000	1.611
24990.000	1.586
25000.000	1.599
25010.000	1.599
25020.000	1.592
25030.000	1.592
25040.000	1.603
25050.000	1.611
25060.000	1.607
25070.000	1.586
25080.000	1.570
25090.000	1.569
25100.000	1.584
25110.000	1.591
25120.000	1.589
25130.000	1.591
25140.000	1.594
25150.000	1.592
25160.000	1.592
25170.000	1.593
25180.000	1.595
25190.000	1.590
25200.000	1.588
25210.000	1.589
25220.000	1.590
25230.000	1.589
25240.000	1.569
25250.000	1.572
25260.000	1.568
25270.000	1.580
25280.000	1.571
25290.000	1.558
25300.000	1.563
25310.000	1.565
25320.000	1.562
25330.000	1.568
25340.000	1.576
25350.000	1.582
25360.000	1.578
25370.000	1.581
25380.000	1.578
25390.000	1.578
25400.000	1.578
25410.000	1.577
25420.000	1.576
25430.000	1.572
25440.000	1.568
25450.000	1.573
25460.000	1.582
25470.000	1.584
25480.000	1.594
25490.000	1.605
25500.000	1.599
25510.000	1.593
25520.000	1.595
25530.000	1.561
25540.000	1.524
25550.000	1.495
25560.000	1.473
25570.000	1.469
25580.000	1.476
25590.000	1.483
25600.000	1.476
25610.000	1.481
25620.000	1.491
25630.000	1.505
25640.000	1.512
25650.000	1.542
25660.000	1.560
25670.000	1.564
25680.000	1.573
25690.000	1.597
25700.000	1.618
25710.000	1.630
25720.000	1.607
25730.000	1.573
25740.000	1.544
25750.000	1.531
25760.000	1.528
25770.000	1.524
25780.000	1.532
25790.000	1.533
25800.000	1.538
25810.000	1.569
25820.000	1.593
25830.000	1.612
25840.000	1.620
25850.000	1.629
25860.000	1.626
25870.000	1.624
25880.000	1.640
25890.000	1.655
25900.000	1.657
25910.000	1.652
25920.000	1.648
25930.000	1.644
25940.000	1.648
25950.000	1.652
25960.000	1.647
25970.000	1.642
25980.000	1.635
25990.000	1.617
26000.000	1.596
26010.000	1.588
26020.000	1.577
26030.000	1.584
26040.000	1.592
26050.000	1.585
26060.000	1.600
26070.000	1.632
26080.000	1.650
26090.000	1.650
26100.000	1.642
26110.000	1.636
26120.000	1.636
26130.000	1.624
26140.000	1.617
26150.000	1.614
26160.000	1.623
26170.000	1.625
26180.000	1.627
26190.000	1.640
26200.000	1.650
26210.000	1.652
26220.000	1.646
26230.000	1.643
26240.000	1.641
26250.000	1.654
26260.000	1.653
26270.000	1.654
26280.000	1.657
26290.000	1.655
26300.000	1.655
26310.000	1.646
26320.000	1.637
26330.000	1.634
26340.000	1.633
26350.000	1.627
26360.000	1.635
26370.000	1.650
26380.000	1.654
26390.000	1.650
26400.000	1.624
26410.000	1.631
26420.000	1.645
26430.000	1.668
26440.000	1.681
26450.000	1.686
26460.000	1.675
26470.000	1.673
26480.000	1.653
26490.000	1.645
26500.000	1.640
26510.000	1.640
26520.000	1.646
26530.000	1.639
26540.000	1.664
26550.000	1.666
26560.000	1.637
26570.000	1.643
26580.000	1.682
26590.000	1.684
26600.000	1.674
26610.000	1.666
26620.000	1.645
26630.000	1.633
26640.000	1.614
26650.000	1.609
26660.000	1.608
26670.000	1.602
26680.000	1.593
26690.000	1.584
26700.000	1.559
26710.000	1.541
26720.000	1.538
26730.000	1.535
26740.000	1.534
26750.000	1.540
26760.000	1.538
26770.000	1.541
26780.000	1.537
26790.000	1.543
26800.000	1.530
26810.000	1.517
26820.000	1.506
26830.000	1.514
26840.000	1.518
26850.000	1.529
26860.000	1.550
26870.000	1.539
26880.000	1.528
26890.000	1.522
26900.000	1.514
26910.000	1.512
26920.000	1.497
26930.000	1.487
26940.000	1.496
26950.000	1.485
26960.000	1.491
26970.000	1.500
26980.000	1.509
26990.000	1.523
27000.000	1.532
27010.000	1.528
27020.000	1.529
27030.000	1.529
27040.000	1.519
27050.000	1.526
27060.000	1.521
27070.000	1.513
27080.000	1.500
27090.000	1.522
27100.000	1.559
27110.000	1.574
27120.000	1.583
27130.000	1.565
27140.000	1.547
27150.000	1.535
27160.000	1.513
27170.000	1.502
27180.000	1.496
27190.000	1.494
27200.000	1.498
27210.000	1.493
27220.000	1.499
27230.000	1.512
27240.000	1.538
27250.000	1.550
27260.000	1.539
27270.000	1.544
27280.000	1.555
27290.000	1.564
27300.000	1.579
27310.000	1.594
27320.000	1.605
27330.000	1.609
27340.000	1.599
27350.000	1.593
27360.000	1.597
27370.000	1.586
27380.000	1.577
27390.000	1.573
27400.000	1.568
27410.000	1.566
27420.000	1.564
27430.000	1.557
27440.000	1.551
27450.000	1.573
27460.000	1.611
27470.000	1.617
27480.000	1.625
27490.000	1.627
27500.000	1.619
27510.000	1.608
27520.000	1.603
27530.000	1.602
27540.000	1.623
27550.000	1.622
27560.000	1.628
27570.000	1.618
27580.000	1.612
27590.000	1.613
27600.000	1.617
27610.000	1.632
27620.000	1.630
27630.000	1.617
27640.000	1.609
27650.000	1.608
27660.000	1.616
27670.000	1.621
27680.000	1.630
27690.000	1.623
27700.000	1.618
27710.000	1.611
27720.000	1.597
27730.000	1.590
27740.000	1.584
27750.000	1.587
27760.000	1.582
27770.000	1.577
27780.000	1.582
27790.000	1.582
27800.000	1.574
27810.000	1.570
27820.000	1.564
27830.000	1.572
27840.000	1.584
27850.000	1.583
27860.000	1.582
27870.000	1.583
27880.000	1.588
27890.000	1.600
27900.000	1.604
27910.000	1.594
27920.000	1.570
27930.000	1.580
27940.000	1.565
27950.000	1.557
27960.000	1.561
27970.000	1.561
27980.000	1.561
27990.000	1.551
28000.000	1.537
28010.000	1.543
28020.000	1.534
28030.000	1.525
28040.000	1.527
28050.000	1.517
28060.000	1.513
28070.000	1.510
28080.000	1.507
28090.000	1.514
28100.000	1.526
28110.000	1.538
28120.000	1.533
28130.000	1.520
28140.000	1.519
28150.000	1.512
28160.000	1.503
28170.000	1.499
28180.000	1.492
28190.000	1.494
28200.000	1.504
28210.000	1.511
28220.000	1.486
28230.000	1.490
28240.000	1.493
28250.000	1.514
28260.000	1.510
28270.000	1.535
28280.000	1.538
28290.000	1.546
28300.000	1.557
28310.000	1.556
28320.000	1.550
28330.000	1.555
28340.000	1.556
28350.000	1.558
28360.000	1.552
28370.000	1.550
28380.000	1.546
28390.000	1.544
28400.000	1.540
28410.000	1.539
28420.000	1.536
28430.000	1.535
28440.000	1.532
28450.000	1.533
28460.000	1.558
28470.000	1.583
28480.000	1.588
28490.000	1.585
28500.000	1.564
28510.000	1.556
28520.000	1.559
28530.000	1.587
28540.000	1.603
28550.000	1.603
28560.000	1.615
28570.000	1.617
28580.000	1.626
28590.000	1.623
28600.000	1.617
28610.000	1.619
28620.000	1.623
28630.000	1.621
28640.000	1.628
28650.000	1.630
28660.000	1.628
28670.000	1.652
28680.000	1.674
28690.000	1.686
28700.000	1.686
28710.000	1.695
28720.000	1.699
28730.000	1.697
28740.000	1.702
28750.000	1.705
28760.000	1.712
28770.000	1.711
28780.000	1.710
28790.000	1.717
28800.000	1.739
28810.000	1.744
28820.000	1.744
28830.000	1.731
28840.000	1.723
28850.000	1.727
28860.000	1.723
28870.000	1.722
28880.000	1.712
28890.000	1.712
28900.000	1.726
28910.000	1.727
28920.000	1.723
28930.000	1.705
28940.000	1.703
28950.000	1.703
28960.000	1.703
28970.000	1.703
28980.000	1.705
28990.000	1.707
29000.000	1.706
29010.000	1.707
29020.000	1.696
29030.000	1.685
29040.000	1.683
29050.000	1.674
29060.000	1.670
29070.000	1.672
29080.000	1.670
29090.000	1.666
29100.000	1.651
29110.000	1.639
29120.000	1.649
29130.000	1.650
29140.000	1.669
29150.000	1.690
29160.000	1.694
29170.000	1.701
29180.000	1.697
29190.000	1.676
29200.000	1.669
29210.000	1.683
29220.000	1.699
29230.000	1.716
29240.000	1.728
29250.000	1.729
29260.000	1.723
29270.000	1.725
29280.000	1.719
29290.000	1.699
29300.000	1.690
29310.000	1.689
29320.000	1.697
29330.000	1.705
29340.000	1.703
29350.000	1.714
29360.000	1.690
29370.000	1.692
29380.000	1.710
29390.000	1.707
29400.000	1.702
29410.000	1.678
29420.000	1.684
29430.000	1.687
29440.000	1.691
29450.000	1.692
29460.000	1.699
29470.000	1.702
29480.000	1.726
29490.000	1.734
29500.000	1.736
29510.000	1.718
29520.000	1.685
29530.000	1.676
29540.000	1.663
29550.000	1.647
29560.000	1.652
29570.000	1.654
29580.000	1.669
29590.000	1.680
29600.000	1.679
29610.000	1.663
29620.000	1.676
29630.000	1.674
29640.000	1.660
29650.000	1.653
29660.000	1.652
29670.000	1.658
29680.000	1.670
29690.000	1.688
29700.000	1.686
29710.000	1.684
29720.000	1.682
29730.000	1.678
29740.000	1.662
29750.000	1.643
29760.000	1.653
29770.000	1.642
29780.000	1.627
29790.000	1.644
29800.000	1.644
29810.000	1.638
29820.000	1.630
29830.000	1.637
29840.000	1.634
29850.000	1.639
29860.000	1.643
29870.000	1.627
29880.000	1.626
29890.000	1.596
29900.000	1.563
29910.000	1.545
29920.000	1.548
29930.000	1.543
29940.000	1.514
29950.000	1.508
29960.000	1.502
29970.000	1.498
29980.000	1.492
29990.000	1.485
30000.000	1.480
30010.000	1.498
30020.000	1.504
30030.000	1.482
30040.000	1.480
30050.000	1.477
30060.000	1.474
30070.000	1.455
30080.000	1.472
30090.000	1.494
30100.000	1.475
30110.000	1.444
30120.000	1.438
30130.000	1.473
30140.000	1.483
30150.000	1.478
30160.000	1.488
30170.000	1.493
30180.000	1.493
30190.000	1.501
30200.000	1.507
30210.000	1.507
30220.000	1.514
30230.000	1.503
30240.000	1.496
30250.000	1.493
30260.000	1.502
30270.000	1.505
30280.000	1.515
30290.000	1.509
30300.000	1.489
30310.000	1.438
30320.000	1.405
30330.000	1.378
30340.000	1.350
30350.000	1.339
30360.000	1.329
30370.000	1.317
30380.000	1.310
30390.000	1.312
30400.000	1.314
30410.000	1.329
30420.000	1.317
30430.000	1.310
30440.000	1.314
30450.000	1.339
30460.000	1.340
30470.000	1.300
30480.000	1.306
30490.000	1.325
30500.000	1.381
30510.000	1.429
30520.000	1.455
30530.000	1.454
30540.000	1.446
30550.000	1.439
30560.000	1.496
30570.000	1.526
30580.000	1.527
30590.000	1.523
30600.000	1.529
30610.000	1.538
30620.000	1.547
30630.000	1.551
30640.000	1.545
30650.000	1.549
30660.000	1.558
30670.000	1.579
30680.000	1.589
30690.000	1.594
30700.000	1.595
30710.000	1.593
30720.000	1.585
30730.000	1.595
30740.000	1.597
30750.000	1.600
30760.000	1.605
30770.000	1.602
30780.000	1.601
30790.000	1.593
30800.000	1.578
30810.000	1.571
30820.000	1.550
30830.000	1.532
30840.000	1.537
30850.000	1.554
30860.000	1.561
30870.000	1.560
30880.000	1.547
30890.000	1.544
30900.000	1.541
30910.000	1.541
30920.000	1.547
30930.000	1.552
30940.000	1.549
30950.000	1.545
30960.000	1.541
30970.000	1.542
30980.000	1.542
30990.000	1.541
31000.000	1.533
31010.000	1.544
31020.000	1.539
31030.000	1.537
31040.000	1.535
31050.000	1.527
31060.000	1.517
31070.000	1.508
31080.000	1.482
31090.000	1.462
31100.000	1.461
31110.000	1.456
31120.000	1.453
31130.000	1.463
31140.000	1.444
31150.000	1.424
31160.000	1.431
31170.000	1.426
31180.000	1.424
31190.000	1.431
31200.000	1.424
31210.000	1.401
31220.000	1.385
31230.000	1.384
31240.000	1.381
31250.000	1.371
31260.000	1.377
31270.000	1.378
31280.000	1.370
31290.000	1.356
31300.000	1.336
31310.000	1.320
31320.000	1.318
31330.000	1.323
31340.000	1.323
31350.000	1.318
31360.000	1.321
31370.000	1.312
31380.000	1.315
31390.000	1.320
31400.000	1.313
31410.000	1.299
31420.000	1.294
31430.000	1.299
31440.000	1.320
31450.000	1.321
31460.000	1.306
31470.000	1.293
31480.000	1.274
31490.000	1.262
31500.000	1.247
31510.000	1.232
31520.000	1.220
31530.000	1.224
31540.000	1.221
31550.000	1.221
31560.000	1.236
31570.000	1.240
31580.000	1.228
31590.000	1.206
31600.000	1.195
31610.000	1.195
31620.000	1.195
31630.000	1.191
31640.000	1.197
31650.000	1.204
31660.000	1.216
31670.000	1.219
31680.000	1.221
31690.000	1.226
31700.000	1.223
31710.000	1.219
31720.000	1.212
31730.000	1.204
31740.000	1.200
31750.000	1.195
31760.000	1.190
31770.000	1.201
31780.000	1.208
31790.000	1.221
31800.000	1.218
31810.000	1.207
31820.000	1.198
31830.000	1.214
31840.000	1.207
31850.000	1.217
31860.000	1.236
31870.000	1.240
31880.000	1.235
31890.000	1.228
31900.000	1.207
31910.000	1.212
31920.000	1.219
31930.000	1.237
31940.000	1.248
31950.000	1.244
31960.000	1.229
31970.000	1.229
31980.000	1.218
31990.000	1.189
32000.000	1.164
32010.000	1.162
32020.000	1.167
32030.000	1.167
32040.000	1.169
32050.000	1.157
32060.000	1.147
32070.000	1.148
32080.000	1.146
32090.000	1.149
32100.000	1.158
32110.000	1.154
32120.000	1.146
32130.000	1.140
32140.000	1.146
32150.000	1.144
32160.000	1.120
32170.000	1.109
32180.000	1.100
32190.000	1.094
32200.000	1.080
32210.000	1.038
32220.000	1.031
32230.000	1.004
32240.000	0.989
32250.000	0.988
32260.000	0.987
32270.000	0.983
32280.000	0.982
32290.000	0.976
32300.000	0.981
32310.000	1.018
32320.000	1.036
32330.000	1.074
32340.000	1.088
32350.000	1.090
32360.000	1.070
32370.000	1.070
32380.000	1.100
32390.000	1.108
32400.000	1.112
32410.000	1.117
32420.000	1.119
32430.000	1.119
32440.000	1.112
32450.000	1.111
32460.000	1.110
32470.000	1.107
32480.000	1.106
32490.000	1.103
32500.000	1.098
32510.000	1.093
32520.000	1.084
32530.000	1.083
32540.000	1.081
32550.000	1.079
32560.000	1.069
32570.000	1.068
32580.000	1.062
32590.000	1.061
32600.000	1.054
32610.000	1.058
32620.000	1.051
32630.000	1.035
32640.000	1.042
32650.000	1.039
32660.000	1.031
32670.000	1.030
32680.000	1.033
32690.000	1.034
32700.000	1.039
32710.000	1.035
32720.000	1.035
32730.000	1.040
32740.000	1.040
32750.000	1.045
32760.000	1.039
32770.000	1.038
32780.000	1.038
32790.000	1.037
32800.000	1.028
32810.000	1.026
32820.000	1.018
32830.000	1.013
32840.000	1.011
32850.000	1.006
32860.000	0.996
32870.000	0.980
32880.000	0.972
32890.000	0.968
32900.000	0.971
32910.000	0.975
32920.000	0.969
32930.000	0.957
32940.000	0.940
32950.000	0.932
32960.000	0.940
32970.000	0.947
32980.000	0.950
32990.000	0.951
33000.000	0.951
33010.000	0.947
33020.000	0.943
33030.000	0.942
33040.000	0.945
33050.000	0.945
33060.000	0.943
33070.000	0.936
33080.000	0.942
33090.000	0.949
33100.000	0.945
33110.000	0.947
33120.000	0.947
33130.000	0.947
33140.000	0.944
33150.000	0.935
33160.000	0.922
33170.000	0.925
33180.000	0.933
33190.000	0.914
33200.000	0.932
33210.000	0.933
33220.000	0.929
33230.000	0.922
33240.000	0.920
33250.000	0.908
33260.000	0.907
33270.000	0.929
33280.000	0.932
33290.000	0.921
33300.000	0.907
33310.000	0.909
33320.000	0.896
33330.000	0.877
33340.000	0.876
33350.000	0.884
33360.000	0.889
33370.000	0.879
33380.000	0.879
33390.000	0.874
33400.000	0.866
33410.000	0.858
33420.000	0.867
33430.000	0.874
33440.000	0.878
33450.000	0.863
33460.000	0.851
33470.000	0.856
33480.000	0.863
33490.000	0.865
33500.000	0.863
33510.000	0.850
33520.000	0.833
33530.000	0.815
33540.000	0.835
33550.000	0.833
33560.000	0.824
33570.000	0.820
33580.000	0.830
33590.000	0.833
33600.000	0.819
33610.000	0.811
33620.000	0.809
33630.000	0.804
33640.000	0.787
33650.000	0.767
33660.000	0.764
33670.000	0.753
33680.000	0.748
33690.000	0.738
33700.000	0.749
33710.000	0.749
33720.000	0.757
33730.000	0.748
33740.000	0.731
33750.000	0.714
33760.000	0.707
33770.000	0.711
33780.000	0.706
33790.000	0.719
33800.000	0.721
33810.000	0.724
33820.000	0.764
33830.000	0.761
33840.000	0.758
33850.000	0.731
33860.000	0.656
33870.000	0.643
33880.000	0.658
33890.000	0.713
33900.000	0.720
33910.000	0.723
33920.000	0.735
33930.000	0.753
33940.000	0.751
33950.000	0.728
33960.000	0.722
33970.000	0.734
33980.000	0.721
33990.000	0.714
34000.000	0.714
34010.000	0.722
34020.000	0.721
34030.000	0.715
34040.000	0.702
34050.000	0.695
34060.000	0.692
34070.000	0.690
34080.000	0.696
34090.000	0.699
34100.000	0.690
34110.000	0.683
34120.000	0.679
34130.000	0.671
34140.000	0.661
34150.000	0.653
34160.000	0.647
34170.000	0.659
34180.000	0.665
34190.000	0.656
34200.000	0.648
34210.000	0.644
34220.000	0.635
34230.000	0.627
34240.000	0.627
34250.000	0.632
34260.000	0.631
34270.000	0.633
34280.000	0.662
34290.000	0.660
34300.000	0.657
34310.000	0.659
34320.000	0.652
34330.000	0.638
34340.000	0.627
34350.000	0.599
34360.000	0.591
34370.000	0.589
34380.000	0.589
34390.000	0.590
34400.000	0.607
34410.000	0.620
34420.000	0.631
34430.000	0.638
34440.000	0.641
34450.000	0.638
34460.000	0.635
34470.000	0.622
34480.000	0.620
34490.000	0.616
34500.000	0.597
34510.000	0.586
34520.000	0.584
34530.000	0.576
34540.000	0.564
34550.000	0.550
34560.000	0.569
34570.000	0.576
34580.000	0.574
34590.000	0.571
34600.000	0.563
34610.000	0.566
34620.000	0.562
34630.000	0.563
34640.000	0.547
34650.000	0.537
34660.000	0.541
34670.000	0.536
34680.000	0.529
34690.000	0.525
34700.000	0.530
34710.000	0.535
34720.000	0.538
34730.000	0.533
34740.000	0.527
34750.000	0.533
34760.000	0.533
34770.000	0.530
34780.000	0.529
34790.000	0.528
34800.000	0.532
34810.000	0.534
34820.000	0.524
34830.000	0.518
34840.000	0.517
34850.000	0.511
34860.000	0.515
34870.000	0.517
34880.000	0.508
34890.000	0.499
34900.000	0.495
34910.000	0.496
34920.000	0.501
34930.000	0.505
34940.000	0.505
34950.000	0.510
34960.000	0.503
34970.000	0.502
34980.000	0.502
34990.000	0.488
35000.000	0.482
35010.000	0.475
35020.000	0.471
35030.000	0.471
35040.000	0.475
35050.000	0.476
35060.000	0.475
35070.000	0.471
35080.000	0.468
35090.000	0.465
35100.000	0.459
35110.000	0.459
35120.000	0.457
35130.000	0.457
35140.000	0.452
35150.000	0.449
35160.000	0.450
35170.000	0.451
35180.000	0.444
35190.000	0.458
35200.000	0.459
35210.000	0.448
35220.000	0.438
35230.000	0.427
35240.000	0.433
35250.000	0.434
35260.000	0.432
35270.000	0.441
35280.000	0.451
35290.000	0.449
35300.000	0.446
35310.000	0.443
35320.000	0.439
35330.000	0.438
35340.000	0.444
35350.000	0.442
35360.000	0.438
35370.000	0.430
35380.000	0.435
35390.000	0.437
35400.000	0.438
35410.000	0.436
35420.000	0.438
35430.000	0.436
35440.000	0.435
35450.000	0.430
35460.000	0.426
35470.000	0.427
35480.000	0.427
35490.000	0.426
35500.000	0.423
35510.000	0.428
35520.000	0.430
35530.000	0.436
35540.000	0.424
35550.000	0.421
35560.000	0.418
35570.000	0.413
35580.000	0.417
35590.000	0.417
35600.000	0.411
35610.000	0.407
35620.000	0.404
35630.000	0.402
35640.000	0.401
35650.000	0.397
35660.000	0.403
35670.000	0.405
35680.000	0.407
35690.000	0.404
35700.000	0.403
35710.000	0.402
35720.000	0.398
35730.000	0.395
35740.000	0.393
35750.000	0.390
35760.000	0.392
35770.000	0.392
35780.000	0.385
35790.000	0.381
35800.000	0.381
35810.000	0.376
35820.000	0.367
35830.000	0.370
35840.000	0.376
35850.000	0.377
35860.000	0.372
35870.000	0.371
35880.000	0.371
35890.000	0.371
35900.000	0.371
35910.000	0.370
35920.000	0.367
35930.000	0.363
35940.000	0.361
35950.000	0.362
35960.000	0.363
35970.000	0.361
35980.000	0.359
35990.000	0.358
36000.000	0.355
36010.000	0.350
36020.000	0.343
36030.000	0.336
36040.000	0.335
36050.000	0.332
36060.000	0.336
36070.000	0.340
36080.000	0.333
36090.000	0.327
36100.000	0.317
36110.000	0.313
36120.000	0.311
36130.000	0.309
36140.000	0.307
36150.000	0.306
36160.000	0.307
36170.000	0.312
36180.000	0.309
36190.000	0.308
36200.000	0.308
36210.000	0.302
36220.000	0.305
36230.000	0.305
36240.000	0.299
36250.000	0.297
36260.000	0.298
36270.000	0.300
36280.000	0.294
36290.000	0.289
36300.000	0.289
36310.000	0.286
36320.000	0.286
36330.000	0.286
36340.000	0.284
36350.000	0.288
36360.000	0.284
36370.000	0.285
36380.000	0.288
36390.000	0.279
36400.000	0.277
36410.000	0.275
36420.000	0.272
36430.000	0.268
36440.000	0.270
36450.000	0.272
36460.000	0.272
36470.000	0.270
36480.000	0.271
36490.000	0.268
36500.000	0.269
36510.000	0.268
36520.000	0.264
36530.000	0.266
36540.000	0.264
36550.000	0.261
36560.000	0.259
36570.000	0.257
36580.000	0.255
36590.000	0.252
36600.000	0.252
36610.000	0.251
36620.000	0.252
36630.000	0.252
36640.000	0.251
36650.000	0.251
36660.000	0.249
36670.000	0.248
36680.000	0.249
36690.000	0.246
36700.000	0.244
36710.000	0.239
36720.000	0.238
36730.000	0.239
36740.000	0.235
36750.000	0.237
36760.000	0.239
36770.000	0.242
36780.000	0.241
36790.000	0.241
36800.000	0.235
36810.000	0.232
36820.000	0.231
36830.000	0.227
36840.000	0.221
36850.000	0.219
36860.000	0.216
36870.000	0.216
36880.000	0.215
36890.000	0.214
36900.000	0.210
36910.000	0.209
36920.000	0.208
36930.000	0.207
36940.000	0.206
36950.000	0.204
36960.000	0.204
36970.000	0.205
36980.000	0.204
36990.000	0.202
37000.000	0.200
37010.000	0.195
37020.000	0.194
37030.000	0.195
37040.000	0.194
37050.000	0.194
37060.000	0.193
37070.000	0.192
37080.000	0.190
37090.000	0.189
37100.000	0.187
37110.000	0.187
37120.000	0.185
37130.000	0.182
37140.000	0.182
37150.000	0.180
37160.000	0.180
37170.000	0.179
37180.000	0.178
37190.000	0.178
37200.000	0.177
37210.000	0.175
37220.000	0.175
37230.000	0.173
37240.000	0.172
37250.000	0.170
37260.000	0.169
37270.000	0.169
37280.000	0.167
37290.000	0.162
37300.000	0.162
37310.000	0.162
37320.000	0.161
37330.000	0.162
37340.000	0.157
37350.000	0.154
37360.000	0.149
37370.000	0.146
37380.000	0.145
37390.000	0.144
37400.000	0.143
37410.000	0.143
37420.000	0.141
37430.000	0.140
37440.000	0.140
37450.000	0.141
37460.000	0.142
37470.000	0.139
37480.000	0.137
37490.000	0.135
37500.000	0.135
37510.000	0.134
37520.000	0.133
37530.000	0.132
37540.000	0.132
37550.000	0.130
37560.000	0.130
37570.000	0.130
37580.000	0.131
37590.000	0.130
37600.000	0.128
37610.000	0.127
37620.000	0.125
37630.000	0.125
37640.000	0.124
37650.000	0.123
37660.000	0.122
37670.000	0.121
37680.000	0.119
37690.000	0.119
37700.000	0.114
37710.000	0.113
37720.000	0.114
37730.000	0.111
37740.000	0.110
37750.000	0.110
37760.000	0.109
37770.000	0.108
37780.000	0.107
37790.000	0.107
37800.000	0.106
37810.000	0.105
37820.000	0.104
37830.000	0.105
37840.000	0.104
37850.000	0.103
37860.000	0.103
37870.000	0.103
37880.000	0.105
37890.000	0.104
37900.000	0.104
37910.000	0.103
37920.000	0.100
37930.000	0.098
37940.000	0.097
37950.000	0.097
37960.000	0.095
37970.000	0.094
37980.000	0.095
37990.000	0.097
38000.000	0.099
38010.000	0.099
38020.000	0.097
38030.000	0.096
38040.000	0.095
38050.000	0.095
38060.000	0.095
38070.000	0.095
38080.000	0.095
38090.000	0.094
38100.000	0.093
38110.000	0.092
38120.000	0.092
38130.000	0.092
38140.000	0.092
38150.000	0.092
38160.000	0.092
38170.000	0.092
38180.000	0.091
38190.000	0.090
38200.000	0.089
38210.000	0.088
38220.000	0.088
38230.000	0.087
38240.000	0.086
38250.000	0.086
38260.000	0.085
38270.000	0.084
38280.000	0.084
38290.000	0.083
38300.000	0.083
38310.000	0.082
38320.000	0.082
38330.000	0.082
38340.000	0.082
38350.000	0.082
38360.000	0.081
38370.000	0.080
38380.000	0.079
38390.000	0.079
38400.000	0.079
38410.000	0.078
38420.000	0.079
38430.000	0.078
38440.000	0.078
38450.000	0.078
38460.000	0.078
38470.000	0.077
38480.000	0.077
38490.000	0.084
38500.000	0.089
38510.000	0.090
38520.000	0.090
38530.000	0.090
38540.000	0.088
38550.000	0.087
38560.000	0.087
38570.000	0.087
38580.000	0.086
38590.000	0.083
38600.000	0.081
38610.000	0.079
38620.000	0.077
38630.000	0.077
38640.000	0.074
38650.000	0.074
38660.000	0.074
38670.000	0.074
38680.000	0.074
38690.000	0.073
38700.000	0.071
38710.000	0.071
38720.000	0.070
38730.000	0.071
38740.000	0.070
38750.000	0.070
38760.000	0.068
38770.000	0.067
38780.000	0.067
38790.000	0.066
38800.000	0.065
38810.000	0.062
38820.000	0.061
38830.000	0.061
38840.000	0.059
38850.000	0.060
38860.000	0.059
38870.000	0.060
38880.000	0.060
38890.000	0.061
38900.000	0.060
38910.000	0.059
38920.000	0.059
38930.000	0.059
38940.000	0.058
38950.000	0.057
38960.000	0.058
38970.000	0.058
38980.000	0.057
38990.000	0.056
39000.000	0.055
39010.000	0.055
39020.000	0.054
39030.000	0.055
39040.000	0.055
39050.000	0.055
39060.000	0.055
39070.000	0.053
39080.000	0.051
39090.000	0.054
39100.000	0.055
39110.000	0.055
39120.000	0.054
39130.000	0.053
39140.000	0.053
39150.000	0.054
39160.000	0.055
39170.000	0.054
39180.000	0.052
39190.000	0.049
39200.000	0.047
39210.000	0.045
39220.000	0.042
39230.000	0.039
39240.000	0.038
39250.000	0.037
39260.000	0.038
39270.000	0.038
39280.000	0.037
39290.000	0.040
39300.000	0.042
39310.000	0.041
39320.000	0.041
39330.000	0.040
39340.000	0.039
39350.000	0.039
39360.000	0.039
39370.000	0.040
39380.000	0.039
39390.000	0.038
39400.000	0.038
39410.000	0.038
39420.000	0.038
39430.000	0.039
39440.000	0.038
39450.000	0.039
39460.000	0.038
39470.000	0.037
39480.000	0.038
39490.000	0.038
39500.000	0.037
39510.000	0.038
39520.000	0.038
39530.000	0.037
39540.000	0.037
39550.000	0.038
39560.000	0.037
39570.000	0.037
39580.000	0.037
39590.000	0.037
39600.000	0.038
39610.000	0.037
39620.000	0.036
39630.000	0.035
39640.000	0.033
39650.000	0.032
39660.000	0.033
39670.000	0.033
39680.000	0.032
39690.000	0.033
39700.000	0.033
39710.000	0.033
39720.000	0.033
39730.000	0.032
39740.000	0.032
39750.000	0.032
39760.000	0.031
39770.000	0.031
39780.000	0.030
39790.000	0.031
39800.000	0.032
39810.000	0.033
39820.000	0.032
39830.000	0.032
39840.000	0.032
39850.000	0.032
39860.000	0.032
39870.000	0.032
39880.000	0.031
39890.000	0.032
39900.000	0.031
39910.000	0.031
39920.000	0.031
39930.000	0.033
39940.000	0.033
39950.000	0.034
39960.000	0.033
39970.000	0.034
39980.000	0.034
39990.000	0.034
40000.000	0.034
40010.000	0.032
40020.000	0.032
40030.000	0.033
40040.000	0.033
40050.000	0.033
40060.000	0.032
40070.000	0.032
40080.000	0.032
40090.000	0.031
40100.000	0.031
40110.000	0.031
40120.000	0.029
40130.000	0.029
40140.000	0.030
40150.000	0.030
40160.000	0.031
40170.000	0.031
40180.000	0.032
40190.000	0.031
40200.000	0.031
40210.000	0.030
40220.000	0.030
40230.000	0.029
40240.000	0.029
40250.000	0.030
40260.000	0.030
40270.000	0.030
40280.000	0.030
40290.000	0.029
40300.000	0.029
40310.000	0.028
40320.000	0.028
40330.000	0.028
40340.000	0.028
40350.000	0.028
40360.000	0.028
40370.000	0.027
40380.000	0.027
40390.000	0.026
40400.000	0.026
40410.000	0.027
40420.000	0.026
40430.000	0.026
40440.000	0.025
40450.000	0.024
40460.000	0.024
40470.000	0.024
40480.000	0.024
40490.000	0.024
40500.000	0.023
40510.000	0.024
40520.000	0.023
40530.000	0.023
40540.000	0.022
40550.000	0.022
40560.000	0.023
40570.000	0.023
40580.000	0.024
40590.000	0.024
40600.000	0.023
40610.000	0.023
40620.000	0.023
40630.000	0.024
40640.000	0.023
40650.000	0.024
40660.000	0.023
40670.000	0.023
40680.000	0.023
40690.000	0.022
40700.000	0.022
40710.000	0.020
40720.000	0.019
40730.000	0.019
40740.000	0.019
40750.000	0.019
40760.000	0.019
40770.000	0.019
40780.000	0.018
40790.000	0.018
40800.000	0.018
40810.000	0.017
40820.000	0.017
40830.000	0.017
40840.000	0.017
40850.000	0.018
40860.000	0.017
40870.000	0.017
40880.000	0.016
40890.000	0.016
40900.000	0.017
40910.000	0.016
40920.000	0.015
40930.000	0.015
40940.000	0.015
40950.000	0.015
40960.000	0.015
40970.000	0.016
40980.000	0.016
40990.000	0.016
41000.000	0.015
41010.000	0.014
41020.000	0.014
41030.000	0.014
41040.000	0.014
41050.000	0.014
41060.000	0.014
41070.000	0.014
41080.000	0.013
41090.000	0.013
41100.000	0.012
41110.000	0.012
41120.000	0.012
41130.000	0.013
41140.000	0.013
41150.000	0.012
41160.000	0.013
41170.000	0.013
41180.000	0.012
41190.000	0.012
41200.000	0.013
41210.000	0.013
41220.000	0.012
41230.000	0.012
41240.000	0.012
41250.000	0.013
41260.000	0.012
41270.000	0.012
41280.000	0.012
41290.000	0.012
41300.000	0.012
41310.000	0.012
41320.000	0.012
41330.000	0.012
41340.000	0.012
41350.000	0.011
41360.000	0.010
41370.000	0.012
41380.000	0.010
41390.000	0.010
41400.000	0.011
41410.000	0.011
41420.000	0.011
41430.000	0.011
41440.000	0.010
41450.000	0.009
41460.000	0.009
41470.000	0.008
41480.000	0.008
41490.000	0.008
41500.000	0.008
41510.000	0.008
41520.000	0.008
41530.000	0.008
41540.000	0.008
41550.000	0.008
41560.000	0.008
41570.000	0.007
41580.000	0.008
41590.000	0.007
41600.000	0.008
41610.000	0.008
41620.000	0.007
41630.000	0.007
41640.000	0.007
41650.000	0.007
41660.000	0.007
41670.000	0.007
41680.000	0.007
41690.000	0.007
41700.000	0.007
41710.000	0.007
41720.000	0.007
41730.000	0.007
41740.000	0.007
41750.000	0.007
41760.000	0.007
41770.000	0.007
41780.000	0.007
41790.000	0.007
41800.000	0.007
41810.000	0.007
41820.000	0.006
41830.000	0.006
41840.000	0.006
41850.000	0.006
41860.000	0.006
41870.000	0.006
41880.000	0.005
41890.000	0.005
41900.000	0.006
41910.000	0.006
41920.000	0.006
41930.000	0.006
41940.000	0.005
41950.000	0.005
41960.000	0.005
41970.000	0.005
41980.000	0.005
41990.000	0.006
42000.000	0.005
42010.000	0.005
42020.000	0.005
42030.000	0.006
42040.000	0.005
42050.000	0.004
42060.000	0.004
42070.000	0.004
42080.000	0.003
42090.000	0.003
42100.000	0.003
42110.000	0.003
42120.000	0.003
42130.000	0.003
42140.000	0.003
42150.000	0.003
42160.000	0.003
42170.000	0.003
42180.000	0.003
42190.000	0.003
42200.000	0.003
42210.000	0.003
42220.000	0.003
42230.000	0.003
42240.000	0.002
42250.000	0.003
42260.000	0.003
42270.000	0.001
42280.000	0.002
42290.000	0.002
42300.000	0.002
42310.000	0.002
42320.000	0.001
42330.000	0.002
42340.000	0.001
42350.000	0.002
42360.000	0.001
42370.000	0.001
42380.000	0.002
42390.000	0.002
42400.000	0.001
42410.000	0.001
42420.000	0.001
42430.000	0.001
42440.000	0.000
42450.000	0.000
42460.000	0.000
42470.000	0.001
42480.000	0.001
42490.000	0.001
42500.000	0.000
42510.000	0.001
42520.000	0.000
42530.000	0.000
42540.000	0.000
42550.000	0.000
42560.000	0.000
42570.000	0.000
42580.000	0.000
42590.000	0.000
42600.000	-0.000
42610.000	0.000
42620.000	-0.000
42630.000	0.000
42640.000	-0.001
42650.000	0.000
42660.000	-0.000
42670.000	-0.001
42680.000	0.000
42690.000	-0.001
42700.000	-0.000
42710.000	-0.000
42720.000	-0.000
42730.000	0.000
42740.000	-0.000
42750.000	-0.000
42760.000	0.000
42770.000	-0.000
42780.000	-0.000
42790.000	0.000
42800.000	0.000
42810.000	0.000
42820.000	-0.000
42830.000	0.000
42840.000	-0.000
42850.000	-0.000
42860.000	-0.000
42870.000	-0.000
42880.000	-0.000
42890.000	-0.001
42900.000	0.000
42910.000	-0.001
42920.000	-0.000
42930.000	-0.000
42940.000	-0.000
42950.000	-0.001
42960.000	0.000
42970.000	0.000
42980.000	-0.000
42990.000	-0.000
43000.000	-0.000
43010.000	-0.000
43020.000	-0.000
43030.000	-0.000
43040.000	-0.000
43050.000	-0.000
43060.000	-0.000
43070.000	-0.000
43080.000	0.000
43090.000	-0.000
43100.000	-0.000
43110.000	-0.000
43120.000	-0.000
43130.000	-0.001
43140.000	-0.000
43150.000	-0.001
43160.000	-0.001
43170.000	-0.001
43180.000	-0.001
43190.000	-0.001
43200.000	-0.000
43210.000	-0.001
43220.000	-0.001
43230.000	-0.001
43240.000	-0.001
43250.000	-0.000
43260.000	-0.001
43270.000	-0.001
43280.000	-0.001
43290.000	-0.001
43300.000	-0.001
43310.000	-0.001
43320.000	-0.001
43330.000	-0.001
43340.000	-0.001
43350.000	-0.001
43360.000	-0.001
43370.000	-0.001
43380.000	-0.001
43390.000	-0.001
43400.000	-0.001
43410.000	-0.001
43420.000	-0.001
43430.000	-0.001
43440.000	-0.001
43450.000	-0.002
43460.000	-0.002
43470.000	-0.001
43480.000	-0.001
43490.000	-0.001
43500.000	-0.001
43510.000	-0.001
43520.000	-0.001
43530.000	-0.001
43540.000	-0.001
43550.000	-0.001
43560.000	-0.001
43570.000	-0.002
43580.000	-0.001
43590.000	-0.001
43600.000	-0.001
43610.000	-0.001
43620.000	-0.002
43630.000	-0.002
43640.000	-0.002
43650.000	-0.002
43660.000	-0.001
43670.000	-0.002
43680.000	-0.002
43690.000	-0.002
43700.000	-0.002
43710.000	-0.002
43720.000	-0.002
43730.000	-0.002
43740.000	-0.002
43750.000	-0.002
43760.000	-0.002
43770.000	-0.002
43780.000	-0.002
43790.000	-0.002
43800.000	-0.002
43810.000	-0.002
43820.000	-0.002
43830.000	-0.002
43840.000	-0.003
43850.000	-0.002
43860.000	-0.002
43870.000	-0.002
43880.000	-0.002
43890.000	-0.002
43900.000	-0.002
43910.000	-0.002
43920.000	-0.002
43930.000	-0.002
43940.000	-0.002
43950.000	-0.002
43960.000	-0.002
43970.000	-0.002
43980.000	-0.002
43990.000	-0.002
44000.000	-0.002
44010.000	-0.002
44020.000	-0.002
44030.000	-0.003
44040.000	-0.003
44050.000	-0.002
44060.000	-0.002
44070.000	-0.002
44080.000	-0.002
44090.000	-0.003
44100.000	-0.002
44110.000	-0.002
44120.000	-0.002
44130.000	-0.003
44140.000	-0.002
44150.000	-0.002
44160.000	-0.003
44170.000	-0.003
44180.000	-0.002
44190.000	-0.002
44200.000	-0.003
44210.000	-0.003
44220.000	-0.002
44230.000	-0.002
44240.000	-0.003
44250.000	-0.003
44260.000	-0.003
44270.000	-0.002
44280.000	-0.002
44290.000	-0.003
44300.000	-0.003
44310.000	-0.003
44320.000	-0.003
44330.000	-0.003
44340.000	-0.003
44350.000	-0.003
44360.000	-0.003
44370.000	-0.003
44380.000	-0.002
44390.000	-0.002
44400.000	-0.002
44410.000	-0.002
44420.000	-0.002
44430.000	-0.002
44440.000	-0.002
44450.000	-0.002
44460.000	-0.002
44470.000	-0.003
44480.000	-0.003
44490.000	-0.003
44500.000	-0.002
44510.000	-0.003
44520.000	-0.003
44530.000	-0.003
44540.000	-0.003
44550.000	-0.003
44560.000	-0.003
44570.000	-0.002
44580.000	-0.003
44590.000	-0.003
44600.000	-0.003
44610.000	-0.003
44620.000	-0.003
44630.000	-0.002
44640.000	-0.003
44650.000	-0.002
44660.000	-0.002
44670.000	-0.002
44680.000	-0.003
44690.000	-0.003
44700.000	-0.003
44710.000	-0.002
44720.000	-0.003
44730.000	-0.003
44740.000	-0.003
44750.000	-0.002
44760.000	-0.003
44770.000	-0.003
44780.000	-0.003
44790.000	-0.002
44800.000	-0.003
44810.000	-0.003
44820.000	-0.002
44830.000	-0.003
44840.000	-0.003
44850.000	-0.003
44860.000	-0.003
44870.000	-0.003
44880.000	-0.003
44890.000	-0.003
44900.000	-0.003
44910.000	-0.003
44920.000	-0.003
44930.000	-0.003
44940.000	-0.003
44950.000	-0.003
44960.000	-0.003
44970.000	-0.003
44980.000	-0.002
44990.000	-0.003
45000.000	-0.002
45010.000	-0.003
45020.000	-0.003
45030.000	-0.003
45040.000	-0.003
45050.000	-0.003
45060.000	-0.003
45070.000	-0.003
45080.000	-0.003
45090.000	-0.003
45100.000	-0.003
45110.000	-0.003
45120.000	-0.003
45130.000	-0.003
45140.000	-0.003
45150.000	-0.003
45160.000	-0.002
45170.000	-0.003
45180.000	-0.003
45190.000	-0.003
45200.000	-0.003
45210.000	-0.003
45220.000	-0.003
45230.000	-0.003
45240.000	-0.003
45250.000	-0.003
45260.000	-0.003
45270.000	-0.003
45280.000	-0.003
45290.000	-0.003
45300.000	-0.003
45310.000	-0.003
45320.000	-0.003
45330.000	-0.003
45340.000	-0.003
45350.000	-0.003
45360.000	-0.003
45370.000	-0.003
45380.000	-0.003
45390.000	-0.003
45400.000	-0.003
45410.000	-0.003
45420.000	-0.003
45430.000	-0.003
45440.000	-0.003
45450.000	-0.003
45460.000	-0.003
45470.000	-0.003
45480.000	-0.003
45490.000	-0.003
45500.000	-0.003
45510.000	-0.003
45520.000	-0.003
45530.000	-0.003
45540.000	-0.003
45550.000	-0.003
45560.000	-0.003
45570.000	-0.003
45580.000	-0.003
45590.000	-0.003
45600.000	-0.003
45610.000	-0.002
45620.000	-0.003
45630.000	-0.003
45640.000	-0.003
45650.000	-0.003
45660.000	-0.003
45670.000	-0.003
45680.000	-0.003
45690.000	-0.003
45700.000	-0.003
45710.000	-0.003
45720.000	-0.003
45730.000	-0.003
45740.000	-0.003
45750.000	-0.003
45760.000	-0.003
45770.000	-0.003
45780.000	-0.003
45790.000	-0.003
45800.000	-0.003
45810.000	-0.003
45820.000	-0.003
45830.000	-0.003
45840.000	-0.003
45850.000	-0.004
45860.000	-0.003
45870.000	-0.003
45880.000	-0.003
45890.000	-0.003
45900.000	-0.003
45910.000	-0.003
45920.000	-0.003
45930.000	-0.003
45940.000	-0.003
45950.000	-0.003
45960.000	-0.003
45970.000	-0.003
45980.000	-0.003
45990.000	-0.003
46000.000	-0.003
46010.000	-0.004
46020.000	-0.003
46030.000	-0.003
46040.000	-0.003
46050.000	-0.003
46060.000	-0.003
46070.000	-0.003
46080.000	-0.004
46090.000	-0.003
46100.000	-0.004
46110.000	-0.003
46120.000	-0.003
46130.000	-0.003
46140.000	-0.003
46150.000	-0.003
46160.000	-0.004
46170.000	-0.004
46180.000	-0.003
46190.000	-0.003
46200.000	-0.004
46210.000	-0.003
46220.000	-0.003
46230.000	-0.003
46240.000	-0.003
46250.000	-0.003
46260.000	-0.003
46270.000	-0.003
46280.000	-0.003
46290.000	-0.003
46300.000	-0.003
46310.000	-0.003
46320.000	-0.003
46330.000	-0.004
46340.000	-0.003
46350.000	-0.003
46360.000	-0.003
46370.000	-0.004
46380.000	-0.003
46390.000	-0.003
46400.000	-0.003
46410.000	-0.003
46420.000	-0.003
46430.000	-0.003
46440.000	-0.003
46450.000	-0.003
46460.000	-0.003
46470.000	-0.004
46480.000	-0.003
46490.000	-0.004
46500.000	-0.003
46510.000	-0.003
46520.000	-0.003
46530.000	-0.003
46540.000	-0.003
46550.000	-0.003
46560.000	-0.003
46570.000	-0.003
46580.000	-0.003
46590.000	-0.004
46600.000	-0.003
46610.000	-0.003
46620.000	-0.003
46630.000	-0.003
46640.000	-0.003
46650.000	-0.003
46660.000	-0.003
46670.000	-0.003
46680.000	-0.004
46690.000	-0.003
46700.000	-0.003
46710.000	-0.003
46720.000	-0.004
46730.000	-0.004
46740.000	-0.003
46750.000	-0.003
46760.000	-0.003
46770.000	-0.003
46780.000	-0.003
46790.000	-0.004
46800.000	-0.003
46810.000	-0.003
46820.000	-0.004
46830.000	-0.003
46840.000	-0.004
46850.000	-0.003
46860.000	-0.003
46870.000	-0.003
46880.000	-0.004
46890.000	-0.003
46900.000	-0.003
46910.000	-0.004
46920.000	-0.003
46930.000	-0.003
46940.000	-0.003
46950.000	-0.003
46960.000	-0.003
46970.000	-0.004
46980.000	-0.003
46990.000	-0.003
47000.000	-0.003
47010.000	-0.003
47020.000	-0.004
47030.000	-0.004
47040.000	-0.003
47050.000	-0.004
47060.000	-0.003
47070.000	-0.004
47080.000	-0.003
47090.000	-0.003
47100.000	-0.003
47110.000	-0.003
47120.000	-0.003
47130.000	-0.003
47140.000	-0.003
47150.000	-0.004
47160.000	-0.004
47170.000	-0.003
47180.000	-0.004
47190.000	-0.003
47200.000	-0.004
47210.000	-0.003
47220.000	-0.003
47230.000	-0.004
47240.000	-0.004
47250.000	-0.003
47260.000	-0.003
47270.000	-0.003
47280.000	-0.004
47290.000	-0.004
47300.000	-0.004
47310.000	-0.003
47320.000	-0.003
47330.000	-0.003
47340.000	-0.003
47350.000	-0.004
47360.000	-0.004
47370.000	-0.004
47380.000	-0.003
47390.000	-0.003
47400.000	-0.003
47410.000	-0.003
47420.000	-0.003
47430.000	-0.004
47440.000	-0.004
47450.000	-0.004
47460.000	-0.003
47470.000	-0.003
47480.000	-0.004
47490.000	-0.003
47500.000	-0.003
47510.000	-0.003
47520.000	-0.003
47530.000	-0.003
47540.000	-0.004
47550.000	-0.003
47560.000	-0.003
47570.000	-0.004
47580.000	-0.003
47590.000	-0.004
47600.000	-0.003
47610.000	-0.004
47620.000	-0.003
47630.000	-0.004
47640.000	-0.004
47650.000	-0.003
47660.000	-0.003
47670.000	-0.003
47680.000	-0.004
47690.000	-0.003
47700.000	-0.004
47710.000	-0.003
47720.000	-0.003
47730.000	-0.003
47740.000	-0.003
47750.000	-0.004
47760.000	-0.004
47770.000	-0.003
47780.000	-0.003
47790.000	-0.004
47800.000	-0.004
47810.000	-0.004
47820.000	-0.004
47830.000	-0.003
47840.000	-0.004
47850.000	-0.003
47860.000	-0.003
47870.000	-0.003
47880.000	-0.004
47890.000	-0.003
47900.000	-0.003
47910.000	-0.004
47920.000	-0.004
47930.000	-0.004
47940.000	-0.003
47950.000	-0.003
47960.000	-0.004
47970.000	-0.004
47980.000	-0.004
47990.000	-0.004
48000.000	-0.003
48010.000	-0.003
48020.000	-0.004
48030.000	-0.004
48040.000	-0.004
48050.000	-0.003
48060.000	-0.003
48070.000	-0.004
48080.000	-0.004
48090.000	-0.003
48100.000	-0.004
48110.000	-0.004
48120.000	-0.004
48130.000	-0.003
48140.000	-0.003
48150.000	-0.003
48160.000	-0.004
48170.000	-0.004
48180.000	-0.004
48190.000	-0.003
48200.000	-0.003
48210.000	-0.003
48220.000	-0.004
48230.000	-0.003
48240.000	-0.003
48250.000	-0.004
48260.000	-0.003
48270.000	-0.003
48280.000	-0.004
48290.000	-0.004
48300.000	-0.003
48310.000	-0.003
48320.000	-0.004
48330.000	-0.004
48340.000	-0.003
48350.000	-0.004
48360.000	-0.004
48370.000	-0.003
48380.000	-0.004
48390.000	-0.003
48400.000	-0.004
48410.000	-0.004
48420.000	-0.004
48430.000	-0.004
48440.000	-0.004
48450.000	-0.003
48460.000	-0.004
48470.000	-0.004
48480.000	-0.003
48485.000	-0.004
