0.000000	0.992000	1.601600
1.000000E-6	0.992000	1.601600
2.000000E-6	0.992000	1.601200
3.000000E-6	0.992000	1.601600
4.000000E-6	0.992000	1.601200
5.000000E-6	0.992000	1.601200
6.000000E-6	0.992000	1.601600
7.000000E-6	0.992000	1.601200
8.000000E-6	0.992000	1.601600
9.000000E-6	0.992000	1.601600
1.000000E-5	0.992000	1.601600
1.100000E-5	0.992000	1.601600
1.200000E-5	0.992000	1.601600
1.300000E-5	0.992000	1.601200
1.400000E-5	0.992000	1.601200
1.500000E-5	0.992000	1.601200
1.600000E-5	0.992000	1.601200
1.700000E-5	0.992000	1.601200
1.800000E-5	0.992000	1.601600
1.900000E-5	0.992000	1.601600
2.000000E-5	0.992000	1.601200
2.100000E-5	0.992000	1.601200
2.200000E-5	0.992000	1.601600
2.300000E-5	0.992000	1.601600
2.400000E-5	0.992000	1.601600
2.500000E-5	0.992000	1.601600
2.600000E-5	0.992000	1.601200
2.700000E-5	0.992000	1.601200
2.800000E-5	0.992000	1.601600
2.900000E-5	0.992000	1.601200
3.000000E-5	0.992000	1.601600
3.100000E-5	0.992000	1.601600
3.200000E-5	0.992000	1.601600
3.300000E-5	0.992000	1.601200
3.400000E-5	0.992000	1.601200
3.500000E-5	0.992000	1.601200
3.600000E-5	0.992000	1.601600
3.700000E-5	0.992000	1.601600
3.800000E-5	0.992000	1.601600
3.900000E-5	0.992000	1.601600
4.000000E-5	0.992000	1.601600
4.100000E-5	0.992000	1.601200
4.200000E-5	0.992000	1.601200
4.300000E-5	0.992000	1.601200
4.400000E-5	0.992000	1.601600
4.500000E-5	0.992000	1.601600
4.600000E-5	0.992000	1.601600
4.700000E-5	0.992000	1.601600
4.800000E-5	0.992000	1.601600
4.900000E-5	0.992000	1.601600
5.000000E-5	0.992000	1.601600
5.100000E-5	0.992000	1.601600
5.200000E-5	0.992000	1.601600
5.300000E-5	0.992000	1.601600
5.400000E-5	0.992000	1.601600
5.500000E-5	0.992000	1.601600
5.600000E-5	0.992000	1.601600
5.700000E-5	0.992000	1.601600
5.800000E-5	0.992000	1.601200
5.900000E-5	0.992000	1.601600
6.000000E-5	0.992000	1.601600
6.100000E-5	0.992000	1.601600
6.200000E-5	0.992000	1.601600
6.300000E-5	0.992000	1.601600
6.400000E-5	0.992000	1.601600
6.500000E-5	0.992000	1.601200
6.600000E-5	0.992000	1.601600
6.700000E-5	0.992000	1.601600
6.800000E-5	0.992000	1.601200
6.900000E-5	0.992000	1.601600
7.000000E-5	0.992000	1.601600
7.100000E-5	0.992000	1.601600
7.200000E-5	0.992000	1.601600
7.300000E-5	0.992000	1.601600
7.400000E-5	0.992000	1.601600
7.500000E-5	0.992000	1.601200
7.600000E-5	0.992000	1.601200
7.700000E-5	0.992000	1.601600
7.800000E-5	0.992000	1.601200
7.900000E-5	0.992000	1.601600
8.000000E-5	0.992000	1.601600
8.100000E-5	0.992000	1.601600
8.200000E-5	0.992000	1.601600
8.300000E-5	0.992000	1.601200
8.400000E-5	0.992000	1.601600
8.500000E-5	0.992000	1.601600
8.600000E-5	0.992000	1.601600
8.700000E-5	0.992000	1.601600
8.800000E-5	0.992000	1.601200
8.900000E-5	0.992000	1.601200
9.000000E-5	0.992000	1.601600
9.100000E-5	0.992000	1.601600
9.200000E-5	0.992000	1.601600
9.300000E-5	0.992000	1.601600
9.400000E-5	0.992000	1.601600
9.500000E-5	0.992000	1.601600
9.600000E-5	0.992000	1.601600
9.700000E-5	0.992000	1.601600
9.800000E-5	0.992000	1.601600
9.900000E-5	0.992000	1.601600
0.000100	0.992000	1.602400
0.000101	1.104000	1.602000
0.000102	1.528000	1.601600
0.000103	1.864000	1.601600
0.000104	2.104000	1.601600
0.000105	2.272000	1.601600
0.000106	2.400000	1.601600
0.000107	2.496000	1.601600
0.000108	2.552000	1.601600
0.000109	2.600000	1.601200
0.000110	2.632000	1.601600
0.000111	2.664000	1.601200
0.000112	2.680000	1.601600
0.000113	2.696000	1.601200
0.000114	2.704000	1.601200
0.000115	2.712000	1.601200
0.000116	2.712000	1.601200
0.000117	2.712000	1.601600
0.000118	2.720000	1.601200
0.000119	2.720000	1.601600
0.000120	2.720000	1.601600
0.000121	2.728000	1.601200
0.000122	2.728000	1.601600
0.000123	2.728000	1.601600
0.000124	2.728000	1.601200
0.000125	2.728000	1.601600
0.000126	2.728000	1.601200
0.000127	2.728000	1.601200
0.000128	2.728000	1.601200
0.000129	2.728000	1.601600
0.000130	2.728000	1.601600
0.000131	2.728000	1.601200
0.000132	2.728000	1.601600
0.000133	2.728000	1.601600
0.000134	2.728000	1.601200
0.000135	2.728000	1.601600
0.000136	2.728000	1.601600
0.000137	2.728000	1.601600
0.000138	2.728000	1.601600
0.000139	2.728000	1.601600
0.000140	2.728000	1.601600
0.000141	2.728000	1.601600
0.000142	2.728000	1.601600
0.000143	2.728000	1.601200
0.000144	2.728000	1.601200
0.000145	2.728000	1.601600
0.000146	2.728000	1.601200
0.000147	2.728000	1.601600
0.000148	2.728000	1.601200
0.000149	2.728000	1.601200
0.000150	2.728000	1.601600
0.000151	2.728000	1.601200
0.000152	2.728000	1.601600
0.000153	2.728000	1.601600
0.000154	2.728000	1.601600
0.000155	2.728000	1.601600
0.000156	2.728000	1.601200
0.000157	2.728000	1.601200
0.000158	2.720000	1.601600
0.000159	2.728000	1.601600
0.000160	2.720000	1.601600
0.000161	2.728000	1.601600
0.000162	2.720000	1.601600
0.000163	2.720000	1.601600
0.000164	2.728000	1.601200
0.000165	2.720000	1.601600
0.000166	2.720000	1.601200
0.000167	2.720000	1.601600
0.000168	2.720000	1.601600
0.000169	2.720000	1.601200
0.000170	2.720000	1.601600
0.000171	2.720000	1.601600
0.000172	2.720000	1.601200
0.000173	2.720000	1.601200
0.000174	2.720000	1.601200
0.000175	2.720000	1.601600
0.000176	2.720000	1.601200
0.000177	2.720000	1.601200
0.000178	2.720000	1.601600
0.000179	2.720000	1.601200
0.000180	2.720000	1.601600
0.000181	2.720000	1.601600
0.000182	2.720000	1.601200
0.000183	2.720000	1.601600
0.000184	2.720000	1.601200
0.000185	2.720000	1.601200
0.000186	2.720000	1.601600
0.000187	2.720000	1.601200
0.000188	2.720000	1.601200
0.000189	2.720000	1.601600
0.000190	2.720000	1.601200
0.000191	2.720000	1.601600
0.000192	2.720000	1.601600
0.000193	2.720000	1.601600
0.000194	2.712000	1.601200
0.000195	2.720000	1.601600
0.000196	2.720000	1.601600
0.000197	2.720000	1.601200
0.000198	2.712000	1.601200
0.000199	2.712000	1.601200
0.000200	2.720000	1.601600
0.000201	2.712000	1.601200
0.000202	2.712000	1.601200
0.000203	2.712000	1.601600
0.000204	2.712000	1.601600
0.000205	2.712000	1.601200
0.000206	2.712000	1.601200
0.000207	2.712000	1.601600
0.000208	2.712000	1.601200
0.000209	2.712000	1.601600
0.000210	2.712000	1.601200
0.000211	2.712000	1.601600
0.000212	2.712000	1.601600
0.000213	2.712000	1.601600
0.000214	2.712000	1.601200
0.000215	2.712000	1.601200
0.000216	2.712000	1.601200
0.000217	2.712000	1.601200
0.000218	2.712000	1.601200
0.000219	2.712000	1.601200
0.000220	2.712000	1.601200
0.000221	2.712000	1.601200
0.000222	2.712000	1.601600
0.000223	2.712000	1.601600
0.000224	2.712000	1.601200
0.000225	2.712000	1.601600
0.000226	2.712000	1.601200
0.000227	2.712000	1.601600
0.000228	2.712000	1.601600
0.000229	2.712000	1.601600
0.000230	2.712000	1.601200
0.000231	2.712000	1.601600
0.000232	2.712000	1.601200
0.000233	2.712000	1.601600
0.000234	2.704000	1.601600
0.000235	2.712000	1.601600
0.000236	2.704000	1.601200
0.000237	2.712000	1.601200
0.000238	2.704000	1.601200
0.000239	2.712000	1.601200
0.000240	2.704000	1.601200
0.000241	2.704000	1.601200
0.000242	2.712000	1.601200
0.000243	2.704000	1.601600
0.000244	2.704000	1.601600
0.000245	2.704000	1.601600
0.000246	2.704000	1.601200
0.000247	2.704000	1.601600
0.000248	2.704000	1.601600
0.000249	2.704000	1.601600
0.000250	2.704000	1.601200
0.000251	2.704000	1.601600
0.000252	2.704000	1.601200
0.000253	2.704000	1.601600
0.000254	2.704000	1.601600
0.000255	2.704000	1.601600
0.000256	2.704000	1.601600
0.000257	2.704000	1.601200
0.000258	2.704000	1.601200
0.000259	2.704000	1.601200
0.000260	2.704000	1.601200
0.000261	2.704000	1.601200
0.000262	2.704000	1.601200
0.000263	2.704000	1.601200
0.000264	2.704000	1.601200
0.000265	2.704000	1.601200
0.000266	2.696000	1.601200
0.000267	2.696000	1.601600
0.000268	2.704000	1.601200
0.000269	2.696000	1.601200
0.000270	2.696000	1.601200
0.000271	2.696000	1.601200
0.000272	2.704000	1.601200
0.000273	2.696000	1.601200
0.000274	2.696000	1.601200
0.000275	2.696000	1.601200
0.000276	2.696000	1.601200
0.000277	2.696000	1.601200
0.000278	2.696000	1.601200
0.000279	2.696000	1.601200
0.000280	2.696000	1.601200
0.000281	2.696000	1.601200
0.000282	2.696000	1.601200
0.000283	2.696000	1.601600
0.000284	2.696000	1.601200
0.000285	2.696000	1.601200
0.000286	2.696000	1.601200
0.000287	2.696000	1.601200
0.000288	2.696000	1.601200
0.000289	2.696000	1.601200
0.000290	2.696000	1.601200
0.000291	2.696000	1.601200
0.000292	2.696000	1.601600
0.000293	2.696000	1.601600
0.000294	2.696000	1.601600
0.000295	2.696000	1.601200
0.000296	2.696000	1.601200
0.000297	2.696000	1.601200
0.000298	2.696000	1.601200
0.000299	2.696000	1.601200
0.000300	2.696000	1.601200
0.000301	2.696000	1.601600
0.000302	2.696000	1.601200
0.000303	2.696000	1.601200
0.000304	2.696000	1.601200
0.000305	2.688000	1.601600
0.000306	2.696000	1.601600
0.000307	2.688000	1.601600
0.000308	2.688000	1.601600
0.000309	2.688000	1.601600
0.000310	2.688000	1.601600
0.000311	2.688000	1.601600
0.000312	2.688000	1.601600
0.000313	2.688000	1.601600
0.000314	2.688000	1.601600
0.000315	2.688000	1.601200
0.000316	2.688000	1.601600
0.000317	2.688000	1.601600
0.000318	2.688000	1.601600
0.000319	2.688000	1.601600
0.000320	2.688000	1.601200
0.000321	2.688000	1.601600
0.000322	2.688000	1.601600
0.000323	2.688000	1.601200
0.000324	2.688000	1.601600
0.000325	2.688000	1.601200
0.000326	2.688000	1.601600
0.000327	2.688000	1.601600
0.000328	2.688000	1.601600
0.000329	2.688000	1.601600
0.000330	2.688000	1.601200
0.000331	2.688000	1.601600
0.000332	2.688000	1.601200
0.000333	2.688000	1.601600
0.000334	2.688000	1.601600
0.000335	2.688000	1.601200
0.000336	2.680000	1.601200
0.000337	2.680000	1.601200
0.000338	2.688000	1.601200
0.000339	2.688000	1.601200
0.000340	2.688000	1.601200
0.000341	2.680000	1.601600
0.000342	2.688000	1.601200
0.000343	2.688000	1.601600
0.000344	2.680000	1.601600
0.000345	2.680000	1.601600
0.000346	2.680000	1.601600
0.000347	2.680000	1.601600
0.000348	2.680000	1.601600
0.000349	2.680000	1.601600
0.000350	2.680000	1.601600
0.000351	2.680000	1.601600
0.000352	2.680000	1.601600
0.000353	2.680000	1.601200
0.000354	2.680000	1.601600
0.000355	2.680000	1.601200
0.000356	2.680000	1.601600
0.000357	2.680000	1.601200
0.000358	2.680000	1.601600
0.000359	2.680000	1.601600
0.000360	2.680000	1.601600
0.000361	2.680000	1.601200
0.000362	2.680000	1.601600
0.000363	2.680000	1.601200
0.000364	2.680000	1.601600
0.000365	2.680000	1.601600
0.000366	2.680000	1.601200
0.000367	2.680000	1.601600
0.000368	2.680000	1.601600
0.000369	2.680000	1.601600
0.000370	2.680000	1.601600
0.000371	2.680000	1.601600
0.000372	2.680000	1.601600
0.000373	2.680000	1.601600
0.000374	2.680000	1.601600
0.000375	2.680000	1.601200
0.000376	2.672000	1.601600
0.000377	2.680000	1.601600
0.000378	2.680000	1.601600
0.000379	2.680000	1.601600
0.000380	2.680000	1.601600
0.000381	2.680000	1.601600
0.000382	2.680000	1.601600
0.000383	2.680000	1.601600
0.000384	2.680000	1.601600
0.000385	2.672000	1.601600
0.000386	2.680000	1.601600
0.000387	2.672000	1.601600
0.000388	2.672000	1.601600
0.000389	2.672000	1.601600
0.000390	2.672000	1.601600
0.000391	2.672000	1.601600
0.000392	2.672000	1.601200
0.000393	2.672000	1.601600
0.000394	2.672000	1.601600
0.000395	2.672000	1.601600
0.000396	2.672000	1.601600
0.000397	2.672000	1.601600
0.000398	2.672000	1.601600
0.000399	2.672000	1.601600
0.000400	2.672000	1.601600
0.000401	2.672000	1.601600
0.000402	2.672000	1.601600
0.000403	2.672000	1.601600
0.000404	2.672000	1.601200
0.000405	2.672000	1.601600
0.000406	2.672000	1.601600
0.000407	2.672000	1.601600
0.000408	2.672000	1.601600
0.000409	2.672000	1.601600
0.000410	2.672000	1.601600
0.000411	2.672000	1.601200
0.000412	2.672000	1.601200
0.000413	2.672000	1.601600
0.000414	2.672000	1.601200
0.000415	2.672000	1.601600
0.000416	2.672000	1.601200
0.000417	2.672000	1.601600
0.000418	2.672000	1.601600
0.000419	2.664000	1.601600
0.000420	2.672000	1.601600
0.000421	2.672000	1.601600
0.000422	2.672000	1.601600
0.000423	2.664000	1.601600
0.000424	2.664000	1.601600
0.000425	2.664000	1.601600
0.000426	2.664000	1.601600
0.000427	2.664000	1.601600
0.000428	2.664000	1.601600
0.000429	2.664000	1.601600
0.000430	2.664000	1.601600
0.000431	2.664000	1.601600
0.000432	2.664000	1.601600
0.000433	2.664000	1.601600
0.000434	2.664000	1.601600
0.000435	2.664000	1.601600
0.000436	2.664000	1.601600
0.000437	2.664000	1.601600
0.000438	2.664000	1.601600
0.000439	2.664000	1.601600
0.000440	2.664000	1.601600
0.000441	2.664000	1.601600
0.000442	2.664000	1.601600
0.000443	2.664000	1.601600
0.000444	2.664000	1.601600
0.000445	2.664000	1.601600
0.000446	2.664000	1.601600
0.000447	2.664000	1.601600
0.000448	2.664000	1.601600
0.000449	2.664000	1.601600
0.000450	2.664000	1.601600
0.000451	2.664000	1.601600
0.000452	2.664000	1.601600
0.000453	2.664000	1.601600
0.000454	2.664000	1.601600
0.000455	2.664000	1.601600
0.000456	2.664000	1.601600
0.000457	2.664000	1.601600
0.000458	2.664000	1.601600
0.000459	2.664000	1.601600
0.000460	2.664000	1.601600
0.000461	2.664000	1.601600
0.000462	2.664000	1.601600
0.000463	2.664000	1.601600
0.000464	2.664000	1.601600
0.000465	2.656000	1.601600
0.000466	2.656000	1.601600
0.000467	2.664000	1.601600
0.000468	2.656000	1.601600
0.000469	2.656000	1.601600
0.000470	2.656000	1.601600
0.000471	2.656000	1.601600
0.000472	2.656000	1.601600
0.000473	2.656000	1.601600
0.000474	2.656000	1.601600
0.000475	2.656000	1.601600
0.000476	2.656000	1.601600
0.000477	2.656000	1.601600
0.000478	2.656000	1.601600
0.000479	2.656000	1.601600
0.000480	2.656000	1.601600
0.000481	2.656000	1.601600
0.000482	2.656000	1.601600
0.000483	2.656000	1.601600
0.000484	2.656000	1.601600
0.000485	2.656000	1.601600
0.000486	2.656000	1.601600
0.000487	2.656000	1.601600
0.000488	2.656000	1.601600
0.000489	2.656000	1.601600
0.000490	2.656000	1.601600
0.000491	2.656000	1.601600
0.000492	2.656000	1.601600
0.000493	2.656000	1.601600
0.000494	2.656000	1.601200
0.000495	2.656000	1.601600
0.000496	2.656000	1.601200
0.000497	2.656000	1.601200
0.000498	2.656000	1.601200
0.000499	2.656000	1.601600
0.000500	2.656000	1.601600
0.000501	2.656000	1.601600
0.000502	2.656000	1.601600
0.000503	2.656000	1.601600
0.000504	2.656000	1.601600
0.000505	2.648000	1.601600
0.000506	2.648000	1.601600
0.000507	2.656000	1.601200
0.000508	2.648000	1.601200
0.000509	2.656000	1.601200
0.000510	2.648000	1.601600
0.000511	2.648000	1.601200
0.000512	2.648000	1.601600
0.000513	2.648000	1.601200
0.000514	2.648000	1.601200
0.000515	2.648000	1.601200
0.000516	2.648000	1.601600
0.000517	2.648000	1.601200
0.000518	2.648000	1.601200
0.000519	2.648000	1.601200
0.000520	2.648000	1.601600
0.000521	2.648000	1.601600
0.000522	2.648000	1.601600
0.000523	2.648000	1.601600
0.000524	2.648000	1.601600
0.000525	2.648000	1.601600
0.000526	2.648000	1.601600
0.000527	2.648000	1.601200
0.000528	2.648000	1.601600
0.000529	2.648000	1.601600
0.000530	2.648000	1.601200
0.000531	2.648000	1.601600
0.000532	2.648000	1.601200
0.000533	2.648000	1.601600
0.000534	2.648000	1.601200
0.000535	2.648000	1.601600
0.000536	2.648000	1.601600
0.000537	2.648000	1.601600
0.000538	2.648000	1.601600
0.000539	2.648000	1.601600
0.000540	2.648000	1.601200
0.000541	2.648000	1.601200
0.000542	2.648000	1.601200
0.000543	2.648000	1.601600
0.000544	2.648000	1.601600
0.000545	2.648000	1.601200
0.000546	2.648000	1.601600
0.000547	2.648000	1.601600
0.000548	2.648000	1.601200
0.000549	2.648000	1.601600
0.000550	2.648000	1.601200
0.000551	2.648000	1.601600
0.000552	2.648000	1.601600
0.000553	2.648000	1.601600
0.000554	2.648000	1.601600
0.000555	2.648000	1.601600
0.000556	2.640000	1.601200
0.000557	2.648000	1.601600
0.000558	2.648000	1.601200
0.000559	2.640000	1.601600
0.000560	2.640000	1.601600
0.000561	2.648000	1.601600
0.000562	2.640000	1.601600
0.000563	2.640000	1.601600
0.000564	2.640000	1.601600
0.000565	2.640000	1.601600
0.000566	2.640000	1.601600
0.000567	2.640000	1.601600
0.000568	2.640000	1.601600
0.000569	2.640000	1.601600
0.000570	2.640000	1.601600
0.000571	2.640000	1.601600
0.000572	2.640000	1.601600
0.000573	2.640000	1.601200
0.000574	2.640000	1.601600
0.000575	2.640000	1.601600
0.000576	2.640000	1.601600
0.000577	2.640000	1.601600
0.000578	2.640000	1.601600
0.000579	2.640000	1.601600
0.000580	2.640000	1.601600
0.000581	2.640000	1.601600
0.000582	2.640000	1.601600
0.000583	2.640000	1.601600
0.000584	2.640000	1.601600
0.000585	2.640000	1.601600
0.000586	2.640000	1.601600
0.000587	2.640000	1.601600
0.000588	2.640000	1.601600
0.000589	2.640000	1.601600
0.000590	2.640000	1.601600
0.000591	2.640000	1.601600
0.000592	2.640000	1.601200
0.000593	2.640000	1.601200
0.000594	2.640000	1.601600
0.000595	2.632000	1.601600
0.000596	2.640000	1.601600
0.000597	2.632000	1.601600
0.000598	2.640000	1.601600
0.000599	2.640000	1.601200
0.000600	2.640000	1.601600
0.000601	2.640000	1.601600
0.000602	2.632000	1.601600
0.000603	2.640000	1.601200
0.000604	2.640000	1.601600
0.000605	2.640000	1.601200
0.000606	2.632000	1.601600
0.000607	2.632000	1.601600
0.000608	2.632000	1.601600
0.000609	2.632000	1.601600
0.000610	2.632000	1.601600
0.000611	2.632000	1.601600
0.000612	2.632000	1.601600
0.000613	2.632000	1.601600
0.000614	2.632000	1.601600
0.000615	2.632000	1.601600
0.000616	2.632000	1.601600
0.000617	2.632000	1.601600
0.000618	2.632000	1.601600
0.000619	2.632000	1.601600
0.000620	2.632000	1.601600
0.000621	2.632000	1.601600
0.000622	2.632000	1.601200
0.000623	2.632000	1.601200
0.000624	2.632000	1.601600
0.000625	2.632000	1.601600
0.000626	2.632000	1.601600
0.000627	2.632000	1.601600
0.000628	2.632000	1.601600
0.000629	2.632000	1.601600
0.000630	2.632000	1.601600
0.000631	2.632000	1.601600
0.000632	2.632000	1.601600
0.000633	2.632000	1.601600
0.000634	2.632000	1.601600
0.000635	2.632000	1.601600
0.000636	2.632000	1.601600
0.000637	2.632000	1.601600
0.000638	2.632000	1.601600
0.000639	2.632000	1.601600
0.000640	2.632000	1.601600
0.000641	2.632000	1.601600
0.000642	2.632000	1.601200
0.000643	2.632000	1.601600
0.000644	2.632000	1.601600
0.000645	2.632000	1.601600
0.000646	2.632000	1.601600
0.000647	2.632000	1.601600
0.000648	2.632000	1.601600
0.000649	2.632000	1.601600
0.000650	2.632000	1.601600
0.000651	2.632000	1.601600
0.000652	2.632000	1.601600
0.000653	2.632000	1.601600
0.000654	2.632000	1.601200
0.000655	2.632000	1.601600
0.000656	2.624000	1.601600
0.000657	2.632000	1.601600
0.000658	2.632000	1.601600
0.000659	2.632000	1.601600
0.000660	2.632000	1.601600
0.000661	2.632000	1.601600
0.000662	2.624000	1.601200
0.000663	2.624000	1.601600
0.000664	2.632000	1.601600
0.000665	2.624000	1.601600
0.000666	2.624000	1.601600
0.000667	2.632000	1.601600
0.000668	2.624000	1.601600
0.000669	2.624000	1.601600
0.000670	2.624000	1.601600
0.000671	2.624000	1.601600
0.000672	2.624000	1.601600
0.000673	2.624000	1.601600
0.000674	2.624000	1.601600
0.000675	2.624000	1.601600
0.000676	2.624000	1.601600
0.000677	2.624000	1.601600
0.000678	2.624000	1.601600
0.000679	2.624000	1.601600
0.000680	2.624000	1.601600
0.000681	2.624000	1.601600
0.000682	2.624000	1.601600
0.000683	2.624000	1.601600
0.000684	2.624000	1.601600
0.000685	2.624000	1.601600
0.000686	2.624000	1.601600
0.000687	2.624000	1.601600
0.000688	2.624000	1.601600
0.000689	2.624000	1.601600
0.000690	2.624000	1.601600
0.000691	2.624000	1.601600
0.000692	2.624000	1.601200
0.000693	2.624000	1.601600
0.000694	2.624000	1.601600
0.000695	2.616000	1.601600
0.000696	2.624000	1.601600
0.000697	2.624000	1.601600
0.000698	2.624000	1.601600
0.000699	2.616000	1.601600
0.000700	2.624000	1.601200
0.000701	2.624000	1.601600
0.000702	2.624000	1.601600
0.000703	2.624000	1.601600
0.000704	2.624000	1.601600
0.000705	2.624000	1.601600
0.000706	2.616000	1.601600
0.000707	2.624000	1.601600
0.000708	2.616000	1.601600
0.000709	2.624000	1.601600
0.000710	2.616000	1.601600
0.000711	2.616000	1.601600
0.000712	2.616000	1.601600
0.000713	2.616000	1.601600
0.000714	2.616000	1.601600
0.000715	2.616000	1.601600
0.000716	2.616000	1.601600
0.000717	2.616000	1.601600
0.000718	2.616000	1.601600
0.000719	2.616000	1.601600
0.000720	2.616000	1.601600
0.000721	2.616000	1.601600
0.000722	2.616000	1.601600
0.000723	2.616000	1.601600
0.000724	2.616000	1.601600
0.000725	2.616000	1.601600
0.000726	2.616000	1.601600
0.000727	2.616000	1.601600
0.000728	2.616000	1.601600
0.000729	2.616000	1.601600
0.000730	2.616000	1.601600
0.000731	2.616000	1.601600
0.000732	2.616000	1.601600
0.000733	2.616000	1.601600
0.000734	2.616000	1.601600
0.000735	2.616000	1.601600
0.000736	2.616000	1.601600
0.000737	2.616000	1.601600
0.000738	2.616000	1.601600
0.000739	2.616000	1.601600
0.000740	2.616000	1.601600
0.000741	2.616000	1.601600
0.000742	2.616000	1.601600
0.000743	2.616000	1.601600
0.000744	2.616000	1.601600
0.000745	2.616000	1.601200
0.000746	2.616000	1.601600
0.000747	2.616000	1.601600
0.000748	2.616000	1.601600
0.000749	2.616000	1.601200
0.000750	2.616000	1.601600
0.000751	2.616000	1.601600
0.000752	2.616000	1.601200
0.000753	2.616000	1.601600
0.000754	2.616000	1.601600
0.000755	2.616000	1.601600
0.000756	2.616000	1.601600
0.000757	2.616000	1.601200
0.000758	2.616000	1.601600
0.000759	2.608000	1.601600
0.000760	2.616000	1.601600
0.000761	2.616000	1.601600
0.000762	2.616000	1.601600
0.000763	2.616000	1.601600
0.000764	2.616000	1.601600
0.000765	2.616000	1.601600
0.000766	2.616000	1.601600
0.000767	2.616000	1.601600
0.000768	2.616000	1.601200
0.000769	2.608000	1.601600
0.000770	2.608000	1.601600
0.000771	2.608000	1.601600
0.000772	2.616000	1.601200
0.000773	2.608000	1.601600
0.000774	2.608000	1.601600
0.000775	2.608000	1.601600
0.000776	2.608000	1.601600
0.000777	2.608000	1.601600
0.000778	2.608000	1.601600
0.000779	2.608000	1.601600
0.000780	2.608000	1.601600
0.000781	2.608000	1.601600
0.000782	2.608000	1.601600
0.000783	2.608000	1.601600
0.000784	2.608000	1.601600
0.000785	2.608000	1.601600
0.000786	2.608000	1.601600
0.000787	2.608000	1.601600
0.000788	2.608000	1.601600
0.000789	2.608000	1.601600
0.000790	2.608000	1.601600
0.000791	2.608000	1.601600
0.000792	2.608000	1.601600
0.000793	2.608000	1.601600
0.000794	2.608000	1.601600
0.000795	2.608000	1.601600
0.000796	2.608000	1.602000
0.000797	2.608000	1.601600
0.000798	2.608000	1.601600
0.000799	2.608000	1.601600
0.000800	2.608000	1.601600
0.000801	2.608000	1.601600
0.000802	2.608000	1.601600
0.000803	2.608000	1.601600
0.000804	2.608000	1.601600
0.000805	2.608000	1.601600
0.000806	2.608000	1.601600
0.000807	2.608000	1.601600
0.000808	2.608000	1.601600
0.000809	2.608000	1.601600
0.000810	2.608000	1.601600
0.000811	2.608000	1.601600
0.000812	2.608000	1.601600
0.000813	2.608000	1.601600
0.000814	2.608000	1.601600
0.000815	2.608000	1.601600
0.000816	2.600000	1.601600
0.000817	2.608000	1.601600
0.000818	2.608000	1.601600
0.000819	2.608000	1.601600
0.000820	2.608000	1.601600
0.000821	2.608000	1.601600
0.000822	2.608000	1.601600
0.000823	2.600000	1.601600
0.000824	2.608000	1.601600
0.000825	2.608000	1.601600
0.000826	2.600000	1.601600
0.000827	2.608000	1.601600
0.000828	2.600000	1.601600
0.000829	2.600000	1.601600
0.000830	2.600000	1.601600
0.000831	2.600000	1.601600
0.000832	2.600000	1.601600
0.000833	2.600000	1.601600
0.000834	2.600000	1.601600
0.000835	2.600000	1.601600
0.000836	2.600000	1.601600
0.000837	2.600000	1.601600
0.000838	2.600000	1.601600
0.000839	2.600000	1.601600
0.000840	2.600000	1.601200
0.000841	2.600000	1.601600
0.000842	2.600000	1.601600
0.000843	2.600000	1.601600
0.000844	2.600000	1.601600
0.000845	2.600000	1.601600
0.000846	2.600000	1.601600
0.000847	2.600000	1.601600
0.000848	2.600000	1.601600
0.000849	2.600000	1.601600
0.000850	2.600000	1.601600
0.000851	2.600000	1.601600
0.000852	2.600000	1.601200
0.000853	2.600000	1.601600
0.000854	2.600000	1.601600
0.000855	2.600000	1.601600
0.000856	2.600000	1.601200
0.000857	2.600000	1.601600
0.000858	2.600000	1.601600
0.000859	2.600000	1.601600
0.000860	2.600000	1.601600
0.000861	2.600000	1.601600
0.000862	2.600000	1.601600
0.000863	2.600000	1.601600
0.000864	2.600000	1.601600
0.000865	2.600000	1.601600
0.000866	2.600000	1.601600
0.000867	2.600000	1.601600
0.000868	2.600000	1.601600
0.000869	2.600000	1.601600
0.000870	2.600000	1.601600
0.000871	2.600000	1.601600
0.000872	2.600000	1.601600
0.000873	2.600000	1.601600
0.000874	2.600000	1.601600
0.000875	2.600000	1.601600
0.000876	2.600000	1.601600
0.000877	2.600000	1.601600
0.000878	2.600000	1.601600
0.000879	2.600000	1.601600
0.000880	2.600000	1.601600
0.000881	2.592000	1.601600
0.000882	2.600000	1.601600
0.000883	2.600000	1.601600
0.000884	2.600000	1.601600
0.000885	2.600000	1.601600
0.000886	2.592000	1.601600
0.000887	2.600000	1.601600
0.000888	2.600000	1.601600
0.000889	2.600000	1.601600
0.000890	2.600000	1.601600
0.000891	2.592000	1.601600
0.000892	2.600000	1.601600
0.000893	2.600000	1.601600
0.000894	2.600000	1.601600
0.000895	2.600000	1.601600
0.000896	2.592000	1.601600
0.000897	2.600000	1.601600
0.000898	2.592000	1.601600
0.000899	2.592000	1.601600
0.000900	2.592000	1.601600
0.000901	2.592000	1.601600
0.000902	2.592000	1.601600
0.000903	2.592000	1.601600
0.000904	2.600000	1.601600
0.000905	2.592000	1.601600
0.000906	2.592000	1.601600
0.000907	2.592000	1.601600
0.000908	2.592000	1.601600
0.000909	2.592000	1.601600
0.000910	2.592000	1.601600
0.000911	2.592000	1.601600
0.000912	2.592000	1.601600
0.000913	2.592000	1.601600
0.000914	2.600000	1.601600
0.000915	2.592000	1.601600
0.000916	2.592000	1.601600
0.000917	2.592000	1.601600
0.000918	2.592000	1.601600
0.000919	2.592000	1.601600
0.000920	2.592000	1.601600
0.000921	2.592000	1.601600
0.000922	2.592000	1.601600
0.000923	2.592000	1.601600
0.000924	2.592000	1.601600
0.000925	2.592000	1.601600
0.000926	2.592000	1.601600
0.000927	2.592000	1.601600
0.000928	2.592000	1.601200
0.000929	2.592000	1.601600
0.000930	2.592000	1.601200
0.000931	2.592000	1.601600
0.000932	2.592000	1.601600
0.000933	2.592000	1.601600
0.000934	2.592000	1.601600
0.000935	2.592000	1.601600
0.000936	2.592000	1.601600
0.000937	2.592000	1.601600
0.000938	2.592000	1.601600
0.000939	2.592000	1.601600
0.000940	2.592000	1.601600
0.000941	2.592000	1.601600
0.000942	2.592000	1.601600
0.000943	2.592000	1.601600
0.000944	2.592000	1.601600
0.000945	2.592000	1.601600
0.000946	2.592000	1.601600
0.000947	2.592000	1.601600
0.000948	2.592000	1.601600
0.000949	2.592000	1.601600
0.000950	2.592000	1.601600
0.000951	2.592000	1.601600
0.000952	2.592000	1.601600
0.000953	2.592000	1.601600
0.000954	2.592000	1.601600
0.000955	2.592000	1.601600
0.000956	2.592000	1.601600
0.000957	2.592000	1.601600
0.000958	2.592000	1.601600
0.000959	2.592000	1.601600
0.000960	2.592000	1.601600
0.000961	2.592000	1.601600
0.000962	2.592000	1.601600
0.000963	2.592000	1.601600
0.000964	2.592000	1.601600
0.000965	2.592000	1.601600
0.000966	2.584000	1.601600
0.000967	2.584000	1.601600
0.000968	2.584000	1.601600
0.000969	2.584000	1.601600
0.000970	2.584000	1.601600
0.000971	2.584000	1.601600
0.000972	2.592000	1.601600
0.000973	2.592000	1.601600
0.000974	2.592000	1.601600
0.000975	2.584000	1.601600
0.000976	2.584000	1.601600
0.000977	2.592000	1.601600
0.000978	2.584000	1.601600
0.000979	2.584000	1.601200
0.000980	2.584000	1.601600
0.000981	2.584000	1.601600
0.000982	2.584000	1.601600
0.000983	2.584000	1.601600
0.000984	2.584000	1.601600
0.000985	2.584000	1.601600
0.000986	2.584000	1.601600
0.000987	2.584000	1.601600
0.000988	2.584000	1.601600
0.000989	2.584000	1.601600
0.000990	2.584000	1.601600
0.000991	2.584000	1.601600
0.000992	2.584000	1.601600
0.000993	2.584000	1.601600
0.000994	2.584000	1.601600
0.000995	2.584000	1.601600
0.000996	2.584000	1.601600
0.000997	2.584000	1.601600
0.000998	2.584000	1.601600
0.000999	2.584000	1.601600
0.001000	2.584000	1.601600
0.001001	2.584000	1.601600
0.001002	2.584000	1.601600
0.001003	2.584000	1.601600
0.001004	2.584000	1.601600
0.001005	2.584000	1.601600
0.001006	2.584000	1.601600
0.001007	2.584000	1.601600
0.001008	2.584000	1.601600
0.001009	2.584000	1.601600
0.001010	2.584000	1.601600
0.001011	2.584000	1.601600
0.001012	2.584000	1.601600
0.001013	2.584000	1.601600
0.001014	2.584000	1.601600
0.001015	2.584000	1.601600
0.001016	2.584000	1.601600
0.001017	2.584000	1.601600
0.001018	2.584000	1.601600
0.001019	2.584000	1.601600
0.001020	2.584000	1.601600
0.001021	2.584000	1.601600
0.001022	2.584000	1.601200
0.001023	2.584000	1.601600
0.001024	2.584000	1.601600
0.001025	2.584000	1.601600
0.001026	2.576000	1.601200
0.001027	2.584000	1.601600
0.001028	2.584000	1.601200
0.001029	2.576000	1.601600
0.001030	2.584000	1.601600
0.001031	2.584000	1.601600
0.001032	2.584000	1.601200
0.001033	2.584000	1.601200
0.001034	2.584000	1.601600
0.001035	2.584000	1.601600
0.001036	2.584000	1.601600
0.001037	2.584000	1.601600
0.001038	2.584000	1.601600
0.001039	2.576000	1.601600
0.001040	2.584000	1.601200
0.001041	2.576000	1.601600
0.001042	2.584000	1.601200
0.001043	2.576000	1.601600
0.001044	2.584000	1.601600
0.001045	2.584000	1.601600
0.001046	2.576000	1.601600
0.001047	2.576000	1.601600
0.001048	2.576000	1.601600
0.001049	2.576000	1.601600
0.001050	2.584000	1.601600
0.001051	2.576000	1.601600
0.001052	2.584000	1.601600
0.001053	2.584000	1.601200
0.001054	2.576000	1.601600
0.001055	2.576000	1.601200
0.001056	2.576000	1.601600
0.001057	2.576000	1.601600
0.001058	2.576000	1.601600
0.001059	2.576000	1.601600
0.001060	2.576000	1.601600
0.001061	2.576000	1.601600
0.001062	2.576000	1.601600
0.001063	2.576000	1.601600
0.001064	2.576000	1.601600
0.001065	2.576000	1.601600
0.001066	2.576000	1.601600
0.001067	2.576000	1.601600
0.001068	2.576000	1.601600
0.001069	2.576000	1.601600
0.001070	2.576000	1.601200
0.001071	2.576000	1.601600
0.001072	2.576000	1.601600
0.001073	2.576000	1.601600
0.001074	2.576000	1.601600
0.001075	2.576000	1.601600
0.001076	2.576000	1.601600
0.001077	2.576000	1.601600
0.001078	2.576000	1.601600
0.001079	2.576000	1.601600
0.001080	2.576000	1.601600
0.001081	2.576000	1.601600
0.001082	2.576000	1.601600
0.001083	2.576000	1.601600
0.001084	2.576000	1.601600
0.001085	2.576000	1.601600
0.001086	2.576000	1.601600
0.001087	2.576000	1.601600
0.001088	2.576000	1.601600
0.001089	2.576000	1.601600
0.001090	2.576000	1.601600
0.001091	2.576000	1.601600
0.001092	2.576000	1.601600
0.001093	2.576000	1.601600
0.001094	2.576000	1.601600
0.001095	2.576000	1.601600
0.001096	2.576000	1.601600
0.001097	2.576000	1.601600
0.001098	2.568000	1.601600
0.001099	2.576000	1.601600
0.001100	2.568000	1.601600
0.001101	2.568000	1.601600
0.001102	2.576000	1.601600
0.001103	2.568000	1.601600
0.001104	2.576000	1.601600
0.001105	2.576000	1.601600
0.001106	2.568000	1.601600
0.001107	2.576000	1.601600
0.001108	2.568000	1.601600
0.001109	2.568000	1.601600
0.001110	2.568000	1.601600
0.001111	2.568000	1.601600
0.001112	2.568000	1.601200
0.001113	2.568000	1.601600
0.001114	2.576000	1.601600
0.001115	2.568000	1.601600
0.001116	2.568000	1.601600
0.001117	2.568000	1.601600
0.001118	2.568000	1.601600
0.001119	2.568000	1.601600
0.001120	2.568000	1.601600
0.001121	2.568000	1.601600
0.001122	2.568000	1.601600
0.001123	2.568000	1.601600
0.001124	2.568000	1.601600
0.001125	2.568000	1.601600
0.001126	2.568000	1.601600
0.001127	2.568000	1.601600
0.001128	2.568000	1.601600
0.001129	2.568000	1.601600
0.001130	2.568000	1.601600
0.001131	2.568000	1.601600
0.001132	2.568000	1.601600
0.001133	2.568000	1.601600
0.001134	2.568000	1.601600
0.001135	2.568000	1.601200
0.001136	2.568000	1.601600
0.001137	2.568000	1.601600
0.001138	2.568000	1.601600
0.001139	2.568000	1.601600
0.001140	2.568000	1.601600
0.001141	2.568000	1.601600
0.001142	2.568000	1.601600
0.001143	2.568000	1.601600
0.001144	2.568000	1.601600
0.001145	2.568000	1.601600
0.001146	2.568000	1.601600
0.001147	2.568000	1.601600
0.001148	2.568000	1.601600
0.001149	2.568000	1.601200
0.001150	2.568000	1.601600
0.001151	2.568000	1.601600
0.001152	2.568000	1.601200
0.001153	2.568000	1.601200
0.001154	2.568000	1.601200
0.001155	2.568000	1.601600
0.001156	2.568000	1.601600
0.001157	2.568000	1.601600
0.001158	2.568000	1.601600
0.001159	2.568000	1.601600
0.001160	2.568000	1.601600
0.001161	2.568000	1.601600
0.001162	2.568000	1.601600
0.001163	2.568000	1.601600
0.001164	2.568000	1.601600
0.001165	2.568000	1.601600
0.001166	2.568000	1.601600
0.001167	2.568000	1.601600
0.001168	2.568000	1.601600
0.001169	2.568000	1.601600
0.001170	2.568000	1.601600
0.001171	2.568000	1.601600
0.001172	2.568000	1.601600
0.001173	2.568000	1.601600
0.001174	2.568000	1.601600
0.001175	2.568000	1.601600
0.001176	2.568000	1.601600
0.001177	2.568000	1.601600
0.001178	2.560000	1.601600
0.001179	2.568000	1.601600
0.001180	2.560000	1.601600
0.001181	2.560000	1.601600
0.001182	2.568000	1.601200
0.001183	2.568000	1.601200
0.001184	2.568000	1.601600
0.001185	2.560000	1.601600
0.001186	2.560000	1.601600
0.001187	2.560000	1.601600
0.001188	2.560000	1.601200
0.001189	2.568000	1.601200
0.001190	2.568000	1.601600
0.001191	2.560000	1.601600
0.001192	2.560000	1.601200
0.001193	2.560000	1.601600
0.001194	2.560000	1.601200
0.001195	2.560000	1.601200
0.001196	2.560000	1.601200
0.001197	2.560000	1.601600
0.001198	2.560000	1.601600
0.001199	2.560000	1.601600
0.001200	2.560000	1.601600
0.001201	2.560000	1.601600
0.001202	2.560000	1.601200
0.001203	2.560000	1.601200
0.001204	2.560000	1.601200
0.001205	2.560000	1.601600
0.001206	2.560000	1.601600
0.001207	2.560000	1.601600
0.001208	2.560000	1.601600
0.001209	2.560000	1.601600
0.001210	2.560000	1.601600
0.001211	2.560000	1.601600
0.001212	2.560000	1.601200
0.001213	2.560000	1.601200
0.001214	2.560000	1.601600
0.001215	2.560000	1.601600
0.001216	2.560000	1.601600
0.001217	2.560000	1.601600
0.001218	2.560000	1.601600
0.001219	2.560000	1.601600
0.001220	2.560000	1.601600
0.001221	2.560000	1.601600
0.001222	2.560000	1.601600
0.001223	2.560000	1.601200
0.001224	2.560000	1.601600
0.001225	2.560000	1.601600
0.001226	2.560000	1.601600
0.001227	2.560000	1.601600
0.001228	2.560000	1.601600
0.001229	2.560000	1.601600
0.001230	2.560000	1.601600
0.001231	2.560000	1.601600
0.001232	2.560000	1.601600
0.001233	2.560000	1.601600
0.001234	2.560000	1.601600
0.001235	2.560000	1.601600
0.001236	2.560000	1.601600
0.001237	2.560000	1.601600
0.001238	2.560000	1.601600
0.001239	2.560000	1.601600
0.001240	2.560000	1.601600
0.001241	2.560000	1.601600
0.001242	2.560000	1.601200
0.001243	2.560000	1.601600
0.001244	2.560000	1.601200
0.001245	2.560000	1.601200
0.001246	2.552000	1.601600
0.001247	2.552000	1.601600
0.001248	2.560000	1.601600
0.001249	2.560000	1.601600
0.001250	2.560000	1.601600
0.001251	2.560000	1.601600
0.001252	2.552000	1.601600
0.001253	2.552000	1.601600
0.001254	2.560000	1.601600
0.001255	2.560000	1.601600
0.001256	2.552000	1.601600
0.001257	2.560000	1.601600
0.001258	2.552000	1.601600
0.001259	2.552000	1.601600
0.001260	2.552000	1.601600
0.001261	2.552000	1.601600
0.001262	2.552000	1.601600
0.001263	2.552000	1.601600
0.001264	2.552000	1.601200
0.001265	2.552000	1.601600
0.001266	2.552000	1.601600
0.001267	2.552000	1.601600
0.001268	2.552000	1.601600
0.001269	2.552000	1.601600
0.001270	2.552000	1.601600
0.001271	2.560000	1.601600
0.001272	2.552000	1.601600
0.001273	2.552000	1.601600
0.001274	2.552000	1.601600
0.001275	2.552000	1.601600
0.001276	2.552000	1.601600
0.001277	2.552000	1.601600
0.001278	2.552000	1.601600
0.001279	2.552000	1.601200
0.001280	2.552000	1.601600
0.001281	2.552000	1.601600
0.001282	2.552000	1.601600
0.001283	2.552000	1.601600
0.001284	2.552000	1.601600
0.001285	2.552000	1.601200
0.001286	2.552000	1.601600
0.001287	2.552000	1.601600
0.001288	2.552000	1.601600
0.001289	2.552000	1.601600
0.001290	2.552000	1.601600
0.001291	2.552000	1.601600
0.001292	2.552000	1.601600
0.001293	2.552000	1.601600
0.001294	2.552000	1.601600
0.001295	2.552000	1.601200
0.001296	2.552000	1.601600
0.001297	2.552000	1.601600
0.001298	2.552000	1.601200
0.001299	2.552000	1.601600
0.001300	2.552000	1.601200
0.001301	2.552000	1.601200
0.001302	2.552000	1.601200
0.001303	2.552000	1.601200
0.001304	2.552000	1.601600
0.001305	2.552000	1.601600
0.001306	2.552000	1.601600
0.001307	2.552000	1.601600
0.001308	2.552000	1.601600
0.001309	2.552000	1.601200
0.001310	2.552000	1.601600
0.001311	2.552000	1.601600
0.001312	2.552000	1.601200
0.001313	2.552000	1.601200
0.001314	2.552000	1.601600
0.001315	2.552000	1.601600
0.001316	2.552000	1.601600
0.001317	2.552000	1.601600
0.001318	2.552000	1.601600
0.001319	2.552000	1.601600
0.001320	2.552000	1.601600
0.001321	2.552000	1.601600
0.001322	2.552000	1.601200
0.001323	2.552000	1.601600
0.001324	2.552000	1.601600
0.001325	2.552000	1.601600
0.001326	2.544000	1.601200
0.001327	2.552000	1.601200
0.001328	2.552000	1.601200
0.001329	2.552000	1.601600
0.001330	2.552000	1.601200
0.001331	2.552000	1.601600
0.001332	2.552000	1.601600
0.001333	2.544000	1.601200
0.001334	2.552000	1.601600
0.001335	2.552000	1.601600
0.001336	2.552000	1.601200
0.001337	2.544000	1.601600
0.001338	2.552000	1.601200
0.001339	2.552000	1.601600
0.001340	2.544000	1.601600
0.001341	2.552000	1.601600
0.001342	2.552000	1.601200
0.001343	2.552000	1.601200
0.001344	2.544000	1.601200
0.001345	2.544000	1.601200
0.001346	2.544000	1.601600
0.001347	2.544000	1.601600
0.001348	2.544000	1.601200
0.001349	2.544000	1.601600
0.001350	2.544000	1.601200
0.001351	2.544000	1.601600
0.001352	2.544000	1.601200
0.001353	2.544000	1.601200
0.001354	2.544000	1.601600
0.001355	2.544000	1.601200
0.001356	2.544000	1.601600
0.001357	2.544000	1.601600
0.001358	2.544000	1.601600
0.001359	2.544000	1.601600
0.001360	2.544000	1.601600
0.001361	2.544000	1.601600
0.001362	2.544000	1.601600
0.001363	2.544000	1.601600
0.001364	2.544000	1.601600
0.001365	2.544000	1.601600
0.001366	2.544000	1.601200
0.001367	2.544000	1.601600
0.001368	2.544000	1.601600
0.001369	2.544000	1.601600
0.001370	2.544000	1.601600
0.001371	2.544000	1.601600
0.001372	2.544000	1.601600
0.001373	2.544000	1.601600
0.001374	2.544000	1.601200
0.001375	2.544000	1.601200
0.001376	2.544000	1.601200
0.001377	2.544000	1.601600
0.001378	2.544000	1.601200
0.001379	2.544000	1.601200
0.001380	2.544000	1.601600
0.001381	2.544000	1.601600
0.001382	2.544000	1.601600
0.001383	2.544000	1.601200
0.001384	2.544000	1.601600
0.001385	2.544000	1.601200
0.001386	2.544000	1.601600
0.001387	2.544000	1.601600
0.001388	2.544000	1.601600
0.001389	2.544000	1.601600
0.001390	2.544000	1.601200
0.001391	2.544000	1.601600
0.001392	2.544000	1.601600
0.001393	2.544000	1.601600
0.001394	2.544000	1.601600
0.001395	2.544000	1.601600
0.001396	2.544000	1.601600
0.001397	2.544000	1.601600
0.001398	2.544000	1.601200
0.001399	2.544000	1.601600
0.001400	2.544000	1.601600
0.001401	2.544000	1.601200
0.001402	2.544000	1.601200
0.001403	2.544000	1.601200
0.001404	2.536000	1.601200
0.001405	2.544000	1.601200
0.001406	2.536000	1.601600
0.001407	2.544000	1.601600
0.001408	2.544000	1.601600
0.001409	2.544000	1.601600
0.001410	2.544000	1.601600
0.001411	2.536000	1.601600
0.001412	2.536000	1.601600
0.001413	2.544000	1.601600
0.001414	2.536000	1.601600
0.001415	2.536000	1.601600
0.001416	2.536000	1.601200
0.001417	2.536000	1.601600
0.001418	2.536000	1.601600
0.001419	2.544000	1.601600
0.001420	2.536000	1.601600
0.001421	2.536000	1.601600
0.001422	2.536000	1.601600
0.001423	2.536000	1.601600
0.001424	2.536000	1.601600
0.001425	2.536000	1.601600
0.001426	2.536000	1.601600
0.001427	2.544000	1.601200
0.001428	2.536000	1.601600
0.001429	2.536000	1.601600
0.001430	2.536000	1.601600
0.001431	2.536000	1.601600
0.001432	2.536000	1.601600
0.001433	2.536000	1.601600
0.001434	2.536000	1.601600
0.001435	2.536000	1.601600
0.001436	2.536000	1.601600
0.001437	2.536000	1.601600
0.001438	2.536000	1.601600
0.001439	2.536000	1.601200
0.001440	2.536000	1.601600
0.001441	2.536000	1.601600
0.001442	2.536000	1.601600
0.001443	2.536000	1.601200
0.001444	2.536000	1.601600
0.001445	2.536000	1.601200
0.001446	2.536000	1.601600
0.001447	2.536000	1.601600
0.001448	2.536000	1.601600
0.001449	2.536000	1.601600
0.001450	2.536000	1.601600
0.001451	2.536000	1.601600
0.001452	2.536000	1.601600
0.001453	2.536000	1.601600
0.001454	2.536000	1.601600
0.001455	2.536000	1.601600
0.001456	2.536000	1.601600
0.001457	2.536000	1.601600
0.001458	2.536000	1.601600
0.001459	2.536000	1.601600
0.001460	2.536000	1.601200
0.001461	2.536000	1.601600
0.001462	2.536000	1.601600
0.001463	2.536000	1.601600
0.001464	2.536000	1.601600
0.001465	2.536000	1.601600
0.001466	2.536000	1.601600
0.001467	2.536000	1.601600
0.001468	2.536000	1.601600
0.001469	2.536000	1.601600
0.001470	2.536000	1.601600
0.001471	2.536000	1.601600
0.001472	2.536000	1.601600
0.001473	2.536000	1.601200
0.001474	2.536000	1.601600
0.001475	2.536000	1.601600
0.001476	2.536000	1.601200
0.001477	2.536000	1.601200
0.001478	2.536000	1.601600
0.001479	2.536000	1.601600
0.001480	2.536000	1.601600
0.001481	2.536000	1.601200
0.001482	2.536000	1.601200
0.001483	2.536000	1.601600
0.001484	2.536000	1.601200
0.001485	2.536000	1.601600
0.001486	2.536000	1.601600
0.001487	2.536000	1.601600
0.001488	2.536000	1.601600
0.001489	2.536000	1.601600
0.001490	2.536000	1.601600
0.001491	2.536000	1.601600
0.001492	2.536000	1.601600
0.001493	2.536000	1.601200
0.001494	2.536000	1.601200
0.001495	2.536000	1.601600
0.001496	2.536000	1.601600
0.001497	2.536000	1.601200
0.001498	2.536000	1.601600
0.001499	2.536000	1.601600
0.001500	2.528000	1.601600
0.001501	2.528000	1.601600
0.001502	2.536000	1.601600
0.001503	2.528000	1.601600
0.001504	2.536000	1.601600
0.001505	2.536000	1.601200
0.001506	2.528000	1.601600
0.001507	2.528000	1.601600
0.001508	2.528000	1.601600
0.001509	2.528000	1.601600
0.001510	2.536000	1.601600
0.001511	2.528000	1.601600
0.001512	2.536000	1.601600
0.001513	2.528000	1.601600
0.001514	2.536000	1.601200
0.001515	2.528000	1.601600
0.001516	2.528000	1.601600
0.001517	2.536000	1.601600
0.001518	2.528000	1.601600
0.001519	2.528000	1.601200
0.001520	2.528000	1.601600
0.001521	2.528000	1.601600
0.001522	2.528000	1.601600
0.001523	2.528000	1.601600
0.001524	2.528000	1.601600
0.001525	2.528000	1.601200
0.001526	2.528000	1.601600
0.001527	2.528000	1.601200
0.001528	2.528000	1.601600
0.001529	2.528000	1.601600
0.001530	2.536000	1.601600
0.001531	2.528000	1.601600
0.001532	2.528000	1.601200
0.001533	2.528000	1.601600
0.001534	2.528000	1.601600
0.001535	2.528000	1.601200
0.001536	2.528000	1.601600
0.001537	2.528000	1.601200
0.001538	2.528000	1.601600
0.001539	2.528000	1.601600
0.001540	2.528000	1.601200
0.001541	2.528000	1.601600
0.001542	2.528000	1.601600
0.001543	2.528000	1.601200
0.001544	2.528000	1.601600
0.001545	2.528000	1.601200
0.001546	2.528000	1.601600
0.001547	2.528000	1.601200
0.001548	2.528000	1.601600
0.001549	2.528000	1.601200
0.001550	2.528000	1.601600
0.001551	2.528000	1.601200
0.001552	2.528000	1.601200
0.001553	2.528000	1.601600
0.001554	2.528000	1.601200
0.001555	2.528000	1.601200
0.001556	2.528000	1.601200
0.001557	2.528000	1.601200
0.001558	2.528000	1.601600
0.001559	2.528000	1.601200
0.001560	2.528000	1.601600
0.001561	2.528000	1.601600
0.001562	2.528000	1.601600
0.001563	2.528000	1.601600
0.001564	2.528000	1.601600
0.001565	2.528000	1.601600
0.001566	2.528000	1.601600
0.001567	2.528000	1.601200
0.001568	2.528000	1.601600
0.001569	2.528000	1.601200
0.001570	2.528000	1.601600
0.001571	2.528000	1.601600
0.001572	2.528000	1.601200
0.001573	2.528000	1.601600
0.001574	2.528000	1.601200
0.001575	2.528000	1.601200
0.001576	2.528000	1.601200
0.001577	2.528000	1.601200
0.001578	2.528000	1.601600
0.001579	2.528000	1.601200
0.001580	2.528000	1.601600
0.001581	2.528000	1.601600
0.001582	2.528000	1.601600
0.001583	2.528000	1.601600
0.001584	2.528000	1.601200
0.001585	2.528000	1.601200
0.001586	2.528000	1.601200
0.001587	2.528000	1.601600
0.001588	2.528000	1.601200
0.001589	2.528000	1.601200
0.001590	2.528000	1.601200
0.001591	2.528000	1.601200
0.001592	2.528000	1.601200
0.001593	2.528000	1.601200
0.001594	2.528000	1.601200
0.001595	2.528000	1.601600
0.001596	2.528000	1.601200
0.001597	2.528000	1.601200
0.001598	2.528000	1.601200
0.001599	2.528000	1.601200
0.001600	2.528000	1.601600
0.001601	2.528000	1.601600
0.001602	2.528000	1.601200
0.001603	2.528000	1.601600
0.001604	2.528000	1.601200
0.001605	2.528000	1.601600
0.001606	2.528000	1.601200
0.001607	2.528000	1.601200
0.001608	2.528000	1.601200
0.001609	2.528000	1.601200
0.001610	2.528000	1.601600
0.001611	2.528000	1.601200
0.001612	2.528000	1.601200
0.001613	2.528000	1.601200
0.001614	2.528000	1.601200
0.001615	2.528000	1.601600
0.001616	2.528000	1.601200
0.001617	2.528000	1.601200
0.001618	2.528000	1.601200
0.001619	2.528000	1.601200
0.001620	2.528000	1.601200
0.001621	2.528000	1.601200
0.001622	2.528000	1.601200
0.001623	2.528000	1.601200
0.001624	2.528000	1.601200
0.001625	2.520000	1.601200
0.001626	2.528000	1.601200
0.001627	2.528000	1.601200
0.001628	2.528000	1.601200
0.001629	2.528000	1.601200
0.001630	2.520000	1.601200
0.001631	2.528000	1.601200
0.001632	2.520000	1.601200
0.001633	2.520000	1.601600
0.001634	2.520000	1.601600
0.001635	2.520000	1.601600
0.001636	2.520000	1.601600
0.001637	2.520000	1.601200
0.001638	2.520000	1.601600
0.001639	2.520000	1.601200
0.001640	2.520000	1.601200
0.001641	2.520000	1.601200
0.001642	2.520000	1.601200
0.001643	2.520000	1.601200
0.001644	2.520000	1.601600
0.001645	2.520000	1.601200
0.001646	2.520000	1.601600
0.001647	2.520000	1.601200
0.001648	2.520000	1.601600
0.001649	2.520000	1.601600
0.001650	2.520000	1.601600
0.001651	2.520000	1.601600
0.001652	2.520000	1.601200
0.001653	2.520000	1.601200
0.001654	2.520000	1.601200
0.001655	2.520000	1.601200
0.001656	2.520000	1.601200
0.001657	2.520000	1.601200
0.001658	2.520000	1.601600
0.001659	2.520000	1.601600
0.001660	2.520000	1.601600
0.001661	2.520000	1.601600
0.001662	2.520000	1.601200
0.001663	2.520000	1.601600
0.001664	2.520000	1.601200
0.001665	2.520000	1.601600
0.001666	2.520000	1.601600
0.001667	2.520000	1.601600
0.001668	2.520000	1.601600
0.001669	2.520000	1.601600
0.001670	2.520000	1.601200
0.001671	2.520000	1.601200
0.001672	2.520000	1.601600
0.001673	2.520000	1.601600
0.001674	2.520000	1.601600
0.001675	2.520000	1.601600
0.001676	2.520000	1.601200
0.001677	2.520000	1.601600
0.001678	2.520000	1.601200
0.001679	2.520000	1.601200
0.001680	2.520000	1.601200
0.001681	2.520000	1.601200
0.001682	2.520000	1.601600
0.001683	2.520000	1.601200
0.001684	2.520000	1.601200
0.001685	2.520000	1.601200
0.001686	2.520000	1.601200
0.001687	2.520000	1.601600
0.001688	2.520000	1.601200
0.001689	2.520000	1.601200
0.001690	2.520000	1.601200
0.001691	2.520000	1.601200
0.001692	2.520000	1.601200
0.001693	2.520000	1.601200
0.001694	2.520000	1.601200
0.001695	2.520000	1.601200
0.001696	2.520000	1.601200
0.001697	2.520000	1.601600
0.001698	2.520000	1.601200
0.001699	2.520000	1.601200
0.001700	2.520000	1.601200
0.001701	2.520000	1.601600
0.001702	2.520000	1.601200
0.001703	2.520000	1.601600
0.001704	2.520000	1.601200
0.001705	2.520000	1.601200
0.001706	2.520000	1.601600
0.001707	2.520000	1.601200
0.001708	2.520000	1.601200
0.001709	2.520000	1.601600
0.001710	2.520000	1.601600
0.001711	2.512000	1.601600
0.001712	2.520000	1.601200
0.001713	2.520000	1.601200
0.001714	2.520000	1.601200
0.001715	2.512000	1.601600
0.001716	2.520000	1.601200
0.001717	2.520000	1.601200
0.001718	2.512000	1.601200
0.001719	2.520000	1.601200
0.001720	2.512000	1.601200
0.001721	2.512000	1.601200
0.001722	2.520000	1.601200
0.001723	2.512000	1.601200
0.001724	2.512000	1.601200
0.001725	2.512000	1.601200
0.001726	2.520000	1.601200
0.001727	2.512000	1.601200
0.001728	2.512000	1.601200
0.001729	2.520000	1.601200
0.001730	2.512000	1.601200
0.001731	2.512000	1.601200
0.001732	2.512000	1.601200
0.001733	2.512000	1.601200
0.001734	2.512000	1.601200
0.001735	2.512000	1.601200
0.001736	2.512000	1.601200
0.001737	2.512000	1.601200
0.001738	2.512000	1.601200
0.001739	2.512000	1.601200
0.001740	2.512000	1.601200
0.001741	2.512000	1.601200
0.001742	2.512000	1.601200
0.001743	2.512000	1.601200
0.001744	2.512000	1.601200
0.001745	2.512000	1.601200
0.001746	2.512000	1.601200
0.001747	2.512000	1.601200
0.001748	2.512000	1.601200
0.001749	2.512000	1.601200
0.001750	2.512000	1.601200
0.001751	2.512000	1.601200
0.001752	2.512000	1.601200
0.001753	2.512000	1.601200
0.001754	2.512000	1.601200
0.001755	2.512000	1.601200
0.001756	2.512000	1.601200
0.001757	2.512000	1.601200
0.001758	2.512000	1.601200
0.001759	2.512000	1.601600
0.001760	2.512000	1.601200
0.001761	2.512000	1.601200
0.001762	2.512000	1.601200
0.001763	2.512000	1.601200
0.001764	2.512000	1.601200
0.001765	2.512000	1.601200
0.001766	2.512000	1.601200
0.001767	2.512000	1.601200
0.001768	2.512000	1.601200
0.001769	2.512000	1.601200
0.001770	2.512000	1.601200
0.001771	2.512000	1.601200
0.001772	2.512000	1.601200
0.001773	2.512000	1.601200
0.001774	2.512000	1.601200
0.001775	2.512000	1.601200
0.001776	2.512000	1.601200
0.001777	2.512000	1.601200
0.001778	2.512000	1.601200
0.001779	2.512000	1.601200
0.001780	2.512000	1.601200
0.001781	2.512000	1.601200
0.001782	2.512000	1.601200
0.001783	2.512000	1.601200
0.001784	2.512000	1.601200
0.001785	2.512000	1.601200
0.001786	2.512000	1.601200
0.001787	2.512000	1.601200
0.001788	2.512000	1.601200
0.001789	2.512000	1.601200
0.001790	2.512000	1.601200
0.001791	2.512000	1.601200
0.001792	2.512000	1.601200
0.001793	2.512000	1.601200
0.001794	2.512000	1.601200
0.001795	2.512000	1.601200
0.001796	2.512000	1.601200
0.001797	2.512000	1.601200
0.001798	2.512000	1.601200
0.001799	2.512000	1.601200
0.001800	2.512000	1.601200
0.001801	2.504000	1.601200
0.001802	2.512000	1.601200
0.001803	2.512000	1.601200
0.001804	2.512000	1.601200
0.001805	2.512000	1.601200
0.001806	2.512000	1.601200
0.001807	2.504000	1.601200
0.001808	2.512000	1.601200
0.001809	2.504000	1.601200
0.001810	2.504000	1.601200
0.001811	2.512000	1.601200
0.001812	2.512000	1.601200
0.001813	2.504000	1.601200
0.001814	2.512000	1.601200
0.001815	2.504000	1.601200
0.001816	2.512000	1.601200
0.001817	2.504000	1.601200
0.001818	2.504000	1.601200
0.001819	2.512000	1.601200
0.001820	2.504000	1.601200
0.001821	2.512000	1.601200
0.001822	2.504000	1.601200
0.001823	2.504000	1.601200
0.001824	2.512000	1.601200
0.001825	2.512000	1.601200
0.001826	2.512000	1.601200
0.001827	2.504000	1.601200
0.001828	2.504000	1.601200
0.001829	2.504000	1.601200
0.001830	2.504000	1.601200
0.001831	2.504000	1.601200
0.001832	2.504000	1.601200
0.001833	2.504000	1.601200
0.001834	2.504000	1.601200
0.001835	2.504000	1.601200
0.001836	2.504000	1.601200
0.001837	2.504000	1.601200
0.001838	2.504000	1.601200
0.001839	2.504000	1.601200
0.001840	2.504000	1.601200
0.001841	2.504000	1.600800
0.001842	2.504000	1.600800
0.001843	2.504000	1.601200
0.001844	2.504000	1.601200
0.001845	2.504000	1.601200
0.001846	2.504000	1.601200
0.001847	2.504000	1.601200
0.001848	2.504000	1.601200
0.001849	2.504000	1.601200
0.001850	2.504000	1.601200
0.001851	2.504000	1.601200
0.001852	2.504000	1.601200
0.001853	2.504000	1.601200
0.001854	2.504000	1.601200
0.001855	2.504000	1.601200
0.001856	2.504000	1.601200
0.001857	2.504000	1.601200
0.001858	2.504000	1.601200
0.001859	2.504000	1.601200
0.001860	2.504000	1.601200
0.001861	2.504000	1.601200
0.001862	2.504000	1.601200
0.001863	2.504000	1.601200
0.001864	2.504000	1.601200
0.001865	2.504000	1.601200
0.001866	2.504000	1.601200
0.001867	2.504000	1.601200
0.001868	2.504000	1.601200
0.001869	2.504000	1.600800
0.001870	2.504000	1.600800
0.001871	2.504000	1.600800
0.001872	2.504000	1.601200
0.001873	2.504000	1.601200
0.001874	2.504000	1.601200
0.001875	2.504000	1.601200
0.001876	2.504000	1.601200
0.001877	2.504000	1.601200
0.001878	2.504000	1.601200
0.001879	2.504000	1.601200
0.001880	2.504000	1.601200
0.001881	2.504000	1.601200
0.001882	2.504000	1.601200
0.001883	2.504000	1.601200
0.001884	2.504000	1.601200
0.001885	2.504000	1.601200
0.001886	2.504000	1.601200
0.001887	2.504000	1.601200
0.001888	2.504000	1.601200
0.001889	2.504000	1.601200
0.001890	2.504000	1.601200
0.001891	2.504000	1.601200
0.001892	2.504000	1.601200
0.001893	2.504000	1.601200
0.001894	2.504000	1.600800
0.001895	2.504000	1.600800
0.001896	2.504000	1.601200
0.001897	2.504000	1.600800
0.001898	2.504000	1.601200
0.001899	2.504000	1.601200
0.001900	2.504000	1.601200
0.001901	2.504000	1.600800
0.001902	2.504000	1.600800
0.001903	2.504000	1.601200
0.001904	2.504000	1.601200
0.001905	2.504000	1.601200
0.001906	2.504000	1.600800
0.001907	2.504000	1.600800
0.001908	2.504000	1.600800
0.001909	2.504000	1.601200
0.001910	2.504000	1.600800
0.001911	2.504000	1.601200
0.001912	2.504000	1.600800
0.001913	2.504000	1.600800
0.001914	2.504000	1.600800
0.001915	2.504000	1.600800
0.001916	2.504000	1.600800
0.001917	2.504000	1.601200
0.001918	2.504000	1.600800
0.001919	2.504000	1.601200
0.001920	2.504000	1.601200
0.001921	2.504000	1.600800
0.001922	2.504000	1.600800
0.001923	2.504000	1.600800
0.001924	2.504000	1.600800
0.001925	2.504000	1.600800
0.001926	2.504000	1.601200
0.001927	2.504000	1.601200
0.001928	2.504000	1.600800
0.001929	2.496000	1.600800
0.001930	2.504000	1.600800
0.001931	2.496000	1.600800
0.001932	2.496000	1.600800
0.001933	2.504000	1.600800
0.001934	2.496000	1.600800
0.001935	2.504000	1.600800
0.001936	2.496000	1.600800
0.001937	2.496000	1.600800
0.001938	2.496000	1.600800
0.001939	2.496000	1.600800
0.001940	2.496000	1.600800
0.001941	2.496000	1.600800
0.001942	2.496000	1.600800
0.001943	2.496000	1.601200
0.001944	2.496000	1.600800
0.001945	2.496000	1.600800
0.001946	2.504000	1.600800
0.001947	2.496000	1.600800
0.001948	2.504000	1.600800
0.001949	2.496000	1.600800
0.001950	2.496000	1.600800
0.001951	2.496000	1.600800
0.001952	2.496000	1.600800
0.001953	2.496000	1.600800
0.001954	2.496000	1.600800
0.001955	2.496000	1.600800
0.001956	2.496000	1.600800
0.001957	2.504000	1.600800
0.001958	2.496000	1.600800
0.001959	2.496000	1.600800
0.001960	2.496000	1.600800
0.001961	2.496000	1.600800
0.001962	2.496000	1.600800
0.001963	2.496000	1.600800
0.001964	2.496000	1.600800
0.001965	2.496000	1.600800
0.001966	2.496000	1.600800
0.001967	2.496000	1.600800
0.001968	2.496000	1.600800
0.001969	2.496000	1.600800
0.001970	2.496000	1.600800
0.001971	2.496000	1.600800
0.001972	2.496000	1.600800
0.001973	2.496000	1.600800
0.001974	2.496000	1.600800
0.001975	2.496000	1.600800
0.001976	2.496000	1.600800
0.001977	2.496000	1.600800
0.001978	2.496000	1.600800
0.001979	2.496000	1.600800
0.001980	2.496000	1.600800
0.001981	2.496000	1.600800
0.001982	2.496000	1.600800
0.001983	2.496000	1.600800
0.001984	2.496000	1.600800
0.001985	2.496000	1.600400
0.001986	2.496000	1.600800
0.001987	2.496000	1.600800
0.001988	2.496000	1.600800
0.001989	2.496000	1.600800
0.001990	2.496000	1.600800
0.001991	2.496000	1.600800
0.001992	2.496000	1.600800
0.001993	2.496000	1.600800
0.001994	2.496000	1.600800
0.001995	2.496000	1.600800
0.001996	2.496000	1.600800
0.001997	2.496000	1.600800
0.001998	2.496000	1.600800
0.001999	2.496000	1.600800
0.002000	2.496000	1.600800
0.002001	2.496000	1.600800
0.002002	2.496000	1.600800
0.002003	2.496000	1.600800
0.002004	2.496000	1.600800
0.002005	2.496000	1.600400
0.002006	2.496000	1.600400
0.002007	2.496000	1.600800
0.002008	2.496000	1.600400
0.002009	2.496000	1.600400
0.002010	2.496000	1.600800
0.002011	2.496000	1.600400
0.002012	2.488000	1.600800
0.002013	2.496000	1.600800
0.002014	2.496000	1.600400
0.002015	2.488000	1.600800
0.002016	2.496000	1.600400
0.002017	2.496000	1.600800
0.002018	2.496000	1.600400
0.002019	2.488000	1.600800
0.002020	2.488000	1.600800
0.002021	2.496000	1.600800
0.002022	2.496000	1.600400
0.002023	2.496000	1.600400
0.002024	2.496000	1.600400
0.002025	2.488000	1.600400
0.002026	2.496000	1.600400
0.002027	2.496000	1.600400
0.002028	2.496000	1.600400
0.002029	2.488000	1.600400
0.002030	2.496000	1.600800
0.002031	2.496000	1.600400
0.002032	2.496000	1.600800
0.002033	2.496000	1.600400
0.002034	2.496000	1.600400
0.002035	2.488000	1.600400
0.002036	2.488000	1.600800
0.002037	2.488000	1.600400
0.002038	2.488000	1.600400
0.002039	2.496000	1.600400
0.002040	2.488000	1.600400
0.002041	2.488000	1.600400
0.002042	2.488000	1.600400
0.002043	2.488000	1.600400
0.002044	2.488000	1.600400
0.002045	2.488000	1.600400
0.002046	2.496000	1.600400
0.002047	2.488000	1.600400
0.002048	2.488000	1.600400
0.002049	2.488000	1.600000
0.002050	2.488000	1.600400
0.002051	2.488000	1.600400
0.002052	2.488000	1.600400
0.002053	2.488000	1.600000
0.002054	2.488000	1.600400
0.002055	2.488000	1.600000
0.002056	2.488000	1.600400
0.002057	2.488000	1.600400
0.002058	2.488000	1.600400
0.002059	2.488000	1.600000
0.002060	2.488000	1.600400
0.002061	2.488000	1.600000
0.002062	2.488000	1.600400
0.002063	2.488000	1.600000
0.002064	2.488000	1.600000
0.002065	2.488000	1.600000
0.002066	2.488000	1.600400
0.002067	2.488000	1.600400
0.002068	2.488000	1.600400
0.002069	2.488000	1.600400
0.002070	2.488000	1.600000
0.002071	2.488000	1.600000
0.002072	2.488000	1.600000
0.002073	2.488000	1.600000
0.002074	2.488000	1.600000
0.002075	2.488000	1.600000
0.002076	2.488000	1.600000
0.002077	2.488000	1.600000
0.002078	2.488000	1.600400
0.002079	2.488000	1.600000
0.002080	2.488000	1.600000
0.002081	2.488000	1.600400
0.002082	2.488000	1.600000
0.002083	2.488000	1.600000
0.002084	2.488000	1.600000
0.002085	2.488000	1.600000
0.002086	2.488000	1.600000
0.002087	2.488000	1.600000
0.002088	2.488000	1.600400
0.002089	2.488000	1.600000
0.002090	2.488000	1.600000
0.002091	2.488000	1.600000
0.002092	2.488000	1.600000
0.002093	2.488000	1.600000
0.002094	2.488000	1.599600
0.002095	2.488000	1.600000
0.002096	2.488000	1.600000
0.002097	2.488000	1.599600
0.002098	2.488000	1.600000
0.002099	2.488000	1.599600
0.002100	2.488000	1.600000
0.002101	2.488000	1.599600
0.002102	2.488000	1.600000
0.002103	2.488000	1.599600
0.002104	2.488000	1.599600
0.002105	2.488000	1.599600
0.002106	2.488000	1.599600
0.002107	2.488000	1.599600
0.002108	2.488000	1.599600
0.002109	2.488000	1.599600
0.002110	2.488000	1.599600
0.002111	2.488000	1.599600
0.002112	2.488000	1.599600
0.002113	2.488000	1.599600
0.002114	2.488000	1.599600
0.002115	2.488000	1.599600
0.002116	2.488000	1.599600
0.002117	2.480000	1.599600
0.002118	2.488000	1.599600
0.002119	2.488000	1.599600
0.002120	2.488000	1.599600
0.002121	2.488000	1.599600
0.002122	2.488000	1.599600
0.002123	2.488000	1.599600
0.002124	2.488000	1.599600
0.002125	2.488000	1.599600
0.002126	2.488000	1.599600
0.002127	2.488000	1.599600
0.002128	2.488000	1.599200
0.002129	2.488000	1.599200
0.002130	2.488000	1.599200
0.002131	2.488000	1.599600
0.002132	2.488000	1.599600
0.002133	2.488000	1.599600
0.002134	2.488000	1.599200
0.002135	2.480000	1.599200
0.002136	2.488000	1.599200
0.002137	2.480000	1.599600
0.002138	2.488000	1.599200
0.002139	2.488000	1.599200
0.002140	2.488000	1.599200
0.002141	2.488000	1.599200
0.002142	2.488000	1.599200
0.002143	2.488000	1.599200
0.002144	2.480000	1.599200
0.002145	2.480000	1.599200
0.002146	2.480000	1.599200
0.002147	2.480000	1.599200
0.002148	2.488000	1.599200
0.002149	2.480000	1.599200
0.002150	2.488000	1.599200
0.002151	2.488000	1.599200
0.002152	2.480000	1.598800
0.002153	2.480000	1.599200
0.002154	2.480000	1.599200
0.002155	2.480000	1.598800
0.002156	2.480000	1.598800
0.002157	2.480000	1.598800
0.002158	2.480000	1.598800
0.002159	2.480000	1.598800
0.002160	2.480000	1.598800
0.002161	2.480000	1.598800
0.002162	2.488000	1.598800
0.002163	2.480000	1.598800
0.002164	2.480000	1.598800
0.002165	2.480000	1.598800
0.002166	2.480000	1.598400
0.002167	2.480000	1.598400
0.002168	2.480000	1.598400
0.002169	2.480000	1.598400
0.002170	2.480000	1.598400
0.002171	2.480000	1.598400
0.002172	2.480000	1.598400
0.002173	2.480000	1.598400
0.002174	2.480000	1.598400
0.002175	2.480000	1.598400
0.002176	2.480000	1.598400
0.002177	2.480000	1.598400
0.002178	2.480000	1.598400
0.002179	2.480000	1.598400
0.002180	2.480000	1.598000
0.002181	2.480000	1.598400
0.002182	2.480000	1.598400
0.002183	2.480000	1.598400
0.002184	2.480000	1.598000
0.002185	2.480000	1.598000
0.002186	2.480000	1.598000
0.002187	2.480000	1.598000
0.002188	2.480000	1.598000
0.002189	2.480000	1.598000
0.002190	2.480000	1.598000
0.002191	2.480000	1.598000
0.002192	2.480000	1.598000
0.002193	2.480000	1.598000
0.002194	2.480000	1.598000
0.002195	2.480000	1.598000
0.002196	2.480000	1.598000
0.002197	2.480000	1.597600
0.002198	2.480000	1.597600
0.002199	2.480000	1.597600
0.002200	2.480000	1.597600
0.002201	2.480000	1.597600
0.002202	2.480000	1.597600
0.002203	2.480000	1.597600
0.002204	2.480000	1.597600
0.002205	2.480000	1.597600
0.002206	2.480000	1.597600
0.002207	2.480000	1.597200
0.002208	2.480000	1.597200
0.002209	2.480000	1.597200
0.002210	2.480000	1.597200
0.002211	2.480000	1.597200
0.002212	2.480000	1.597200
0.002213	2.480000	1.597200
0.002214	2.480000	1.597200
0.002215	2.480000	1.597200
0.002216	2.480000	1.597200
0.002217	2.480000	1.597200
0.002218	2.480000	1.597200
0.002219	2.480000	1.596800
0.002220	2.480000	1.596800
0.002221	2.480000	1.596800
0.002222	2.480000	1.596800
0.002223	2.480000	1.596400
0.002224	2.480000	1.596800
0.002225	2.480000	1.596400
0.002226	2.480000	1.596400
0.002227	2.480000	1.596400
0.002228	2.480000	1.596400
0.002229	2.480000	1.596400
0.002230	2.480000	1.596400
0.002231	2.480000	1.596400
0.002232	2.480000	1.596000
0.002233	2.480000	1.596400
0.002234	2.480000	1.596000
0.002235	2.480000	1.596000
0.002236	2.480000	1.596000
0.002237	2.480000	1.596000
0.002238	2.480000	1.596000
0.002239	2.480000	1.595600
0.002240	2.480000	1.596000
0.002241	2.480000	1.595600
0.002242	2.480000	1.595600
0.002243	2.480000	1.595600
0.002244	2.480000	1.595600
0.002245	2.480000	1.595200
0.002246	2.472000	1.595600
0.002247	2.480000	1.595600
0.002248	2.480000	1.595200
0.002249	2.480000	1.595600
0.002250	2.480000	1.595200
0.002251	2.472000	1.595200
0.002252	2.472000	1.594800
0.002253	2.480000	1.595200
0.002254	2.472000	1.594800
0.002255	2.480000	1.594800
0.002256	2.480000	1.594800
0.002257	2.480000	1.594800
0.002258	2.480000	1.594800
0.002259	2.480000	1.594800
0.002260	2.480000	1.594400
0.002261	2.480000	1.594400
0.002262	2.480000	1.594400
0.002263	2.472000	1.594400
0.002264	2.480000	1.594400
0.002265	2.480000	1.594000
0.002266	2.480000	1.594000
0.002267	2.472000	1.594000
0.002268	2.480000	1.594000
0.002269	2.472000	1.594000
0.002270	2.480000	1.593600
0.002271	2.472000	1.593600
0.002272	2.472000	1.593600
0.002273	2.472000	1.593600
0.002274	2.480000	1.593200
0.002275	2.472000	1.593200
0.002276	2.472000	1.593200
0.002277	2.472000	1.593200
0.002278	2.472000	1.592800
0.002279	2.472000	1.592800
0.002280	2.472000	1.592800
0.002281	2.472000	1.592800
0.002282	2.472000	1.592400
0.002283	2.480000	1.592400
0.002284	2.472000	1.592400
0.002285	2.472000	1.592400
0.002286	2.472000	1.592000
0.002287	2.472000	1.592000
0.002288	2.472000	1.592000
0.002289	2.472000	1.591600
0.002290	2.472000	1.591600
0.002291	2.472000	1.591600
0.002292	2.472000	1.591600
0.002293	2.472000	1.591200
0.002294	2.472000	1.591200
0.002295	2.472000	1.591200
0.002296	2.472000	1.591200
0.002297	2.472000	1.591200
0.002298	2.472000	1.590800
0.002299	2.472000	1.590800
0.002300	2.472000	1.590800
0.002301	2.472000	1.590400
0.002302	2.472000	1.590400
0.002303	2.472000	1.590400
0.002304	2.472000	1.590000
0.002305	2.472000	1.589600
0.002306	2.472000	1.589600
0.002307	2.472000	1.589600
0.002308	2.472000	1.589600
0.002309	2.472000	1.589200
0.002310	2.472000	1.589200
0.002311	2.472000	1.589200
0.002312	2.472000	1.589200
0.002313	2.472000	1.588800
0.002314	2.472000	1.588800
0.002315	2.472000	1.588800
0.002316	2.472000	1.588400
0.002317	2.472000	1.588400
0.002318	2.472000	1.588000
0.002319	2.472000	1.588000
0.002320	2.472000	1.588000
0.002321	2.472000	1.587600
0.002322	2.472000	1.587600
0.002323	2.472000	1.587600
0.002324	2.472000	1.587200
0.002325	2.472000	1.587200
0.002326	2.472000	1.587200
0.002327	2.472000	1.586800
0.002328	2.472000	1.586800
0.002329	2.472000	1.586400
0.002330	2.472000	1.586400
0.002331	2.472000	1.586400
0.002332	2.472000	1.586000
0.002333	2.472000	1.585600
0.002334	2.472000	1.586000
0.002335	2.472000	1.586000
0.002336	2.472000	1.585200
0.002337	2.472000	1.585200
0.002338	2.472000	1.585200
0.002339	2.472000	1.584800
0.002340	2.472000	1.584800
0.002341	2.472000	1.584400
0.002342	2.472000	1.584400
0.002343	2.472000	1.584400
0.002344	2.472000	1.584000
0.002345	2.472000	1.584000
0.002346	2.472000	1.583600
0.002347	2.472000	1.583600
0.002348	2.472000	1.583200
0.002349	2.472000	1.583200
0.002350	2.472000	1.582800
0.002351	2.472000	1.582800
0.002352	2.472000	1.582400
0.002353	2.472000	1.582400
0.002354	2.472000	1.582000
0.002355	2.472000	1.582000
0.002356	2.472000	1.581600
0.002357	2.472000	1.581600
0.002358	2.472000	1.581600
0.002359	2.472000	1.581200
0.002360	2.472000	1.581200
0.002361	2.472000	1.580800
0.002362	2.472000	1.580800
0.002363	2.472000	1.580400
0.002364	2.472000	1.580400
0.002365	2.472000	1.580000
0.002366	2.472000	1.580000
0.002367	2.472000	1.579600
0.002368	2.472000	1.579600
0.002369	2.472000	1.579200
0.002370	2.472000	1.579200
0.002371	2.472000	1.578800
0.002372	2.472000	1.578800
0.002373	2.472000	1.578400
0.002374	2.472000	1.578400
0.002375	2.472000	1.578400
0.002376	2.472000	1.578000
0.002377	2.472000	1.577600
0.002378	2.472000	1.577600
0.002379	2.472000	1.577600
0.002380	2.472000	1.577200
0.002381	2.472000	1.577200
0.002382	2.472000	1.576800
0.002383	2.472000	1.576400
0.002384	2.472000	1.576400
0.002385	2.472000	1.576000
0.002386	2.472000	1.576000
0.002387	2.472000	1.575600
0.002388	2.472000	1.575600
0.002389	2.472000	1.575600
0.002390	2.472000	1.575200
0.002391	2.472000	1.574800
0.002392	2.472000	1.574800
0.002393	2.472000	1.574400
0.002394	2.472000	1.574400
0.002395	2.472000	1.574000
0.002396	2.472000	1.574000
0.002397	2.472000	1.573600
0.002398	2.472000	1.573200
0.002399	2.472000	1.573600
0.002400	2.472000	1.573200
0.002401	2.472000	1.573200
0.002402	2.472000	1.572800
0.002403	2.472000	1.572800
0.002404	2.464000	1.572400
0.002405	2.472000	1.572000
0.002406	2.472000	1.572000
0.002407	2.464000	1.571600
0.002408	2.472000	1.571600
0.002409	2.464000	1.571600
0.002410	2.472000	1.571200
0.002411	2.464000	1.571200
0.002412	2.472000	1.570800
0.002413	2.472000	1.570800
0.002414	2.472000	1.570400
0.002415	2.472000	1.570400
0.002416	2.472000	1.570000
0.002417	2.472000	1.570000
0.002418	2.472000	1.569600
0.002419	2.464000	1.569600
0.002420	2.464000	1.569200
0.002421	2.464000	1.569200
0.002422	2.472000	1.568800
0.002423	2.464000	1.568800
0.002424	2.472000	1.568800
0.002425	2.464000	1.568400
0.002426	2.464000	1.568400
0.002427	2.464000	1.568000
0.002428	2.472000	1.568000
0.002429	2.472000	1.567600
0.002430	2.464000	1.567600
0.002431	2.472000	1.567600
0.002432	2.464000	1.567200
0.002433	2.472000	1.567200
0.002434	2.464000	1.567200
0.002435	2.464000	1.566800
0.002436	2.464000	1.566800
0.002437	2.464000	1.566400
0.002438	2.464000	1.566400
0.002439	2.464000	1.566400
0.002440	2.464000	1.566000
0.002441	2.464000	1.566000
0.002442	2.464000	1.565600
0.002443	2.472000	1.565600
0.002444	2.464000	1.565200
0.002445	2.464000	1.565200
0.002446	2.464000	1.565200
0.002447	2.464000	1.564800
0.002448	2.464000	1.564800
0.002449	2.464000	1.564800
0.002450	2.464000	1.564800
0.002451	2.464000	1.564400
0.002452	2.464000	1.564400
0.002453	2.464000	1.564000
0.002454	2.464000	1.564000
0.002455	2.464000	1.564000
0.002456	2.464000	1.563600
0.002457	2.464000	1.564000
0.002458	2.464000	1.563600
0.002459	2.464000	1.563600
0.002460	2.464000	1.563200
0.002461	2.464000	1.563200
0.002462	2.464000	1.563200
0.002463	2.464000	1.563200
0.002464	2.464000	1.562800
0.002465	2.464000	1.562800
0.002466	2.464000	1.562800
0.002467	2.464000	1.562800
0.002468	2.464000	1.562400
0.002469	2.464000	1.562400
0.002470	2.464000	1.562400
0.002471	2.464000	1.562000
0.002472	2.464000	1.562000
0.002473	2.464000	1.562000
0.002474	2.464000	1.562000
0.002475	2.464000	1.562000
0.002476	2.464000	1.561600
0.002477	2.464000	1.561600
0.002478	2.464000	1.561600
0.002479	2.464000	1.561200
0.002480	2.464000	1.561200
0.002481	2.464000	1.561600
0.002482	2.464000	1.561200
0.002483	2.464000	1.561200
0.002484	2.464000	1.561200
0.002485	2.464000	1.560800
0.002486	2.464000	1.561200
0.002487	2.464000	1.560800
0.002488	2.464000	1.560800
0.002489	2.464000	1.560800
0.002490	2.464000	1.560800
0.002491	2.464000	1.560800
0.002492	2.464000	1.560400
0.002493	2.464000	1.560400
0.002494	2.464000	1.560400
0.002495	2.464000	1.560400
0.002496	2.464000	1.560400
0.002497	2.464000	1.560000
0.002498	2.464000	1.560000
0.002499	2.464000	1.560000
